75
11.868581083583308100060094147921	8.926234958917401485223308554851
17.611300298307625666893727611750	8.078949814031231468902660708409
5.840105349124915967706783703761	10.420658524767878461148029600736
5.335058780395493194248501822585	7.741885931789726171814436384011
9.989978794202135858881774765905	7.739965006548362502769577986328
8.832349276747908817242205259390	7.663058560802527452437971078325
11.376273135296250060832790040877	8.623632888517651196025326498784
11.815822034146634678108966909349	11.066002870825036197288682160433
9.497428598911650254876803955995	11.392919188507306671453989110887
11.590904355436643768939575238619	10.690346957391456683694741514046
9.176443686544942579530470538884	8.556250792715927033782463695388
4.597694817984541160171829687897	12.061262180895212736686517018825
12.654732975066821154541685245931	13.856325153275417250142709235661
9.517920112951534505896233895328	9.848383502019558477513783145696
9.793317513467972190710497670807	15.375934547611496583385815029033
12.927776372048857211893846397288	8.352132206065933317518101830501
11.786748073573187767237868683878	9.278568402138660076161613687873
5.126506607308902729869259928819	11.504530273556925479283563618083
7.955363716082077374380787659902	10.828818066796115360261865134817
13.363943078511987039291852852330	6.351240414740342288268948323093
10.194914957950839351497052120976	9.355152870173668588904547505081
8.207651164011739552961444132961	14.492727829045284337894372583833
4.752483197394511194033839274198	12.271434984341459184520317649003
13.375946262786218454721165471710	6.968834624152077772407665179344
10.648147363560168443541442684364	13.593927052011990141977548773866
8.725022282855789512723276857287	3.351964969345808675882381066913
12.456383955884213321496645221487	15.064992934765804477592610055581
13.517639276957009286661559599452	8.449853545605989779687661211938
12.256486217116641768143381341361	9.309687047805164539227007480804
6.130423784074280568745507480344	6.852152970669784792789869243279
9.650977135816429353099010768346	4.891116849650583020547855994664
5.767298961042323313108681759331	13.227484342533408323561161523685
10.898793310156186464610073016956	12.350275807808477779303757415619
9.662250804293119443855175632052	12.816690210811229277965139772277
9.120816489835501528204986243509	5.576639970829229575599583768053
5.616817660212438667599599284586	11.185138335593904912457219325006
14.971922846063261403060096199624	6.020571840107025174404498102376
12.695979521824463986945374927018	11.383822486669023632543940038886
6.481475698669498797244159504771	7.019730157910617052152701944578
13.542667178135362249236095522065	11.854746290102925243559184309561
16.465783699495453618055762490258	12.533165513574651583894592477009
9.231884696390022071454950491898	14.042404781888077280882498598658
8.532710796559495491919733467512	8.523260880166409592106901982334
10.819968370567028870254944195040	15.896534532601233280502128764056
12.620905644428274783308552287053	10.006636360071723856890457682312
11.641147256165996992649525054730	13.145700825004960066166859178338
11.775623958903628007988118042704	12.817980948369543270359827147331
8.955848049898866847229328413960	13.088626131540070929304420133121
7.831554601126461179205762164202	7.923416291184787851875626074616
13.504005807063748534346814267337	7.545710238428424254664150794270
5.140515161981181080363967339508	6.643584879134033727154928783420
12.220074986731189525812624196988	11.453106970603647241091493924614
8.871172808458178238311120367143	12.023270611481098768535957788117
7.896472413097002096549203997711	6.824689350374768537221825681627
10.831448567506578584129783848766	8.772152477607640719270420959219
6.049968552263730536822095018579	13.496688520367602137639551074244
11.860407331816604781238311261404	12.637814876280836884347991144750
7.440697855485094436289728037082	7.928292218645006883548376208637
16.706868501584416719651926541701	8.014998801398601102619068115018
7.396325823794247078524222160922	10.344558055270164587113868037704
12.707016142246509105007135076448	5.421829110435215426377908443101
8.975845669397976678283157525584	11.592539060771819947603944456205
7.509607297313020346507528302027	4.731164403671884954860615835059
7.348710955486124518643009650987	7.155163376705990785353606042918
14.781030441559602550682939181570	9.031306664204603151802075444721
7.841847490673695908469653659267	14.383071939806267636186021263711
6.072697087416711880791808653157	11.092938033542131037734179699328
8.402578980608904402060943539254	4.947004075360998953669877664652
16.837399425553925880194583442062	11.840272651188158192780974786729
12.845237228933919837459143309388	10.443847769542133008258133486379
14.980546507968456992898609314580	6.155482396408652689956397807691
2.733976748278172941297725628829	10.719116922663939561743973172270
12.854440562821217497457837453112	10.489122651720162338051522965543
5.697055725410644200223941879813	6.780201623567125857050541526405
12.339516305998074585659196600318	8.404902600471473306242842227221
7.061683197618632057412924041273	16.124174720743411626244778744876
7.779676248675165162183020584052	9.784193518287754187667815131135
10.169362844222378683411989186425	5.647160177578613549087549472461
8.349178318826254496798355830833	12.769071365858245314939267700538
15.321553185005152286635166092310	12.159843641799055191654588270467
9.594291828061361826485153869726	9.755260310820236924200798966922
12.675308111519990816873360017780	12.236775856897544656476384261623
8.998898512448549880105019838084	9.224314105511895789391019206960
4.790569939258155329753208206967	10.689777340527028215433347213548
11.418124703827645660680900618900	12.337736988507316482355236075819
10.206552484917100542816115194000	10.559334715206560417755099479109
14.317847695755748560486608766951	8.302887998516849776819981343579
10.161258089551912675574385502841	13.384005529853370219939279195387
6.443753251636638701427273190347	7.255500532073020814038954995340
10.210367914548919898720669152681	8.829342321689916062155134568457
9.943200487337668036502691393252	12.945307373638511805324924353044
8.409963617378437561455939430743	9.016828358587789082889685232658
14.751915800693053526515541307162	10.951155343831706190371733100619
8.123802077308322822091213311069	9.668457791135468326615409750957
9.229851346150150348535134980921	7.920974166636925772877475537825
16.441118938922961945081624435261	12.427472134268347403462939837482
10.843252685498260490248867426999	11.014867885620096998877670557704
15.237523286310995729309070156887	6.820809215542730008507987804478
4.187192666631412762967556773219	11.277387033115449099796023801900
13.608645239870476473242888459936	8.274829238364892702861652651336
7.583483937668010099741877638735	13.696723419593309856168161786627
12.241308639258646095981930557173	7.907045427280558591576209437335
3.521435233861586411308053357061	8.099987378269283055942651117221
13.750513767647756679934900603257	2.030535386541436171370378360734
11.325259951208641595599146967288	6.852852971599168618865860480582
9.715876221151923175511910812929	8.499979670517497254422778496519
9.370182078321597884951188461855	11.087426799291554502246981428470
5.704693781602852453715968295000	11.810205164653329035218121134676
9.905841849664644982453864940908	7.149098266863784800762005033903
9.146084935756860545552626717836	12.906890603751660862030803400557
12.907167486549274926233010774013	11.359051946187939563515101326630
8.186125808747441112700471421704	10.194116896142418227100279182196
5.306228940606173338778717152309	9.258182824002430422183351765852
12.606463713933482750917391967960	7.811408332061300363591271889163
8.945378120369763763619630481116	8.055305717316493030466517666355
7.059388308030301040219001151854	6.036992926102603185256612050580
8.180653263178333745031522994395	7.997459995675585631147441745270
6.879537756762870159832345962059	18.604555733329419808796956203878
12.339213349340157677147544745822	10.237908666088902265300930594094
7.547132526942867514208046486601	13.994855268743362941563646018039
8.715019882165437437038235657383	0.957873771869888201990761444904
12.457829161926909478097513783723	6.722029179199422443957701034378
9.605293792531824692559894174337	7.915156444534774848875713360030
12.659064058994712098638046882115	12.754715672502232592933069099672
9.965610014017338258440759091172	14.321159935729127710146713070571
11.784813920799184217003130470403	12.346580828522611739117564866319
10.019128586057712837487088108901	11.610411388564212842311462736689
16.870131563096542492985463468358	10.500738502679705987929992261343
9.481065727296467571250104811043	11.518424461393948377008200623095
11.118617216804535630103600851726	11.979102320442093443375597416889
8.149297307290225944598205387592	10.115712154668747402297412918415
8.288561523938721364856974105351	4.970793151308770418950189196039
4.117300084182978103797267976915	14.206226831313639280551797128282
10.099944625361702676968889136333	10.857893696020852303263382054865
7.550343086041766405003272666363	7.251908956682413531780184712261
9.934622786243753722601468325593	14.312721231192858439840165374335
7.109863322493250592515323660336	14.694344409848278942831711901817
8.772797596186832080888962082099	11.184732023395117295194722828455
11.906593734616535584791563451290	5.628077230681606479834044876043
17.182378563688061490211111959070	12.457185651707938234267203370109
9.692331182700836933463506284170	5.604345215067791485807902063243
7.461752951321916071947271120735	9.002330799524843385484018654097
5.719865629370900705907843075693	7.469282693233170178359614510555
10.234168391031325029416620964184	8.468143248789662180797677137889
11.882661996853963515263785666320	7.020205915994999656959407730028
7.262547653799373392757843248546	12.259017240494335609923837182578
13.183586952599428698817973781843	15.630146452584028793353354558349
9.384612778129710619623438105918	2.652960193548954404008100027568
13.342711932336461799764038005378	9.413262405128888232752615294885
14.149791790675347868955213925801	11.737747209192708197633692179807
9.097087805892851264388809795491	9.687401024004534733080618025269
6.695479120665109640242462774040	11.517978476396578457752184476703
10.539787050572915205748358857818	10.253140731338396207661389780696
6.389903047517071499328267236706	5.157091663792862767934366274858
8.766979013770674455940934421960	10.354115631493179705557849956676
9.439714405117884510332260106225	12.502881549678896533350780373439
9.070114338608982862410812231246	7.801150552458522291487952315947
3.989092737554329026750110642752	9.495857728151143817285628756508
13.793849677647809670588685548864	12.565146067385413175543362740427
4.533435355078032635844920150703	11.931073766960047066731931408867
14.423255239746850975279812701046	10.067334697637326357266829290893
4.446922061862052188985217071604	12.594790970162886623029407928698
8.334092634916618891338657704182	7.255938989260095617339629825437
10.340727642868573710188684344757	8.006963081395703341058833757415
15.218205566316758137190845445730	14.391994989800057425100021646358
9.764607710038793797480138891842	10.319322048654802514988659822848
9.977324321072661206244447384961	8.566439593080030334704133565538
5.523203832036213789535850082757	7.225159601270564557751185930101
9.702566720378840159355604555458	15.648460866763207022245296684559
7.858060488801990928209306730423	7.902346725939675131655803852482
8.404136891228279893084618379362	13.169052680526478482647689816076
8.381946568431091648676556360442	10.066106245197495638876716839150
9.145343759165386998688518360723	12.663700230685151382203912362456
7.600043495385986780377152172150	16.135548309787488108213437953964
9.412403918119473189562995685264	13.682459995065416435977567743976
7.702318318549559172936369577656	9.466760747734781489270972087979
12.301102269793368293449020711705	9.492404647302432607602895586751
9.967828375580067401529049675446	7.027395389209670106822613888653
11.207582013959658695512189297006	7.581514292742133953595384809887
9.855743795754534630759735591710	10.078065744768416323040582938120
7.911102777681636055717717681546	19.743891201144045055571041302755
10.431529639021363209394621662796	10.758023202693307140975775837433
12.468590913881406834207155043259	9.000958007446822506381067796610
9.522550049179601572291176125873	8.876318342848193765348696615547
9.190395650993268716888451308478	7.499113995826224510210522566922
12.609300863259187863718580047134	14.230065870496257929289640742354
8.559059925435732907317287754267	11.710113007464233447763035655953
6.987970562063451573919792281231	12.807678579639793170485972950701
10.246525551852302626798518758733	12.244180953643809317554769222625
9.695601359354272474888603028376	8.815399815594075150215758185368
14.408882800628617815164034254849	3.640120559440658265515367020271
9.955166785484854230503515282180	8.751684724008184090848772029858
13.069943609215336266515805618837	7.598569839544742521297848725226
9.915596516897666745649075892288	12.723260963402797329990789876319
11.453250778015188870995189063251	8.602733340873980338869841943961
8.906753268295227954354231769685	13.148076536343765496894775424153
11.633454401974153924470556376036	12.976452404240584215244780352805
10.144999646027605066933574562427	12.173968032185559451363587868400
14.508274335330968440871401980985	13.493011934185082267845245951321
9.073708576622960819690888456535	7.150784801062735951404647494201
15.223853460552797756122345163021	9.634440567723347115247634064872
13.196517240119629121863908949308	8.514986768879403200571687193587
10.988872973069014449265523580834	10.654214254294588570814994454850
9.982945569869123403350386070088	7.928548552680219962951468914980
11.228247726616039869895757874474	9.414382480561284793907361745369
12.839742828789166395608845050447	12.036830796742505000906930945348
10.340571944894724865093849075492	9.990188018850371776125030010007
10.780937708403884656149784859736	8.438565636206538655983422358986
6.103950007637862995579780545086	15.450390253053445377418029238470
14.574476328523020995930892240722	12.019191195781946390752636943944
14.342259374643198555077105993405	6.596040919958595871719353453955
11.393028514119475147481352905743	14.426960002457036580381100066006
8.764764799717340792994946241379	11.893278499447317742010454821866
11.183914461938156748033179610502	14.677730135447234260936966165900
9.753719084929686644613866519649	8.884483073318568457921173830982
1.426072669693882133401530154515	12.095685011983075440866741701029
9.254055975612187623369209177326	9.789389173522160092488775262609
11.226355329292655227391151129268	14.571557286203164593985093233641
8.861743900517467409372329711914	12.167688705295400808381600654684
10.764698781895024382038172916509	8.611603558683055936739947355818
7.955283698773652822922031191410	13.957909165869896384037929237820
6.012843662821213186475688416976	10.797161721637152709263318683952
12.933681755285842740477164625190	7.516411112215767076349948183633
10.535455221827072946894077176694	8.269334865898738229361697449349
9.593483969137928113468660740182	10.364449767402035718077968340367
11.647673337344418342809149180539	9.930804069306661929772417352069
13.103574840210082896874155267142	12.066506238380004134569389862008
7.440050297655994349099728424335	5.133004163337488989782286807895
11.746071558871479467711651523132	4.413275864001709791750727163162
14.348569185693298422279440273996	13.583844723987080982396946637891
9.453316345868572057042911183089	12.097621046496293217842321610078
9.264788485059535005916586669628	7.769317828024359329219805658795
7.101131947286457801737924455665	14.436351546274806878500385209918
13.657295309700966612354022799991	11.434442316179447729496132524218
12.023252629097434862615045858547	11.043372258964714305307097674813
7.181686810024084266501631645951	10.708720075705915775188259431161
7.375905221732762306885433645220	17.368953823495903776574778021313
13.092139854571795964943703438621	5.359021754034750451012314442778
13.381169979773858358385041356087	5.229135343823671178142831195146
6.405082283600207482265886937967	8.653081410802871076271003403235
10.509376412536653333518188446760	10.525356234145467837493015395012
14.450533965106389544530429702718	6.216969380023286362302314955741
11.244306976799983033288299338892	7.269872496462684630103012750624
9.439991610565146018529958382715	11.831782298415159715432309894823
8.822055669446976722269937454257	9.642772740957772370506972947624
8.612983975118671864379393809941	12.184486038996711343429524276871
6.574785407876733600573970761616	13.442028348819510696898760215845
14.340152972154315946795577474404	10.053844587574413793618077761494
6.048203307708215348270641698036	14.467564012456998412403663678560
15.265136722329494034511299105361	9.941457177347807316891703521833
9.458027476003119105030236823950	9.339749227692323074734304100275
11.751522795796232045972828927916	7.777865551572819668990632635541
9.047982898302672438717308978084	11.078624566664354134104542026762
9.694539301966134559052079566754	6.720383767515976103368302574381
7.789361305999355167273279221263	14.396551108591248535617523884866
10.974580017818652777350507676601	7.927720208372650567696382495342
6.553964085013769036436315218452	5.292894837124503482073123450391
14.335501544765474335463295574300	12.503448939306265330628775700461
12.827170549496370810516054916661	8.740520662778056504293999751098
10.272702418552070113832996867131	13.977250640949172577620629454032
8.933787031910050302485615247861	14.623237738021485299100277188700
11.832776389049618259718954504933	3.053338868341009426643495316966
12.538558152679295076836751832161	9.515405770105124005908692197409
11.043301300204035442220629192889	12.336256953089572263593254319858
8.091041516669196909106176462956	5.415617986800456584717267105589
18.308430344563351610531753976829	10.075227566626079322986697661690
13.357399123840808741192631714512	8.227814170397790505262491933536
11.770329007248085062542486411985	16.323821776189255672306899214163
15.969662232648259347911334771197	5.473007645865666681572747620521
9.208988420566118549004386295564	12.711399088663018375200408627279
10.732929203870025247624653275125	5.955149439546091549857464997331
8.463179588021077393023006152362	10.262819952049582639119762461632
13.092734248785593109687397372909	11.322097765482293851846407051198
10.890376184582896357255776820239	3.246569982515674190892696060473
15.236524198008256192338194523472	3.507533072706985333155671469285
10.861960717101222684277672669850	12.121957735966864433407863543835
7.544520934173043258397228782997	13.090602025510378325634519569576
10.360006847935720131204107019585	4.225355108254543523571555851959
10.629525357957978926037867495324	12.240546742204774233186981291510
13.101704356828410169555354514159	8.261033324839866409661226498429
4.762151940741830458136973902583	8.775152269760466694492606620770
12.048327629984804332252679159865	3.696936182443683271969803172396
7.077006024776132164788577938452	8.802462863709092033559500123374
10.679636103169633187803810869809	9.265583063198590707543189637363
8.289497344065914319344301475212	7.446002824006994202932219195645
3.979998142944769945472671679454	13.768258335673161596446334442589
12.915169705571706515456753550097	5.925889570128687999783778650453
9.021418379388546071595555986278	12.404021919134832430131609726232
7.819890654701341148324900132138	15.839932512989323143415276717860
9.073537603096996306817345612217	11.326978875169416483004170004278
9.840332691263233400036369857844	16.190870402604616629105294123292
10.512264404310807108799963316415	8.683781911353499083361384691671
10.662865888922372192837428883649	4.007773873819796328632492077304
13.199650025743091319441191444639	11.833528155795223213431199837942
9.748953985782579323426944029052	11.132934352671766120579377457034
7.176100256698702217761365318438	14.345877833176366777934163110331
12.536679837725277053550598793663	13.169694980625177294086824986152
7.236422169412144000943953869864	4.861278413095239336882968927966
10.205424597965828681367383978795	8.054943348651129042536922497675
15.572497698860814807630958966911	8.710789562965931764892957289703
