75
5.967599021480411991547043726314	11.185100357443987562078291375656
13.598757375165119398729984823149	10.358667808149951028440227673855
12.761620935760131345659829094075	13.358965230192461959290994855110
13.780115566477336486173044249881	13.140545366684444061888825672213
10.478462367257572296352918783668	8.887780486655170619769705808721
13.016334084857954067615537496749	12.389310266000741478364943759516
10.849502889702714369946079386864	12.959787601948203672463932889514
15.000892683028606455764020211063	12.938284851982377432477733236738
7.126940049184410597149508248549	8.333520458024015198361666989513
7.605067463069022259958273934899	9.168664205381109155723606818356
7.615947135586337068957618612330	12.516502842218885760416924313176
9.885872867201241476209361280780	12.337164866002412466627902176697
11.825727481250753569952394173015	6.246121248759422428520338144153
12.673832273660561753558795317076	10.417601520670435988336066657212
10.312589524041458233227785967756	14.489054679932870328684657579288
11.013851602578982991076372854877	13.111554799689093542269802128430
9.461083987509846693342296930496	9.219741150543706353914785722736
12.054483307893320898074307478964	5.376575552627015142093114263844
10.153679076096722155853058211505	14.815895036220315006403325241990
8.562662959273573903828946640715	8.035404845220041281095291196834
8.543842949275870068959193304181	14.511648179255697499456800869666
4.410145310196056378515550022712	7.971216112821949195677007082850
13.274646982177692677851155167446	10.266491904611715568762519978918
6.902079209179512453431470930809	10.752447776319161931724011083134
9.738430887261532831189470016398	16.218944872830018510967420297675
12.962660777375209164574698661454	10.198902310147804683992944774218
9.438741762397595991274101834279	11.167311924316544846647047961596
11.842458509785950937498455459718	6.111951013384820718954415497137
8.792487780876509617655756301247	9.896122148714871613606192113366
15.289048093818690787770719907712	13.405619446447730069849058054388
10.919595688980503922493880963884	8.296235568922920577961122035049
7.727156650654886327345138852252	8.881309243510081330441607860848
9.770977622208770085876494704280	10.218626719985980599858521600254
13.502120252950909673472779104486	14.128534915853828479725962097291
11.549660692744756929073446372058	11.006871952175142581609179615043
13.365808633801028904031227284577	9.747033844098902832797648443375
7.991401966508785648102275445126	13.486002818220494958723065792583
11.332000778956965447719085204881	10.031887763328644069815709372051
10.201797157020376261016281205229	10.254866356999244203507259953767
14.476913745057739646426853141747	8.790172188675938969026901759207
12.964560285039102183191062067635	13.821415337876597817512447363697
9.032062431851484163303211971652	11.786139857249153806151298340410
9.650416528745919819698428909760	13.012530335774151524219632847235
10.943585741588810478219784272369	11.901598661071313145498606900219
10.234772409280358473893102200236	6.949011076538820219639092101716
10.636176745291376022350959829055	15.323255339388792251043014402967
14.348884091015014163872365315910	12.620365657440659745702760119457
10.406344425808848441761256253812	10.217412470154741299666056875139
7.656775169020459514968024450354	10.965429280922192489811095583718
11.824676168300529255361652758438	16.448865824342622232734356657602
10.118398802716875195528700714931	7.251776628113776546058488747803
12.453114758209942181110818637535	9.121672013222394070908194407821
13.898903347558889009860649821348	13.156934178968448634350352222100
6.680492190354393677864663914079	9.003579455410910981072447611950
14.632234664201932972105169028509	13.300348185231333886235915997531
9.652932371023018376376967353281	19.274947925769200907097911112942
11.205409112746417932271469908301	10.631840228982786911160474119242
10.727380944694347775225651275832	13.208694435328402150275906024035
9.997117526086213956659776158631	11.702284613607007557334327429999
11.096951720254075723914866102859	7.805386124511425549599152873270
13.308431342119956042324702139013	10.028004485460122907625191146508
8.989954199147851099382933171000	9.771410977325377444913101498969
7.804368147132015209876954031643	10.042844898808624520825105719268
8.311255454900580375010576972272	15.069859938802903087662343750708
6.891497251096383003243772691349	10.633172548781820054841773526277
9.469661403797230647683136339765	14.043130036651952252668706933036
7.436989468036143691165307245683	14.997114375686834364387323148549
12.059443964715869768156153440941	8.074399620347945116805021825712
7.432503821511628139262484182836	14.447581810805028013078299409244
11.790803119884408545203768881038	14.152811576189339604070482891984
13.919336504586295788499228365254	7.901482246487954164138045598520
12.258642228349252434327354421839	9.896834737942068471738821244799
12.952037184045478213079150009435	10.024012607118386597448989050463
5.461775971890016734278106014244	13.106815326515054209721711231396
15.737423516950126867186554591171	8.404522870692350267063375213183
8.112117277536441406482481397688	6.662127530525561169838510977570
8.253729548849021213641208305489	9.416963285308224129721565986983
9.926188008320929512251495907549	6.648726648895257440585737640504
10.353288865070243929267235216685	11.780496973836733332063886336982
14.191378643245403878836441435851	5.211036750096528891162961372174
5.300025026474456169012228201609	12.520257570840323424476991931442
12.197066606285082102090200351086	12.216767041883672462176946282852
12.863045479037740648209364735521	8.854792928023135445414482092019
6.313847529364272403995528293308	12.320881721813433884449295874219
7.171815845519160070864472800167	6.461723890999090613718180975411
8.689572265786475568916102929506	13.286805187465466460139396076556
10.591658019147816460758804169018	11.100265535093443602931984059978
12.890818363646927124932517472189	5.556247122969588225771531142527
7.374964711037689468753342225682	10.292529186880249980617918481585
13.630593208727097120913640537765	13.280944562790915952632531116251
6.846117921954922636018636694644	10.950730931025367098641254415270
7.598325301370149276181109598838	9.291856579311030372991808690131
11.475480979875856135663525492419	6.432403121727535477702986099757
5.479128661795360955011346959509	11.090865808888445087632135255262
10.008924597809750522969807207119	8.395545863595035740445382543840
11.769324046683632190024582087062	7.812814105972423206480925728101
7.092227327935916925127912691096	13.202967696502199146380007732660
12.831059208000185734022124961484	11.857485232143998743481461133342
14.355344354454450339630966482218	7.463817781188469169251220591832
9.706523011388977550950585282408	15.679858370809640177867549937218
9.843738167899005020444747060537	15.498479357552081836502111400478
10.486994893918243576536042382941	11.211766217595327432832164049614
11.492532633650407447589714138303	1.881224030099542421368141731364
12.240241501207332674994177068584	4.679448721075591066664856043644
11.147111076853107647366414312273	7.843103679342274148211799911223
14.669392119773167593166363076307	6.677684172260241801666325045517
11.987626028049858106783176481258	12.896176845747815420395454566460
7.812252081530695058120272733504	17.521278979950725585013060481288
12.142289995397353763451064878609	12.338637723621978636856511002406
15.426310885386641302829957567155	9.878683749624283194634699611925
12.298868128367381302723515545949	10.867188773875414042890952259768
4.694548069752418228972601355053	9.540508439900179382675560191274
10.514367128214276547737426881213	9.299498950418570331066803191788
7.850710355713355070861325657461	10.774979766520988988531826180406
8.703841459939752667196444235742	11.784283184153489187906416191254
7.081050845153235684392711846158	7.032238845564381612973647861509
12.016196985140959796467541309539	12.755446061757975684258781257086
12.637879883800414049233040714171	10.565739429539567240112774015870
5.608241611057787068261859531049	6.792967287423666178369785484392
9.576066445535781568310085276607	19.025787335519822818241664208472
12.903568477606169651039635937195	8.103361558998718905399982759263
10.157987989060465849888714728877	9.114748201241592795440737972967
15.936358505052760747844331490342	7.683587875068908168429970828583
8.757010594573582551447543664835	7.629876576286285683181631611660
10.989785046423593328768220089842	12.135217544504254050252711749636
15.635209789285452686158350843471	9.215451330135614682603772962466
7.006288130575594408355755149387	9.508222879974445262973858916666
13.493425835607292029294512758497	10.704143507724346306986262788996
9.235497577441249106300347193610	13.085461036048416261223792389501
10.871822860450649272934242617339	10.020827595921129926637149765156
10.173087581828626824176353693474	15.581156896934775346608148538508
9.033672686209104796262181480415	11.029021107237028331837791483849
6.122940639413135599511406326201	7.972121172382956366675443860004
10.879293343399751847755396738648	6.200618779331027674572851537960
11.033502626091218346005007333588	12.099820564855191307174209214281
9.863994585819868987641712010372	13.312342251798130021711585868616
5.317101309781125273445923085092	4.395366702502132127960976504255
7.175572177064509560295846313238	6.406480685822858234246268693823
13.599851259423846983054318116046	17.069355311750843640083985519595
10.620971870821287907915575488005	9.547986968376022787197143770754
11.665333983963533270866719249170	10.016961098862518397822896076832
9.166414915150339126626022334676	5.618915420034956476058596308576
10.196321846547480305389399291016	8.603437889514076175601076101884
9.149601519567111651554114359897	8.201167567034536531878075038549
13.154100243504307954367504862603	4.134539145388057335139819770120
7.346755148628643539154836616945	12.263473718927189182181791693438
6.163661030684021824299634317867	8.734950918926781326945274486206
14.986598936840184848051649169065	4.945026997970883186894752725493
8.655431698832664721976470900699	5.581329190377162241532005282352
14.053844062548947135837806854397	16.120534105438114380604019970633
7.574828611058483041063027485507	6.820805648879801452721949317493
8.977074487599823626737816084642	14.220998868274612902951048454270
10.920984035471944295636603783350	12.952343786416847137843433301896
8.384104771783730924994415545370	11.209437289126691794649559597019
9.825523343372550399976717017125	12.231272776544187763647641986609
13.498660423062268876037705922499	6.888401298465599786879920429783
10.561854100507105158612830564380	10.936298051996786284689733292907
13.692822800278550587904646818060	13.045707635481139874400469125248
11.245975245612623183433242957108	10.775033982832052714684323291294
12.156789848904484330205377773382	17.440131840270868934794634697028
12.378191018398675637968153750990	15.170969195911871096882350684609
7.359262633708940626320327282883	13.311968419517434369936381699517
6.376782634274340999525065853959	12.019583778495556813936673279386
3.791651459970146742506358350511	13.210618663295203845109426765703
11.422539709174332145380503789056	10.788698297066607878491595329251
6.624376174574898357150232186541	7.615782212389337502145281177945
10.125660150867599185176004539244	8.627637847083656552626962366048
10.107370503828754237929388182238	12.188836413416192172576302255038
8.084662171641344485806257580407	4.636978116743546429745492787333
11.289697582105800321983224421274	3.437175224409321661056537777768
9.149547654229879256604363035876	10.618581807690677720756866619922
11.041834143692680569870390172582	7.744406326028041576137184165418
7.406045091438777205894439248368	7.787621210095704959996965044411
10.516283782108267530475131934509	10.774496074037450910054758423939
7.715158509812748199863108311547	10.825000953766748423845456272829
6.936883267963803945121981087141	13.594135419748186066613016009796
7.344602296772164251592585060280	9.231697444078589498417386494111
11.188513044699636367340644937940	8.187971244374880441796449304093
13.576408785065442685890957363881	11.012079078711602520002088567708
8.695297607812030094009969616309	15.588492620712779412883719487581
10.532851607573224583802584675141	15.324364446303341935617936542258
7.891344801932972607971805700799	14.808287038593531903529765259009
10.060432670186356673980299092364	9.128704789246537387725766166113
6.539308254716639901005237334175	11.232692424907492423358235100750
12.041051627086348574380281206686	12.502795375735187732857411901932
6.825846911792949001096530992072	7.820972864049424266852383880178
6.288627940801878146714898321079	11.384984769419506989152068854310
9.694862546426458393966640869621	11.184085761351168386568133428227
6.339573599337674281173349299934	8.431621631042851561232964741066
10.777923250545118349918993772008	12.746368117575585188205877784640
10.916237556818508380729326745495	9.440324540576726874974156089593
10.086144474934327419646251655649	6.563076283142072142595679906663
6.119753982285025095677610806888	5.524366294378015851407326408662
14.100579109372077368789177853614	5.991652962796931269906508532586
8.075159294991113512196534429677	12.176068459532118026800162624568
13.917807883304387672751545323990	11.093020292970569684598558524158
11.732301483649724360702748526819	6.103385707193016429528142907657
5.115560611402752755338951828890	4.107811715319376055788325174944
11.164245817512556513406707381364	11.065316558612781960846405127086
7.648337296139698260333261714550	14.381453241374908103011875937227
12.394456706115745348029122396838	9.956823689667354315702141320799
5.660673491581055927213128597941	5.762750279650154183741506130900
7.560119931777239621339958830504	13.078572072100680401263161911629
7.449235115060436562828272144543	7.326635697778224098897226213012
11.440957100307652893889098777436	14.746753984324934450000910146628
15.043607386818818483220638881903	2.563440908337756951596020371653
15.525627547896524660586692334618	12.037069672534896014326477597933
4.311403168015932152457025949843	6.587696572552824036961283127312
6.952669698471607873102584562730	11.727475614942040493815511581488
17.918458157648466055889002745971	6.358609895613982487816429056693
10.619796829995493681053631007671	13.013566339063302734757598955184
9.983566415197818955107322835829	15.243084408567009191415309032891
9.419911551885995493194059235975	10.830873832754797092547960346565
12.140930515674883238830261689145	11.604646848651674062580241297837
9.468158845261662293069093720987	5.451851649678172151425314950757
7.980645394772943213013149943436	11.117831421632295985091332113370
8.172137921604843313616584055126	8.297903700837752083430132188369
10.677955835637966686135769123212	5.341290522512984750846953829750
12.450246757567738242755694955122	12.077851651789599074504621967208
13.397801429508568560322601115331	9.083068075855903700244198262226
5.086078209250191939361229742644	13.939986310454164808447785617318
10.624437628699890723282805993222	6.302677824418013052820697339484
11.824283856926902203099416510668	11.743425311873702199250146804843
8.873108900105453500373187125660	11.168175433777062011131420149468
14.224843903884103468726607388817	10.747238756664257763873138173949
5.954303265854343329976927634561	11.368693567840345792774314759299
17.237155595546706621234989142977	8.228590777231286068627014174126
7.807390309934553407344992592698	7.348831925074098769812280806946
13.952831225810541582177393138409	8.804291551441499663610557036009
13.686636348725256695502139336895	9.706784187911177141927510092501
8.423299316888535059888454270549	4.934380673735766720255924155936
10.691220826562977563867207209114	5.942709844263733387492720794398
6.630780578747059728073054429842	14.120516633957800323173614742700
11.788653698824280269263908849098	4.991744244908416838768516754499
10.646249800358086545770675002132	12.665553969548891899421505513601
9.067797456589275384430948179215	9.741351390641503016354363353457
7.870825999085701241142487560865	8.955762473776198717700935958419
10.591215970814587876702717039734	11.957641759160564376429647381883
9.999907459031133427629356447142	12.305854482097760893566373852082
4.010617552258709750390153203625	11.763658444796540436527720885351
7.772732694824607158068374701543	10.033603131531103613838240562472
10.452577823758472774784422654193	6.285131560674340533978465828113
11.740074867950928805271360033657	11.641747055082195316799698048271
9.232489787183364882139358087443	6.167163924166899846568412613124
11.021724369175307955970311013516	9.894373538508293819404570967890
11.252702375711651328060725063551	14.115056217099109403534384910017
13.012295857517802488700908725150	9.599519125570656896684340608772
10.811464712228032070129302155692	14.071652217863757527993584517390
13.413497839169977510209719184786	12.713369207795619075795912067406
8.603106500195568884237218298949	12.501043797286618186603845970239
9.637353297976940069702322944067	8.851488220049940736089411075227
14.008155964009869620667814160697	15.210982270186628184660548868123
10.497994633438946010528525221162	12.923006300957085912273214489687
12.724122716228615459499451390002	7.592303688295642061234502762090
8.275903878355070020234052208252	11.668905308443179080768459243700
5.150284433461413513555271492805	10.329577279817682367024644918274
11.588305213425185158371277793776	13.612339734805402713391231372952
2.422573472972732400165796207148	10.583414473028536662013721070252
6.613962826280019413616173551418	9.891970579622705983524610928725
14.448274371742948929409067204688	9.001478582544796935849262808915
16.666077553751925677261169767007	11.374120576979398933303855301347
7.416728657163867310941895993892	12.365368265698984728828691004310
11.143654301207590151534532196820	7.866885757509774812490377371432
13.127045356541842124897812027484	11.379392873046478840137751831207
12.075149271488267999075105763040	7.703065208058043289440774969989
10.341679695452326015470134734642	12.461976737019563543640288116876
12.575944663796793321353106875904	10.632011592486222184561484027654
8.982888446690701300667569739744	10.955872075115699715297523653135
9.399926590880749444067987496965	7.394521503258892458632089983439
13.228534181273952086144163331483	14.927371873674889712901858729310
13.346259052300306180427469371352	8.929904378255020702681576949544
7.045287717828648155204973591026	8.548708342078304767142071796115
7.428863276105393431691936712014	10.636673170977006819271082349587
10.616665773509485148906605900265	9.957340942918794013394290232100
12.677304399278403579387486388441	7.883269535462944510584293311695
8.079103775859769243083974288311	11.106085748097985543836330180056
12.878403846082777661763429932762	15.128044176625298433691568789072
15.663894875388216121336881769821	8.804594956188759979909264075104
16.162193640086933044131001224741	12.736427740648508688536821864545
6.123467767716322285309615836013	8.944460897433572199588525108993
10.071511015592731652645852591377	9.059798901668660420227752183564
11.544785689497667036107486637775	6.806468277875434402801602118416
8.641324716837829100768431089818	9.814996612553962052061251597479
4.932883481805363956596011121292	7.410771695784934109951791469939
14.121583423554962877233265317045	9.431713608459839193187690398190
6.854954712719088405492584570311	13.959077496124155715051529114135
9.022419015670715580768046493176	3.193751924372925543593737529591
9.603445112434451758076647820417	11.438878867569256314595804724377
7.108210568782130422960108262487	9.094100246559086997422127751634
13.224516733058926831745338859037	7.559890109438868854851989453891
4.884263827214136099996721895877	8.130276906418012927701965963934
9.938906314887105963862268254161	7.225893126529248533529425913002
9.967216860835954150843463139609	10.306562619032971994670333515387
14.302232751326437565353444369975	12.527856107461126100588444387540
7.683527937245304251234756520716	12.704576203630679742673237342387
12.052178366023712285937108390499	8.696712559710885415142911369912
10.925401392945930822975242335815	8.105995902048389822880380961578
11.436899338461330444260966032743	13.174738869348560754701793484855
8.527275865636994467422482557595	10.479620589014739806543730082922
11.015053920969902989668298687320	8.190540319864336282762451446615
