75
7.457437023808238585331764625153	12.020625989504544861574686365202
1.833588135079264880289429129334	3.407684760447729832577579145436
9.871842001549818945704828365706	12.474257164140173159694313653745
11.651938730953094847109241527505	5.118554150619219811346738424618
12.675986365840667957627374562435	9.765837001595555122435143857729
8.418687436482722219466268143151	6.228093348477465873713754263008
13.020451340341256951660398044623	9.900930148355914894864326925017
9.760608438888031201940975734033	10.405645542492308663895528297871
12.452085104040159890814720711205	12.202365422021143714914614974987
10.035766866395244178988832572941	11.323181989784659506881325796712
7.198228147055696801714930188609	10.209318472528190469006403873209
13.067608393481377149214495148044	7.188739919973450298584793927148
9.192213400668370226753722818103	12.039837847994853348154720151797
11.510616405513234283830570348073	4.730400756759810754203954274999
7.329758219244713934870105731534	8.568022864245000036476085369941
11.075374188957651355735833931249	9.729631409899649696626511286013
11.717595410710845982293903944083	5.886831710892757030251232208684
11.114386652230177077171902055852	15.613881247154427711620883201249
9.288582188492620517195064167026	6.915366319857684018757026933599
8.687769630264700282396006514318	11.647459531758190820482923300005
11.848387492126652986712542769965	12.259042467674589715898036956787
14.501166191915292102976309251972	8.198739639272899282218531880062
14.769190292655435925439633138012	7.554960602579445350102105294354
11.848202536605292323201865656301	10.646564867350438277071589254774
10.526055026922541912881570169702	11.456700752871775250696373404935
11.161931090685374812210284289904	6.894423780674829416170723561663
9.632197253133108816314233990852	5.092603650296507744599239231320
7.188983586774373435446250368841	8.555334337709895820012206968386
13.478500517639352196397339866962	13.850496043779518373639803030528
14.415465102618167492209977353923	10.682905705637898208237857033964
8.789654416205401332717883633450	4.524320670344883055236095970031
13.560421270505479185430885991082	7.616923344741407753133444202831
9.377502217824137176194199128076	10.078225857896836004101714934222
10.757415397143319069073186255991	9.779600237606887347396877885330
7.508308293443920256038381921826	10.737848121160812553398500313051
11.487608773286320129614068719093	12.617113790759825420195738843177
11.727095920829057718037802260369	7.707440175535548831931009772234
9.377741442367110380473604891449	5.355603714624819211564954457572
10.724046384524438479957098024897	8.729004006772784762802075420041
5.946238608146292570211244310485	11.507741796346357077140964975115
13.005468138377922926451901730616	8.455544412075624904900905676186
8.184030481487120312067418126389	5.007816051075847596507628622930
8.957339781081532947837331448682	7.215153212717693165245691488963
11.903126894038646099716061144136	5.581829580101028476235569542041
7.085292150568038849201002449263	6.839524951268353802902311144862
10.807938936255462536450977495406	11.455678256903928158294547756668
2.351466230366414222885396156926	5.310122645428040577542105893372
4.880229837970888162601568183163	11.441795261053254506578014115803
9.195623995232844904990088252816	11.451614692626360891836156952195
13.313586632511734464401342847850	4.391358821422519653765448310878
7.327661379696579935227873647818	14.861156783147650983778476074804
9.924416149914762286243785638362	7.986372943417459957515802670969
10.661229039494944714761004433967	11.152190492815979183660601847805
8.369627076337806670380814466625	14.612289487726048520244148676284
16.116525909849428899178747087717	18.241163957253530014668285730295
13.270099400051746485473813663702	7.509682998491803651575082767522
15.180858767571711709365445130970	11.919489336153992198319429007825
11.423978662063809963456151308492	7.769413327602599395049765007570
9.901118568407172304546293162275	15.067849200073332838201167760417
6.712051138839022712545556714758	12.457303757417648171212931629270
11.244101301468289122453825257253	10.880488312389477556507699773647
6.665041871807899198643099225592	12.094329621483900893963436828926
15.948016861356112627845504903235	15.136851609522587125411519082263
11.582099903118077577346411999315	13.872367841799990273443654587027
11.325880283678506188493884110358	9.362906301658117769193268031813
11.275049750944710069688881048933	5.108357505765271255881998513360
11.315146853270153570747424964793	10.541231090787704260947066359222
3.707270644954738347820466515259	13.288496893409339705272032006178
12.611061653452367181671434082091	12.573076227007090821530255198013
14.916355278099906911393190966919	13.738221770610007155255516408943
10.572089587503839425153273623437	7.846828608308245023295057762880
10.746044168288779729891757597215	11.543827524501175219029391882941
15.433055067948682648193425848149	10.067291531635012447054577933159
10.128323529607328623569628689438	6.952308140934650992903698352166
11.698532506356260185498285864014	10.622224281487296693171629158314
14.176005763869898856910367612727	14.382537079125604861928877653554
8.504285760646849823274351365399	11.037370024339425711445983324666
4.252074458895542363734421087429	10.161484493208368107275418878999
8.084258970067022431749137467705	11.846138605140328792231230181642
12.432368822438480293612883542664	7.076695260451999480721951840678
13.374154903221727508366711845156	13.668165121676388196192419854924
10.374990058113395363648123748135	13.386063011533272160136220918503
9.017273396219296799358744465280	9.235176941098016456521690997761
6.387278145238213689083295321325	11.647688130850159637930119060911
11.370468634297541399291731067933	9.499713222812244950432614132296
12.474641200355909731456449662801	8.311297304733230362217000219971
11.813700697767377079117068205960	12.344195568341891799946097307838
5.785459078344070249499964120332	15.126077633671130229231494013220
10.541359560917570092897221911699	18.656148889244906996509598684497
3.744524827911792641543797799386	9.604698755435169488237079349346
12.124745090839718741904107446317	13.117783992508289969691759324633
8.789998190044027381873092963360	11.774665290723264732264397025574
8.868690250825105536591763666365	9.706449884629474667008253163658
10.743938462690582724690102622844	18.213135284783941614250579732470
13.259113863843937863862265658099	3.237464647666715933382874936797
11.561964396623992001877923030406	10.146386386445477967299666488543
9.166514795658692094093566993251	14.456456359595309280052788380999
12.942760305345114346664558979683	10.648511878080611836594471242279
3.992317065099011408335627493216	14.490997793805615145856791059487
7.542242875040232163996734016109	12.113018575399735254904953762889
11.043864091399383298153225041460	12.778651186347886437033594120294
10.335775064008501544776663649827	6.866613487539052762542723939987
1.733541369284151478780131583335	10.575096737021970838554807414766
6.226472420067311830393919080961	8.467987332105662900971765338909
17.125386962059657491863617906347	6.391005868940315970405663392739
7.417831425591572269695461727679	9.910958300267552090190292801708
8.983414533791142631002912821714	4.591228951448409034696851449553
11.139856907275902386800225940533	5.320350176320665980256308102980
9.621537060158862786352074181195	9.240157996018677266647500800900
10.941408939186169746449195372406	10.938528946108059258790490275715
8.604674244843064201404558843933	7.740960941788097571247817541007
7.183375967250161586719059414463	5.094749938640518394095124676824
5.777466854434550214136834256351	8.059183468355184842835114977788
11.617972750517971292083529988304	10.376600596938335030472444486804
9.460881567020670956935646245256	9.092282713714169517515983898193
3.429982902081649687175968210795	13.999462033703213847957158577628
17.554867431369743258073867764324	7.681525451530786696707764349412
8.948882637399906414543693244923	15.423961906290983847611641976982
9.008867023464334877758119546343	8.682298768069934169488988118246
11.890319149193352643578691640869	10.926652098744767727112048305571
7.011667681024846388027071952820	12.693565554890513524810558010358
15.885622895301512613741579116322	11.309688806886825318542832974344
5.245221531991145269557819119655	5.728213664728798448777524754405
9.690823029740137428689195076004	13.076670399993908233682304853573
1.196997330834261852317013108404	9.945284537667228974555655440781
10.262701560488224572509352583438	10.655675477163679687464536982588
11.834985771893927974929283664096	8.638667733687183769575312908273
6.574518807830311395434819132788	9.827098882579782923585298703983
8.979574186817421477257994411048	10.780218073009635304515541065484
13.012275632659571655835861747619	13.010867708976386225572241528425
13.896320594756790711699068197049	13.096958230340700168881085119210
11.545957028083751794156341929920	7.475928451481175684989466390107
11.968067170667399778949402389117	12.824819550121267397457813785877
12.153639393775003796349665208254	15.264847947322959242910656030290
11.714630190674801824002315697726	4.850759979062717164310924999882
10.420795756114403118886002630461	10.053755441811391690976051904727
6.908160262495343317823426332325	8.611232568365592143777575984132
7.569268958345073627924648462795	16.516364442300297099563977099024
9.049451125538634954637018381618	9.124801770044483006927293899935
8.891725809797815571755563723855	12.432976710216737004088827234227
7.898752796737477765987023303751	9.003043672658172624778671888635
11.224317399844506937256483070087	12.637253652763044797779912187252
8.285390639529824241549249563832	10.678271128361236819159785227384
14.037081590985456713838175346609	6.676633543665600356575851037633
9.563927682823367248943213780876	10.772087349656171539891147403978
7.205759548160314054143782414030	11.146050196629261108682840131223
10.735787202098011405837496567983	10.915968689509455202824028674513
13.351244336098385900868379394524	13.179429296027985074601929227356
8.188131738858729136154579464346	1.779444331201297302413877332583
10.351868601494022215092627448030	13.394488205597683716518986329902
9.679325280797193897797114914283	14.761931310965609398522246920038
6.304944545369657760147674707696	11.486865757951084887622528185602
10.590690626768388682421573321335	8.215041715899767282849097682629
2.105772279885584907788143027574	16.919569811009335325024949270301
8.134893780425732856542708759662	9.961442940018658376288840372581
16.945258186986478676772094331682	12.953727824144221969504542357754
8.900550423145803691227229137439	5.938247531439998283531167544425
7.985205258496025138015284028370	10.125079985430899043308272666764
14.714215783830210781957248400431	8.787782981275119809083662403282
7.647157936215986495653851306997	13.550851010287718878544183098711
8.317700373538475133727843058296	10.089651512206053496356616960838
8.420987921630985084675558027811	12.534436331863460623026185203344
15.793432731451622075269369815942	10.261476314103544993372452154290
4.385160865490424164647720317589	11.983720626936944952944941178430
9.691596089806610692107824434061	5.293164691106087005323388439137
9.425574747459922519965402898379	11.057890435001388240721098554786
7.177635202557087978902927716263	7.698709060764628908657414285699
8.277502713923668764550711784977	13.980060183516213712096032395493
12.649128845992429148736846400425	7.580600712424580223114389809780
6.940097842255613436179828568129	11.083851973894795150954450946301
12.994544007343774794094315438997	16.154647602004430950728419702500
16.462424778393902613515820121393	10.392927966745107326573815953452
6.968982029039507253287411003839	10.509219488997572966582083608955
11.828980679541412968092117807828	9.408994486331117457211803412065
7.611842013904557724401911400491	8.081146225461251830779474403244
10.807176873267966499270187341608	9.210904812196949009717172884848
16.123748932362872210433124564588	6.741907185362620680280087981373
6.350041002520408817133557022316	5.558025146112819392385517858202
12.455444568393266635553118248936	16.671039492095331979726324789226
7.178282690071966953837545588613	7.307642150377391843107943714131
8.032508076353702008987056615297	7.517471918499377458999788359506
3.698028325201800026178489133599	12.066886960675871520720647822600
9.926182897008835936958348611370	8.261732369268440123732943902723
9.582904632642943454357009613886	10.156170428501887670336145674810
12.090090620125952369789956719615	8.972776244245560306467268674169
10.245787345048428917948513117153	8.150691153792573473424454277847
7.503359209253280148743669997202	11.437520636371468540914975164924
13.272368454034435103494615759701	10.506244901788553747223886603024
4.561668974988273284054685063893	12.712484896312462367973239452112
10.876741317853740653731620113831	5.943253638698958063457666867180
9.049034160311579810809234913904	9.627248923194679619541602733079
10.593155726455059095769684063271	12.438041993580172928091087669600
10.289499470717133888797434337903	14.141058569878444117762228415813
9.301796183919643468129834218416	9.917939310324497270698884676676
4.684523854733396497351805010112	8.714950469348410777570279606152
12.472123324065965022100499481894	9.720155815650116437609540298581
7.413038330890026728070552053396	13.371672571709309451648550748359
12.123497566088788701677003700752	8.138137110340361246585416665766
12.698727955293181324236684304196	12.817935207890721827084234973881
17.406190166374042149755041464232	9.978148348077780838139005936682
11.228468634126578251652972539887	9.282184481203714199182286392897
5.706806242503934534227028052555	5.198055500482112734061956871301
4.132616105015765484154144360218	10.663232557529770616611131117679
9.565607383344143954673199914396	10.315063140007724840074843086768
14.827199441934673984633263899013	11.784927521741822786793818522710
11.213596166052671065926915616728	8.063019063081858561758963332977
9.213682414656174657352494250517	11.419613397017272404809773433954
14.643633390916400927039831003640	9.452474893904598829408314486500
11.686104707715163186776408110745	11.598672049364406433369367732666
10.252696392008086689884294173680	5.222084005641494108829192555277
9.601240334677562771048542344943	10.270361515981358380145138653461
5.742611898994888441905004583532	9.426693921419474264666860108264
4.184173954665096673011248640250	6.668083977344124946284864563495
15.039965716804896800340429763310	14.407307692775358276549013680778
7.181372902895001075762593245599	5.415913435770223216536578547675
7.467814208178864987530687358230	9.602131539698847362274136685301
10.136250070108394183421296474990	9.467477935678141776065785961691
9.857035972564126780071092071012	4.338600929941589967597792565357
10.991446579710313358191342558712	10.580928347186313587258155166637
11.754854926969684925097681116313	11.198390731736383330030548677314
15.915640709131215757565769308712	10.350726856826803157218819251284
10.966766457997602302043560484890	14.143960390808398841500093112700
11.594288596937534663311453186907	9.766547761804135419083650049288
16.743530908719137073603633325547	9.075110821649134962285643268842
13.591042922484049881859391462058	6.306124336701625310297458781861
13.004737848774503561344317859039	9.111688182078346187608985928819
12.876289290700487555341169354506	10.905144178923244169254758162424
12.232320000778985402689613692928	16.143203670318595044363974011503
13.472257485385025432833572267555	6.172343021341272439883596234722
13.798302737876257495486242987681	8.452327420498486176825281290803
10.767312801003987132730799203273	8.080115550822249304019351257011
13.624127478502499499768418900203	7.549744362272087450094204541529
6.611249388053169084855653636623	8.628984964836094562201651569922
7.297875174635050754545773088466	10.094451445270822276256694749463
8.375707038405135307357340934686	10.947015546979034894548021839000
6.795033096670810124351191916503	6.974619014283906182072314550169
7.285895446012247589351318310946	11.161079354873782776280677353498
9.001243721019745791522836952936	8.264784621874662562390767561737
9.592615395311371528919153206516	13.218984345209424446920820628293
6.067754507441081912588742852677	10.672972912827175306915705732536
11.202356456400945461382434586994	5.724732604718655970543750299839
9.146865510170867352712775755208	5.434675553730047958822524378775
13.456602812802413993154004856478	8.609892772095232515994212008081
13.905882853831936785127254552208	11.257498341974399025389175221790
9.940685088888171705434615432750	8.715006732364949826319389103446
9.025694972520554415496008004993	7.341104184289113376848945335951
8.271429308944080460719305847306	11.503422749405855185500513471197
16.134642507172934244863427011296	6.453652518509800373180951282848
13.556778765568706646149621519726	11.107179489032549923877013497986
10.608018301271204819613558356650	7.703112447148376062955321685877
2.594752985990376181746341899270	11.090133859969739660300547257066
13.304995147880434913645331107546	9.854438719323219686430093133822
8.094637667335209840757670463063	11.682675931076953901310844230466
6.355284676492035877970465662656	14.313465359898572160091134719551
12.167662180231211266345781041309	8.523640535392502215472632087767
8.003997688523757148004733608104	6.668698058274630469099975016434
5.822590818369514309438272903208	3.410135476498147522050885527278
19.331785891459198012398701393977	12.572738808437151192265446297824
9.974428727141301465053402353078	4.569299248520938050432960153557
6.229370679190760817789396242006	7.240185535507772662811021291418
8.029461333807807577045423386153	14.437537941727848433970393671189
7.232612785040154257387712277705	10.163008031746253223559506295715
7.594673333829394579197469283827	12.405150148583055980111566896085
8.990673500906856574488301703241	15.239189709434077357741443847772
13.528293504779320244324480881914	8.878750372661119882877756026573
13.517647719103278447505545045715	12.572639288193686368799717456568
10.442195039970359360381735314149	10.298189371928602398043040011544
11.327280458352085190654179314151	12.893703566743926813842335832305
11.773496045662769304840367112774	7.577122001075370150147136882879
11.720851616309804654747495078482	13.946288838376140972741268342361
12.104213600443213039170586853288	11.759927777718392150063664303161
6.494551964735865823286076192744	11.265762431597101667080096376594
10.478965506232031046351949044038	5.488304134268445544364567467710
8.787838197526900430034402234014	5.400430339787194000678027805407
6.930308607814387400480882206466	9.524632835714559320194894098677
9.499040725592816869493617559783	10.258237652197763623007631395012
9.011108542192891590616454777773	8.815756551419321240814497286920
7.702575744720952855004725279287	8.420383815145315864469921507407
15.692155293704448837388554238714	7.929375748054026118438741832506
10.535404508954487212690764863510	9.014399096092386542977692442946
12.214754390506598724641662556678	10.254180545630230625420153955929
14.091329403338512804566562408581	11.418804828239030868530790030491
14.363736748621713346096839813981	8.896961803496770571086926793214
6.307241853727631131221187388292	10.430513932071667326795250119176
11.721570040138383106409492029343	12.260083813076297687416627013590
3.211182480011412376796897660824	12.743771080510267523777656606399
11.790394265810309804010103107430	8.656330240507411843964291620068
7.171461602650724742602506012190	5.742201722426278465150062402245
13.231023466801078214416520495433	9.827232457098315165922031155787
8.667822146266928484692471101880	10.218361269287941084371595934499
6.737035249593774643983579153428	8.680007504124109374288309481926
14.187113374882414973399136215448	9.456839860864935332074310281314
4.374474662981223893609694641782	10.338205641954404612192774948198
6.755503995490132140844252717216	7.302215453245057830145015032031
9.932520676714405638563221145887	6.737563868524107490998176217545
10.669551901794109838306212623138	16.798116419371691421247305697761
11.817905185548685409457903006114	12.321417044850631938857077329885
11.378283672718872310269944136962	13.581274833886133990290545625612
8.802111713218764066368748899549	4.556042462681514138012062176131
11.400617883636392946300475159660	13.192340431826115931812637427356
