75
10.749439372417297633433008741122	9.308304944370398459341231500730
9.665973780928593939165693882387	9.271223961796891899211914278567
9.788825024636091498564383073244	10.950917638177134705301796202548
9.580111115849033964764203119557	9.695950215382918457862615468912
9.510682669747295037154799501877	8.715076073389472099961494677700
9.054184482693731439439943642356	10.392072423544622239433010690846
9.173629291936657992323489452247	9.767457635006202565364219481125
9.691328376598479010795017529745	9.983614923119597861500551516656
10.631977035406745102363856858574	8.454483192604412167270311329048
10.125480776503705371283103886526	8.276329953871432110190653475001
10.182817978454099971941104740836	10.025572774760203031974015175365
10.859121900510283253993293328676	10.368832264070961812763016496319
11.288679678440637133007840020582	9.435850253503510032260237494484
11.371972945135544463823862315621	11.268869209641774631336375023238
9.015969515917925392045617627446	8.772124836620720955693286668975
10.062074253913946719762861903291	9.114568383830979669824046141002
10.693368543170606699277414008975	8.946730524494045155847743444610
9.660952678656531844580968027003	9.592010475286812720696616452187
11.742607347301856179910828359425	9.809677562052433685835239884909
10.862878629950087017164150893223	9.104684331937878738472136319615
10.634534717779317247732251416892	11.088543134827359537553093105089
11.809499502421560990228499576915	9.936491747029254639755890821107
10.074518130476558752661730977707	10.679940863585706267713248962536
10.109171081283950144324990105815	11.301865641785280303110994282179
10.643620829328192201046476839110	10.629341160467676630219102662522
10.462932680086847625489099300466	10.286394467574607958226806658786
8.966902719219305595288460608572	9.145723555455116837720197509043
10.486937721122458810896205250174	10.120364054925888197544736613054
11.323931024931431110758239810821	10.093282301306533810247856308706
10.914265980231585118076509388629	10.169128310458701136553827382158
9.549055459041722926372131041717	11.032594818385106805180839728564
11.993230580145580077555678144563	9.654723237919441203302994836122
8.826735750911963052089959091973	9.841013374688207804297235270496
10.060875755130378905732868588530	10.692057782295419698925798002165
9.996646998085672919387434376404	10.908139266712073123244408634491
10.291571594112152610023258603178	9.249118476071183536646458378527
9.374686197721263880566766601987	9.909559278234834067689007497393
9.374867228665562990386206365656	9.827451872996201487353573611472
8.351970394912992645686244941317	10.132579599476141396507955505513
10.644599848383849760580233123619	10.251590144799477499759632337373
9.319771824030006257544300751761	9.472406569802426901105718570761
8.872192206033028938350071257446	9.864180643581903495942242443562
11.216984340309148038272724079434	10.467561646741131653470802120864
9.284370878338748411806591320783	8.750040620675303415509915794246
10.070694205766692164161213440821	9.751493657124539637948146264534
9.259177139089901586999076243956	8.559569592525253511894334224053
9.702900019175626056266992236488	9.704964411715481631404145446140
9.855166995824543363369230064563	9.361299294816047833478478423785
10.431359344373444031361941597424	10.948119821412667818094632821158
9.672486022781280112781132629607	9.493197555970731116303795715794
10.086576759388329094235814409330	10.370808358899083145843178499490
10.571564014314779100800478772726	10.837410398447591575177284539677
8.233748766659360285302682314068	8.372549670239216368372581200674
8.884559250327832558014051755890	9.790694883707971030162298120558
10.904404835395714812307232932653	10.157104965219685865918108902406
10.772619123512066963144206965808	10.010495807253850131246508681215
8.573781503898231903804116882384	9.057436121196392520005247206427
8.906035363712026864391191338655	10.170311341829085804988608288113
10.546323409033229623332772462163	9.335807695932029304231036803685
8.822799340620244734623156546149	10.806904802659541786624686210416
9.282805864158216735404494102113	9.811489828898769971488036389928
10.224244001445375928938119614031	8.761874098542104860598556115292
9.459766188224058680589223513380	11.017015805678720852256446960382
10.459332909417380363947813748382	11.049796217259796549114980734885
8.366990403108632179396408901084	8.426196835381016825294864247553
10.412408733246058645249831897672	9.345002331770347225869954854716
10.059278579878039749928575474769	10.377866577758284805099719960708
8.703012118671663799318594101351	11.662364973601773598943509568926
8.150146826433426028302164922934	8.620742080121763351030494959559
10.037775316992940233262743277010	10.883964447890862814460888330359
10.010781219724727009179332526401	10.935301773083139664777263533324
10.116727631701371237227249366697	10.047503110661848424456366046797
10.998305748155024375023458560463	10.736174562238609553332935320213
10.422078420375733287528419168666	9.143777770173050711832729575690
9.886901813722678511453523242380	10.706787945458893673844613658730
9.519282104821328971411276143044	11.109100055961416586569612263702
10.296346726982781305537173466291	11.585093065796790767763013718650
10.371722932558339991260254464578	11.908437960018574131026980467141
10.847549748732500773940046201460	10.894349446573514228475687559694
9.913599529976332647152048593853	7.860893388896890598971367580816
9.324680972305401382982381619513	9.105577244384821966605159104802
10.040051754532681727027920715045	11.455427450495736962921000667848
10.173570995899385849270402104594	10.824199789048547515335485513788
10.493682093245693565108922484796	9.215225207842777876976469997317
9.890333236626352331199996115174	9.612535684875201269505851087160
9.823454696596439106315301614814	10.245576402452440945012313022744
8.173889878761480431990094075445	7.844526136753666278877972217742
10.336079353264350899621604185086	10.292916099190261292051218333654
10.895775578667976191127308993600	10.291895279576214861094740626868
10.707334362543189598682147334330	10.935739442191714232421873020940
11.906071475263745540473792061675	10.524837894430703499892842955887
9.598963785582590446665562922135	10.300866926888886609958717599511
10.969319730450376226826847414486	10.871797472485436486522303312086
11.338794873958622844156707287766	10.250745103749315134677999594714
9.042791198133146579607455350924	10.135899238791996168629339081235
11.279419906694167607952294929419	10.340523449708177494699157250579
11.352230446933369023554405430332	9.594329506998462875344557687640
8.979340212577575641716975951567	11.637660694047209375412421650253
8.395179450561776945960446028039	10.047567023400810981570430158172
9.858766015168027863069255545270	9.248660230715444185989326797426
