75
10.319812358278117159215980791487	8.984683624307093552374681166839
9.465986048850385969899434712715	8.056786846957701087035275122616
9.326888222783644266655755927786	10.491210652995857088853881577961
10.141902793804087323792373354081	11.102907489156285336662222107407
8.818556676189045262503896083217	8.516344951107152283498180622701
11.525285275055033196167642017826	7.460347280357153110230683523696
10.048472897159072658723744098097	8.549891213330097272660168528091
9.767285420973255583021455095150	9.738874154405417371549447125290
10.299028355798512279761780519038	9.281290373368273449727894330863
11.420967638293133106230925477576	8.487205855309447599665872985497
11.589475253834310208844726730604	9.562579067618646178061680984683
9.533637137562436691951006650925	11.031929243078506530650884087663
9.228475124157876408048650773708	10.369783407045311207639315398410
10.363049738649571906989876879379	7.967909733008408323939875117503
11.119782911648616874344952520914	9.937469264771744192898950132076
9.913096302391879888205039605964	10.618698554163714220521796960384
9.351776935603583140732553147245	10.460081416490272232522329431958
10.356962058794541903239405655768	10.549425561371636561602826986928
9.958467989820119825594701978844	9.411633293827684099142061313614
9.707310229727140082900405104738	12.271228184132047189791592245456
9.916429272599614819228008855134	10.629588480344828838042303686962
9.677251024248663568982919969130	9.955175098177754478001588722691
9.071432035503939061982237035409	8.031260061410728567921069043223
10.572822553798884470666052948218	9.373941216238938167748528940137
11.823949886322399294158458360471	10.447214096223596868640015600249
10.569858291399444993885481380858	11.422031801999789735191370709799
10.388538396802335483926071901806	10.530528628242961985961301252246
11.532406743413915251039725262672	9.572485733026207199714008311275
8.921031483145997142969463311601	8.882240498093008085334076895379
8.850671841157904395913647022098	10.810792171181313747752028575633
10.316966918259719676598251680844	10.770784194702498481888142123353
8.291041401699263957425500848331	9.442021656049425004653130599763
9.330895850536984781342653150205	10.089231786939350854481745045632
11.750837213167695693982750526629	8.294323812241918503218585101422
10.839058404863877171919739339501	9.281218177625492060656142712105
10.789846786283598945033190830145	9.416456327738035980701170046814
9.922340815554717252666705462616	11.762238434401934839002024091315
9.776819019087723106053999799769	9.894799050660672889989655232057
9.248436434916994741683993197512	8.838681165196677014250781212468
9.056736518369771005154689191841	10.233182940909886227132119529415
9.581840208480983278604981023818	11.556447845743299751575250411406
10.923778996587415690555644687265	9.981266331742597586185183899943
11.418177274422987466095946729183	9.574154602516252055011136690155
9.833432004012651717061999079306	10.487906395758109567850624443963
10.556381708661065843557480548043	9.134721470226816464332841860596
10.242459742010447953930452058557	10.508403501216626807490683859214
10.728841571534339038862526649609	10.433264948218877066210552584380
8.958811809418243399250059155747	10.818895388570160420727006567176
10.162519526148395598852403054480	11.277421250533251395609113387764
9.516429021551614297891319438349	10.763936105060063042060392035637
8.515420084280354018346770317294	10.475733477466880216866229602601
10.507103269499982189927322906442	9.624826704447233538530781515874
10.121470318429381052283133612946	9.618875308972322457634618331213
12.802836564469599167637170467060	8.835718943419355042578899883665
10.557410785465741298594366526231	10.944625288291989662070591293741
10.709349750275434232094085018616	10.979344765637504721667028206866
10.489915286694650120580263319425	8.407022634381313253015832742676
9.127995474595383740279430639930	10.391343833431774257292090624105
8.958164208216429003073244530242	10.316382934457990927512582857162
9.379588229129712573239885387011	8.328247000676462619139783782884
9.083216730681868966712499968708	11.704633886140927145902423944790
10.770789709358460584098793333396	9.794694246998128406289652048144
10.006924040747270154838588496204	10.711437043800717816566248075105
10.411118143068593511202379886527	9.905355594501770610804669559002
11.475778027317046436905911832582	11.565399486469701173518842551857
9.806628860366409128346276702359	10.005473376962276788049166498240
10.264069517907817186141983256675	13.107254545827203173757879994810
10.580156297452388614033225167077	10.299556631355354596735196537338
9.389711069454172331916197435930	9.163193383628680521724163554609
9.779080685419250684731196088251	9.995042675159615086499798053410
8.858868764818756957879486435559	11.297765305610599995134180062450
11.833130423018415555702631536406	10.644331583349986303232981299516
9.707084882871900077816462726332	9.691921757544026405639669974335
8.939764918379070834930644195992	10.242365359235048316577376681380
12.032714417911641646696807583794	9.583851485079293297530966810882
11.133951469423342572895307966974	9.873666873597251480987324612215
8.563105194874710335284362372477	11.073185771573140101509125088342
11.244995180076138296954013640061	10.264654957206532870372939214576
10.836384008155404146123146347236	10.917395342471293062658332928549
11.226610050357843206825236848090	10.652739375890636353005902492441
9.618581924764406210215383907780	9.118717206400493324736089562066
9.312544291358964443361401208676	8.926640062767720706915497430600
11.081519058970055624513406655751	10.132179847361090452295684372075
9.102126721600695802294467284810	10.826429618498814022586884675547
9.877252323002258194151181669440	10.637262393691335304879430623259
11.110337772663305244691400730517	10.122128770645208106770951417275
10.675995171724000698532108799554	10.854272478356099540519608126488
9.370778538098322840710352465976	10.640662308309881467494051321410
10.331696088309602288290989235975	9.052125912075322133887311792932
9.659153959354558338645801995881	8.644730000941549974413646850735
9.817200934531031819574309338350	9.299120007263503850936103845015
9.071892639488192244812125863973	9.215289829466584592410072218627
9.764977701296766454674980195705	9.809813061796500477385052363388
9.900498501989909883036489190999	10.177810497866603967054288659710
9.397893534668579462731941021048	9.714906714950508614947466412559
8.933328888717269933295028749853	9.776154039867289924359283759259
8.651124071476816723702540912200	9.684270345563126269894382858183
8.831783511564864852516620885581	12.493107415570841922658473777119
9.302241965667533918349363375455	8.619782604248021229409459920134
12.208425684382760323387628886849	9.499804293782311503946402808651
