75
8.856879094793274731500787311234	9.303166925566909384315295028500
9.507846650663145382509355840739	10.000811030793451905651636479888
10.630777880068118079748273885343	10.036333816811966457294147403445
8.524046847231657508814350876492	8.921072599501595590254510170780
7.834837293805364311083394568413	10.567127171098313453967421082780
9.292155929266623815010461839847	8.742919092876999087593503645621
10.746439316816584153002622770146	9.797066150069527523669421498198
11.352689255660635581079986877739	7.222224328411444460584789339919
8.731669504376791124400369881187	11.180691695000893659539542568382
9.889822864838532012754512834363	8.760993937160769462479947833344
10.113861942727952580867167853285	10.950588255024999995157486409880
8.837974212200535362171649467200	10.970852123662579558072138752323
11.638253011860379970698886609171	10.580187896319314333481997891795
9.597019496810528238484039320610	10.315906212463721303151942265686
10.458605313448321894043147040065	9.396708155387138106107158819214
8.004120885746669245008888537996	10.186207118218701950240756559651
7.643799221683923228454204945592	9.256954062703776742182526504621
9.142408777329208646733604837209	9.660993373066393274939400725998
10.868805363317060042049888579641	10.783623225950625723612574802246
8.985531264676380303058067511301	11.192593990023365080332951038145
11.203937534554487598370542400517	8.818766746335683137658634223044
10.254834363822354248441115487367	10.057938358150169122495753981639
12.130424345023849141966820752714	9.435969577016658504931001516525
10.492210958151003907801168679725	9.721854849441557533396007784177
8.718188560688346910865220706910	11.129109657239414588048020959832
9.458098755477513108758103044238	9.785939721512567857075737265404
10.053178459927046617394807981327	10.239056963093592145241927937604
9.549131127728969659074209630489	9.850258037500063679203776700888
8.821601754572297338086173112970	11.009490273188292874806393228937
10.324026515840413864566471602302	12.218266937588481368948123417795
10.004037285139096624675403290894	8.935509143911717799824145913590
10.360281120476001248675856913906	10.660838982968598998013476375490
10.611510600252671565613127313554	9.679327737980335299994294473436
8.639760616859328834493680915330	8.768696557736527452675545646343
10.918424410655440226491919020191	11.540244090163566781370718672406
10.531888365372395810481975786388	10.466217220127413511931990797166
9.341411068929414085459939087741	9.639349871032939276460638211574
10.638946999760619860353472176939	9.033730465722534574979363242164
9.696103124955074648028130468447	11.224590747501920873219205532223
10.352965686235418019123244448565	7.540740466528133012502621568274
10.171855156363157846044487087056	11.059399838666477577930891129654
10.699955659493401327608808060177	8.733596449358611124580420437269
11.129364162958735207098470709752	9.292499316950216581290078465827
9.507050258935340281141179730184	10.539948578484349184236634755507
7.701085772583266653157352266135	10.483613718523720592656900407746
9.183920742508075107934928382747	10.014664973076856213651808502618
8.780578493418905949852160119917	8.903010412252225336260380572639
9.657171731542945281034917570651	9.917146932522680202737319632433
8.980268544866760294098639860749	9.883425902153826214657783566508
9.195540027368023672238450672012	9.942644045965456811586591356900
11.312684171053417614416503056418	10.299121592376714318106678547338
10.744552276435626936290645971894	9.381360598987669163761893287301
9.754818919893128992271158494987	9.878202421844937575201583968010
8.838449255550060001951351296157	10.433130285183619179179004277103
11.557041436285901525593544647563	8.761976677760593190669169416651
10.531304711856131817171444708947	9.905908544555165562428555858787
10.345953760172275082140913582407	9.694154612174184393325049313717
9.350211738154817098234161676373	10.254505764118032828946525114588
8.781786166571009744075126945972	9.955741538155095327056187670678
10.812104018385136683377822919283	11.308348019747045398730733722914
10.289774727610867088856139162090	9.421070346782769888704933691770
9.246918987069754791718878550455	10.092568820223760894805309362710
9.894374755319017111787616158836	10.528785651616095364602188055869
11.246470568983728099965446745045	8.788564862356546214527952542994
9.273507231307426934563409304246	10.607354173500111116368316288572
10.323419933237030221562235965393	11.036128534553332869450059661176
10.240905062313048645705748640466	11.369259991186313030198107298929
11.399870396927154203581267211121	8.512222283725236593454610556364
10.295936997532981749259306525346	9.457077029142665125505118339788
9.262425230663925646013012737967	8.864151449080727829255010874476
10.515113136428617224282788811252	10.483190464661653606981417397037
7.963693765858752549036125856219	10.309088266955118484702325076796
12.403291495472746674977315706201	9.797759926390233076176627946552
10.262199133361596281588390411343	11.007229308661500510879704961553
11.258278438495594286905543413013	11.972222735200693577439778891858
11.357916044189307669398658617865	11.320393854214916729006290552206
9.845354602358899143155213096179	9.671812041297501494341304351110
10.833372447320888554145312809851	10.522125628223497173507894331124
11.072231857216188188886007992551	11.397401823155677291765641712118
10.530317650240466065270084072836	9.177636034431507994213461643085
9.921085494737832632949903199915	11.202146783484202785530214896426
10.171146722228664671661135798786	10.651883373263098420125061238650
9.074907438526421898927765141707	10.159039613225740339430558378808
10.615791952349368898467218969017	8.577611173169344738198560662568
7.647386788187152895091003301786	10.042567475131116694342381379101
10.816486714734820040462182078045	11.199975621727002561556219006889
9.597744617527405708301557751838	10.689291561147271636400546412915
9.216378958632658324745534628164	13.456498918139377707348103285767
10.344874104972562989246398501564	9.399741529439253895361616741866
11.793655041452531406775960931554	8.522815905108803491430080612190
8.227862441656576208970363950357	10.475118218656678692468631197698
11.525257369211137969955416338053	9.038575003850350952916414826177
10.170842388764778974064029171132	10.886498848397735628168447874486
8.848314728428407605065331154037	9.506566595606903646853425016161
11.450941905424297573290459695272	9.067380783776608055291035270784
9.520536651475570266711656586267	11.262305759410679684151546098292
8.775062129044380654363521898631	11.431884118940310202106047654524
9.309876117166657749635305663105	9.451404212895738510269438847899
10.248615479200177347252065374050	10.738629215928479965214137337171
11.881550631323108291326207108796	9.543639187155875447388098109514
