75
10.054617301517373206820593622979	11.133043129181356079016040894203
8.425039346334488143952512473334	9.315434954474437034832590143196
11.266597562699233847638424776960	10.107373594286878315529065730516
10.978215095777571264079597312957	9.538018569147418190823373151943
10.479476180096760629112395690754	10.727646557839452867710861028172
10.703121970967618636905172024854	11.013473632804835489196193520911
10.033444980051539729970500047784	10.745249514940910628979509056080
9.658949318389835170250989904162	9.557261262065480877936352044344
10.138167451189193712934866198339	9.937010192784914153207864728756
10.818882019396991012172293267213	9.621595391683419151718226203229
8.461124010730801003887791011948	11.512890040077927267248014686629
9.698344904727465021210264239926	10.966016895692336063916627608705
9.634525577410517627185981837101	8.790526746050256079456630686764
9.200069806591685050989326555282	10.778481523080655435364860750269
8.699383818230753462330540060066	10.266603055253126441925815015566
8.539894045319659454662541975267	10.239179172474832668626731901895
10.659001359051533341926187858917	10.487946661959297145472191914450
8.531937105877835492151461949106	9.595234417217993083681903954130
10.410190217940739287882934149820	9.854480271355514631181904405821
9.332675335333904698131846089382	7.365466090673192134374858142110
10.199266792148252491756466042716	10.162525398053920966390251123812
7.447939852695107276758790249005	11.648474176222125109347871330101
9.481266876064939452817270648666	10.787010128942705833310355956201
10.912006809763763470755293383263	9.316067425977044180740449519362
10.662729865199604972758606891148	8.889540859072644352067982254084
9.424429834234892666700034169480	11.196070163662776408841637021396
10.392074779852213950448458490428	9.152373151011243379571169498377
10.176170177368513591886767244432	9.668397365540558396901360538322
9.868449332065360124488506698981	8.545104952156515665251390601043
9.931892363101569642935828596819	10.255864463653107776508477400057
9.264354700680396348388967453502	7.702627747097491983652162161889
10.723141569787733473617663548794	11.250913268598624839000876818318
9.459610093680490550127615279052	9.590066669719442771224748867098
11.060994894292900170285065541975	9.161385162158239836571738123894
9.618349129344219150539174734149	11.527498660672963026740944769699
9.665834177038204799714549153578	9.680203539440856985720529337414
8.430065148995133483822428388521	10.718419855413598540394559677225
9.015168247590860772788801114075	9.914396789827538469808132504113
9.728073695390072828104166546836	11.226596326595103647605355945416
11.252304969321350824884575558826	9.401388958105346915772315696813
11.795355335149313447118402109481	8.170533699827450035968468000647
8.820364325796230531295805121772	8.806955946722720085517721599899
10.859885315126945215524756349623	10.336197689484642125989921623841
9.554408677921408354904997395352	10.625239693382800609811056347098
9.918518454123930183641277835704	9.562908439184800712951073364820
10.086869173417085221444722265005	11.056878311221353783366794232279
10.731102845832660719338491617236	10.136681641159933420226479938719
10.346696066250052226109801267739	9.965363395331440443669634987600
9.999242051372499773265190015081	9.351697074612696169992887007538
11.905041179163317721645398705732	13.004185019723925265111574844923
9.707029155502389983212196966633	10.140290422628337907440254639369
10.018753527673467829117726068944	11.188314761999436086625792086124
10.348662961952236116758285788819	9.360172597229336588497972115874
8.604188580556765941764751914889	9.741421324821363469936841283925
10.650084260255747281576077512000	8.573497532724584146990309818648
10.096560311886500826972223876510	9.025004721180490463439127779566
9.605348526964721855847528786398	9.613069234219882019942815531977
10.616662077084741966359615616966	9.253703292597837304356289678253
10.497918357503607467151596210897	9.059447791078246936535833810922
11.227232367010003599716583266854	9.500072634394175707939211861230
11.436047364988489505321922479197	11.327495714783657021484941651579
9.635557104039301989928389957640	11.440525551262512138350757595617
10.032786430566371649319989955984	9.660755256969126847366169386078
11.688843211681827938264177646488	10.064977884923102635639224899933
6.919956806142868011022528662579	9.205596162891977130016130104195
11.405621688575712013857810234185	10.585785779405682660581078380346
10.344887707339832871866747154854	9.181758482322733172509288124274
10.018265789301414869783002359327	10.634053928911887609842779056635
9.350982755483139285956895037089	8.977819072010726486610110441688
10.872808081074749608774254738819	9.861749115740472859670262550935
9.519206151010264349565659358632	8.297448969371668425765165011398
10.765763930407194592930864018854	10.078277647926750404394624638371
8.511191872180912554313181317411	9.061553114677501241658319486305
10.101716614359798285249780747108	10.497804032094904869154561311007
9.272862778135277039837092161179	9.524491459807499893486237851903
9.362429983350004647491005016491	9.102587591797485444544690835755
9.454951294605494993561478622723	10.391005169705243460498422791716
12.380396970894601338386564748362	12.739631608842946874915469379630
9.370978921567393982172688993160	10.646730655028425971408978512045
11.007908491698898956201446708292	9.930845898770225943508194177411
10.455826603634729821123983128928	11.229729222559338808196116588078
8.557228413865002991656183439773	9.514599288526957465705891081598
10.873893522523053078998600540217	10.038729537388142887266440084204
8.754183906448691487867108662613	10.136211044148740967330013518222
10.337471414959701121460966533050	10.982281296040117268830726970918
9.430718611230371806186667527072	10.928838704269830728321721835528
9.596809598022373322123712569010	11.285510210457374569159583188593
7.880126438007890143921940762084	9.806776340536041303153069748078
10.232407464356475301769933139440	9.949126447729199185232573654503
9.170900802160147691211022902280	10.678375338851830989028712792788
10.986365907319115109430640586652	7.393721733560079556468735972885
11.711620518958612890969561703969	10.861506346516815568747915676795
10.628171591465614298499531287234	10.746715366388469803382577083539
8.993188311672055235135303519201	8.691521781485429087865668407176
10.843262896705908815420116297901	11.069619024850970490092549880501
7.296457074682000332188636093633	10.361841090281730615174637932796
7.828166337428118737307158880867	10.610969274618614832661478430964
9.872835015739962472025581519119	8.676909873607229428671416826546
9.408694720144099576941698614974	10.084349534168648432341797160916
10.774459071309202329302934231237	9.942774882813415260329747979995
