75
14.531207494930653112419349781703	16.557002554373422498201762209646
6.694245906025509285086627642158	12.129998463436397315717840683647
14.478793760661638145847973646596	3.533472863145290521202923628152
13.838242192950435338616443914361	11.921195013284847874501792830415
11.157844774074341387404274428263	3.331578045648186936489310028264
19.792006407725832417554556741379	0.192656625887377419559243207914
1.815361741073875379015589714982	3.787171262630595336418082297314
7.049068049253685686039716529194	8.591891208517811406863984302618
19.075793118559165151282286387868	3.960150832998099446058404282667
1.736134104378135312174435966881	16.619677075352431216970217064954
14.758588999978458744521958578844	19.305783309335829756037128390744
16.061353691890666084418626269326	2.393421602065148867666266596643
5.536865772640380711777652322780	5.629960146740284443467317032628
6.658797246952889992144264397211	14.185842117171192811042601533700
3.107934843410011804820669567562	7.399367859703732008824772492517
17.832022327052502674860079423524	6.721275892250599959254486748250
7.876450982932277078418792370940	9.538791501157628971441226894967
18.870496355245116149035311536863	7.119449037774458588501147460192
5.559395147041885643091063684551	15.109769426794271041103456809651
0.162728777725500428630311944289	10.268561699766499017982823716011
1.960096745761885639325328156701	13.836768160436934138601827726234
17.501720868003406650359465857036	6.605041366799826008104901120532
19.134764294597907507977652130648	11.177391078034130345031371689402
5.893783788908557141894561937079	12.641829747796059280062763718888
11.414834383970005049491192039568	18.721993659693044520508919958957
19.040269876709182028662326047197	16.643908278611320383788552135229
3.108880106241189711369088399806	19.432655926097591958523480570875
19.206579608594864794213208369911	14.436867333966061366368194285315
12.576288209388433614321911591105	19.451369987521434978816614602692
15.068967758260832567884790478274	17.659918669460139994953351560980
2.759584701442863163833862927277	0.458032497294145191091274682549
2.817995228374006178029276270536	2.717474759047553423130239025340
5.557247378348915134438357199542	10.924128849285059672524766938295
13.654555685553273036703103571199	14.341236232609359646517077635508
18.808132689708838114484024117701	15.427378495901784560828673420474
0.143232459544282431096462460118	18.163705797227901683754680561833
13.970014977686366464126876962837	13.816595734502868708659661933780
6.458617328795616785441779938992	11.578498174191803826715840841644
12.579541344769388899749174015597	11.113194351231793888246102142148
7.208784531804504069896211149171	10.759653161306079738324115169235
3.884071167447273875694691014360	13.435373107768429079555971839000
10.738012710535652871612910530530	9.894298637594760137403682165314
19.290636503425897529950816533528	19.024981235745340057974317460321
15.271023113000985915732599096373	6.775561418272753044789169507567
14.196964169697825042248950921930	9.769124112710724006092277704738
0.746921916025697907315361590008	16.153866944369333680242561968043
16.428503555712481443151773419231	3.039134590736924934617491089739
3.757743803973738749846233986318	10.125486319068725649117368448060
2.428255405107677677989386211266	3.048791901216687527664817025652
19.473418156946870283263706369326	10.625715495723987658038822701201
1.756477522540449420773711608490	0.520453518245092006111462978879
10.657877823182753118658183666412	14.077761346707731604510627221316
0.472486323683032338749399059452	5.622195776267117750535362574738
6.175837807692722947194852167740	0.184878879172076793224732682575
15.288694193314018576757007394917	16.695332279666395436379389138892
0.292528579606419203429368280922	9.202384172565402309373894240707
17.622640946351012303239258471876	13.975350511544901266347551427316
4.016366420195566888651228509843	5.763365560900051143278233212186
13.111500942836189054219175886828	13.307455832309722509876337426249
19.627011996514358571630509686656	18.633097349335159265137917827815
10.988192217544250794958315964323	1.947158914097888438021755064256
14.828729491993470901434193365276	19.623398109701291502915410092101
11.289678726723126445108391635586	17.338060891851746703196113230661
5.293741714275991938620791188441	8.514228786533539761194333550520
3.801894943854369213198651777930	10.096312564359060104379750555381
9.056238345268036837865111010615	5.489646276983819461747771129012
0.493454330199933899336883769138	19.923033176583935244252643315122
4.655081622627916360102062753867	17.040213040945676681303666555323
12.126546526968038364202584489249	0.649375268812082406810759493965
18.375542972210666903265519067645	11.985884507938855847442027879879
5.358932731169536722859447763767	11.900581825698502314025972736999
2.003646879211580245083723639254	7.186399189360903605461317056324
7.587906375277277959412458585575	15.558269832365500207060904358514
3.327698809250547729021718623699	1.464491634025546495934122503968
0.850875175405330086420008228743	12.929690612949531924869006616063
3.685551998566818365787867151084	7.588075711209240736820902384352
11.007749297391347553798368608113	14.594582195793302403785673959646
1.778979588940845513178601322579	2.042329954928463475738453780650
8.399324996651909458478257874958	11.752306086908706816984704346396
1.925100320832702216478082846152	12.336038109247164484827408159617
18.978325405228297029225359437987	4.666758474723722294186245562742
4.565300869209137246684804267716	14.933535133905767366968575515784
15.440433030887238174955200520344	15.203533418230412266325402015354
6.894109919551807408311105973553	3.008959631028407244457412161864
5.867696481421891263607903965749	10.798681980993814377711714769248
1.976144287059393711558641371084	13.891199573811569223380502080545
6.804244191817669928923351108097	7.844532734318976352483332448173
19.497036977379536892840405926108	9.306410555543788376553493435495
3.161432493066438365048043124261	5.015289053107336414427663839888
4.841416220853378860056182020344	5.098566903848931630705010320526
2.279606408151613194945639406797	11.798849906475458837462610972580
3.013962298626666758138981094817	17.094784860105662005480553489178
9.421664023293924827839873614721	12.669091792121919937130769540090
11.615702552632026112178209587000	11.241822288631306392403530480806
9.804203602495045188902622612659	3.866640925034534603810243424959
1.138579996624278223293913470116	16.327759998113407391429063864052
8.053389622045070694866808480583	8.429405051793404268778431287501
2.549715807650876353562807707931	15.754863203883767042157160176430
2.859755574081439544187333012815	2.366282187348427434869790886296
12.231803216827589864124092855491	8.404942640086867200466258509550
14.984707063087604694828769424930	10.194144157511118464753963053226
1.208047203600863817030131031061	1.175518087030749114774152985774
10.928571993617490321071272774134	15.946733645496342646197263093200
2.352241307152922455969701331924	19.725580381962995346611933200620
3.709966444661263462734268614440	12.338145761321090532192101818509
7.646475039048628019600073457696	5.246229584283734759253547963453
17.566131893621928838911117054522	16.702660786428594974495354108512
18.827366332945793203634821111336	16.063848155625695568460287177004
18.421464991139369971051564789377	1.722836447609952248427589438506
6.846084564528300830943408072926	7.140612885002585841220934526064
1.003111329924901706789341915282	9.866344367457857700287604529876
2.263072930348750677609359627240	7.911526101538570721061205404112
1.749584444509040270787636472960	8.623230655430429436592021374963
16.517663345780956518638049601577	14.262584724961463678027939749882
10.391742938107356053478724788874	2.815089935325667536147875580355
0.297311186775983671282119757961	2.051578118233572389783603284741
11.390247496770376400831992214080	11.547284389109790936345234513283
4.802747061706547526682697935030	7.882562467203408473892523034010
10.998022020830216405329338158481	6.553386931248066815669517382048
13.129179457219935400758004107047	1.747805521094707437157467211364
6.180591669525261622197831457015	6.016972363939112611319615098182
15.343840271512533490749774500728	8.639902330015175380140135530382
3.987961427749620035854150046362	15.341434545158508129247820761520
2.496226171752280453830508122337	0.347360793246351828855722487788
9.928633021955281634518541977741	9.704443900830172609062174160499
8.326997001758712713126442395151	13.854384959104262264872886589728
14.115338411731251255787356058136	6.526589077219410839347801811527
4.900825138771319089414646441583	12.793444488042922557724523358047
13.974494521509946309834049316123	13.993694875736391480813836096786
15.765568887514227469637262402102	7.088408260577496733390034933109
3.238231535663163018767818357446	19.664468681889680112817586632445
19.442319429158001042878822772764	6.789404902117728290988907247083
3.094718396161755258333414531080	5.911629616325210889726804452948
6.059406619840375540775312401820	9.831525114595592640398535877466
4.502355197894225113941502058879	13.725387754552444974365243979264
0.404041693059513651320457938709	3.057273306486172348428453915403
10.882818872153588785067768185399	1.999652311496940004786893041455
2.519213598434091316846661356976	7.819432947295251068453580955975
6.762744278987781854084460064769	0.100419819653041475504551272024
7.065182052115508426481937931385	16.562953736624635325824783649296
11.680368867671823807086184388027	14.084152073216600342675519641489
19.324828453359167212965985527262	9.721705331960725615658702736255
19.396550037520828624337809742428	18.733797594330901858938887016848
14.241194837086979418927512597293	8.498231326262757789891111315228
14.941076181423760260713606840000	4.626430917163755651699830195867
7.174421589923356989970670838375	15.298871024341732294260509661399
17.400402160901865755704420735128	9.604567153026152936945436522365
3.716504184663429466439765747054	4.394110921394709379228515899740
5.252875663861393817910538928118	5.154494789637351637168194429250
6.808554845813857170355731796008	12.910152912906625033429008908570
12.871211150911449294653721153736	4.537271450120929472404895932414
18.167014946054340640557711594738	18.435457924588849465408202377148
0.709848832679136343415393639589	7.071642441367254505735218117479
16.260280412707736275024217320606	13.065151294573123408326864591800
0.185879648385214313321966983494	15.373391803530513044506733422168
15.864482937721087196791813767049	11.060825317409010537517133343499
19.994061788003655522061308147386	16.455100177962286522870272165164
8.126714931284373832909295742866	12.229804184538689781902576214634
12.996179634877051967123406939209	13.590795847269854235150887689088
16.407334577296989408523586462252	13.160637746987982055202337505762
7.635670319997318600258040532935	1.281340188583364181340584764257
15.307763263199802850067499093711	13.873028358010039085002063075081
16.711985047628022726939889253117	18.931706530625941553580560139380
15.906257692231665856752442778088	4.767876494464133863004917657236
15.780505772004211451076116645709	7.530050251467255151283097802661
16.272367305343539811701703001745	3.289287998209944330341159002273
11.531856174678054571813845541328	5.605387185909565417318844993133
5.353400873792772962644903600449	0.636682415376863541922602962586
1.315000736771021472293341503246	1.391009417936579506402949846233
7.518385653101613996796004357748	16.107193864751149448011346976273
7.937673827554283079166452807840	19.461426113587343422750564059243
18.254432347955091842095498577692	10.158271867221822404303566145245
16.669178874349711350077996030450	14.234002932970327037764945998788
7.873486659273682519710746419150	4.936282106585611728633011807688
19.066731043953623725428769830614	1.541942440426220528593148628715
13.242176906959368665184229030274	14.531115596553579649707899079658
14.996402063593425424414817825891	8.924827380433155710193204868119
15.344567063344733526264462852851	17.593098187122095055201498325914
18.093646205784736480381980072707	12.065594686261055912268602696713
10.578853064086533919407884241082	12.914578228296687001375175896101
8.518045006438935473624951555394	12.493174910290552048763856873848
4.882071668126553021238578367047	18.530706401876489763935751398094
15.304779046552447141493757953867	18.351839308014991303252827492543
2.961604236838883963400803622790	14.430658748557680937096847628709
11.831227498637304051953833550215	6.221165673699244891281523450743
13.957931203210483417365139757749	18.495758101470002543464943300933
12.167547672070016417933402408380	14.873443307890712006269495759625
12.530739573723295166018942836672	4.803670663336041535274034686154
4.110922658080500724508965504356	0.438185801109256534147107231547
18.613295084635598897193631273694	15.021242763187245827793958596885
15.582168820805913256322128290776	7.853084585872773359938037174288
4.937204652392654935511018265970	7.382735242695430244452836632263
11.303192303287026732050435384735	15.559140618941116329665419470984
7.437331623807699187977959809359	19.564749451386646228456811513752
2.920068246327252037275457041687	17.705777825316559415114170406014
11.963551623500341847261552175041	13.973165636532431932437248178758
0.080913532422659528720032540150	4.084597650991225847860732756089
1.761306695120232745921384776011	11.242506425958527671582487528212
7.437263285954893277107657922897	15.581415886654797375854286656249
1.328948420288118548171496513532	10.648616644670120479077013442293
0.736313903503920119675285604899	10.931417163938981218507251469418
11.044679748246268857769791793544	19.216513098222083755217681755312
7.426350060864647772973512473982	10.199669609024944350039731943980
12.326486331499172166559219476767	16.872788303951502086874825181440
13.197359929476883522170282958541	1.082255738066943973052502769860
3.778508513903087173702033396694	16.017780297433638736492866883054
12.427426995148438848559635516722	15.930461069499347814826251124032
8.407575369561078204583282058593	14.316500890847688509666113532148
6.184764464550946527765518112574	19.268143690035060444643022492528
4.819848310764847099108010297641	3.456140311001769660492755065206
16.539826877623017509222336229868	3.628028260437403673677181359380
2.471374008397806409931263260660	9.101759943456714907483728893567
11.740801007644494191595185839105	10.051770852151616253422616864555
19.702684080578201530897786142305	11.614735940060636920634351554327
19.207374496699578969582944409922	4.003777468863189525904999754857
14.560759007755653016147334710695	6.058245086850668315037182765082
2.176767845961511405050714529352	14.186991207693885996832250384614
14.602635717876250254221304203384	12.074690142954910498929166351445
18.670642198036652814607805339620	19.741665131317343906403038999997
17.013129302662047592775707016699	1.722517757260355608650570502505
2.476337126576273472977618439472	13.499372870949883918001432903111
5.011594685034808094314939808100	6.552233585610299115842281025834
10.899047103379125189803744433448	12.755425449193396048030990641564
17.225494375868617424885087530129	2.298175859203155368959414772689
16.289987505997782335498413885944	10.794120024059793649939820170403
15.733190954213874590550403809175	8.502898033227001661771282670088
18.828579374399552648355893325061	18.245996978411941569220289238729
14.406581348530878017299983184785	0.486589007750004576280389301246
13.384304021911594517746380006429	1.095328236366415186608946896740
11.219762388653444773467526829336	2.197469557651217098026563689928
8.955927771818593896568927448243	9.836713163736956033744718297385
13.095896023008915420859921141528	4.422431150055842863366706296802
14.197913862875740420577130862512	19.119281544367595415678806602955
15.285068987809770746366666571703	2.638322036048637020400065011927
9.812383499594147906464058905840	19.435741420375560295497052720748
12.793147144986177110581593296956	18.925398680402505391384693211876
9.401878261043052020795585121959	13.449450130048443696750837261789
8.064963164971633347022361704148	16.180497527192301276954822242260
12.884936602740740596573232323863	15.828291924365377241201713331975
0.831218796606980614427584441728	7.914663906540699400693483767100
13.595217312728200553806345851626	5.944706479132357834771482885117
18.393646279646741703572843107395	19.779770876878920660146832233295
18.646398830443885685781424399465	17.168998679595151912735673249699
2.923861992776948248717872047564	4.947827604707379478554685192648
15.700176775101502002485176490154	7.171370913953925452233306714334
15.082747433136239223472330195364	17.581554738507524149326854967512
16.431908263497984279410957242362	8.517781502396349679884224315174
6.641383368243567453248488163808	0.642100862825283336121628963156
4.285353368246251903883603517897	18.033290553315243442966675502248
6.921175505367811453538706700783	7.562571908670674858399252116214
3.240508570932894016891623323318	7.895461438287078692610521102324
17.454610689463383010888719581999	3.549382370236182637768251879606
2.262329268297826878608702827478	19.039704368781972476654118509032
1.333330318675896020153004428721	19.714443582255746889586589531973
2.276634405604285316115920068114	17.943598895161237294360034866259
17.720926458995311492117252782919	5.564044432227017722425443935208
2.601173215917078618275581902708	17.395006933230135359735868405551
14.359354536987709138884383719414	5.606214864684034182573668658733
11.208890766726010923548528808169	3.789154726177008658538625240908
17.460124018755941222025285242125	6.747616440783881230913721083198
0.796604343260574054852440895047	5.648054197479160265515929495450
10.994759152395634060894735739566	6.238822522626543687351841072086
8.861307268622891086806703242473	19.922847942458673742294195108116
1.012965761065967029708190239035	19.210514631353504455546499229968
2.120866413361264246617565731867	13.150062212318267995669884840026
0.001267194416114669763828715077	15.024569862293102318062665290199
4.971047784799780266951074736426	8.904292470964570327396359061822
16.113934314527135427397297462448	1.366413913127682011605656953179
4.946216252814195080134140880546	7.276281370177402507692931976635
14.607290654509190730436785088386	1.362122943776280514782683894737
2.468766482551061347550103164394	18.727644183644866160420860978775
18.143647752508435644358542049304	16.606017254495302637451459304430
12.235331466403462030712034902535	0.137320540246803624029325874289
1.783401611711668000026520530810	16.243273224036357760269311256707
1.795044261993987699810304548009	19.609422419545129656626158975996
4.792690700733706066216655017342	3.246988099596539445457210604218
16.684246650137954048886967939325	2.592915737749466043027268824517
14.186312623139588851017833803780	0.772667341675628005503995154868
17.195879346757980243864949443378	15.995001171922137217507042805664
0.982132486233349144555404564016	2.588032567609157563737198870513
17.919120089729052125449015875347	5.078469733872115199346808367409
8.309776865708188964276814658660	13.207918810163532086221493955236
10.028499031936688012933700520080	15.521195925640437707215824048035
4.160574502440899102850835333811	19.817677642417883987491222796962
18.249083711270753127564603346400	15.441220974576616242757154395804
10.211819058786550939998960529920	5.480082766726141585422737989575
18.089831648429505861486177309416	19.656202585931819015740984468721
15.804152824209921845977078191936	17.671119665621741745553663349710
17.684493249667248448986356379464	13.610332491538191135305169154890
0.002931324352031250413119778386	16.279309926292690136051533045247
4.031316800419590506976419419516	5.934576966578148926600988488644
5.965266006970530554553988622501	6.267065844830916887531202519313
8.296373908412517650390327617060	2.143409032433323258004520539544
12.349157713293292815137647266965	8.796563422084442862569630960934
5.358785187411648109900852432474	2.081470682857700094103847732185
18.296487107580162501108134165406	4.731275270946144750894291064469
1.789962160743496788484208082082	17.068872092313853272571577690542
19.287702767200045173012767918408	6.077342609743519474818640446756
4.317598751093281173041305009974	3.596395790585065199707059946377
16.117649039606039451655306038447	14.698917797016406439070124179125
