75
0.542771699433890475461339519825	15.751824475633473099378534243442
13.846442893404883989205700345337	11.984470535768300791801266313996
7.505914363889919727057531417813	4.547462678857574047697198693641
9.634046448669939977094145433512	11.373894740558384341966302599758
14.683314573490338972305835341103	13.052166779038371302590348932426
9.617935664690262953513411048334	16.847298320557737127955988398753
3.808504171677911109838987613330	6.910313731948553694905967859086
13.618397350748296048550400882959	7.564078720305026592996000545099
10.800997435932410795089708699379	16.261493269726347676851219148375
15.409939316080137672315686359070	2.203576432080125435675199696561
4.427240108508341265292074240278	16.125993096717262886841126601212
11.056609313058514132421805697959	16.980973983881842315213361871429
15.735341363944208126213197829202	11.738270732141877772392035694793
14.354004120260400512165688269306	7.124233423290560196505794010591
15.303068417651026322801044443622	15.594649851324358991178087308072
5.057743555916578870323974115308	8.280361547134550193050017696805
12.349756588412205360327789094299	17.814130846149801357114483835176
10.331373795887317967867602419574	13.033724925116414894432637083810
15.892793902997176758162822807208	10.764196945649265657607429602649
11.306608350494675718778125883546	8.310421375364466456403533811681
2.231712664601706919142998231109	0.547469826397429804032412903325
18.402360953480787486569170141593	9.863175763461974554502376122400
18.152100246796834426277200691402	9.599548451866265708076753071509
15.062805175223953568774959421717	17.110257007166726594959982321598
4.397052878168628886612623318797	8.183264256440867967512531322427
9.193883564691914145328155427705	4.792393642215212246071587287588
13.966580235063393189420821727253	18.436671156074449839934459305368
8.613658682243721997906504839193	6.787239295034998676214854640421
14.080117262281826029379772080574	10.919093308572664469124902097974
14.816386712818994553231277677696	9.294746244278563551688421284780
12.597356511862662031830950581934	11.772486066981993957369923009537
6.689676389965159231110192195047	16.990631682258111823102808557451
4.525069521698173780066554172663	8.785383176828638340793986571953
2.794216928205843775145922336378	4.578648698413212869695598783437
14.676007510636537745085661299527	11.530183518080319160503677267116
11.432953743283746916858945041895	15.079398712438292662341154937167
18.227783007780658408591989427805	16.281676260765909347583146882243
11.981001218725037205103944870643	8.786300867563241467905754689127
8.398170329584930371424889017362	3.283213117775198863768082446768
8.861556140634139211442743544467	15.029255339734433505327615421265
14.944637731463387808616971597075	12.247370528234096553887866321020
8.170195918825948311337015184108	12.857436294648834973486373201013
2.991791333870825742025090221432	14.350497223020202142151902080514
10.638743455699552598048285290133	3.416362582695579241942596127046
18.102403396244035604922828497365	8.022664571312466463837154151406
6.793029284299525016876941663213	11.526012429244959278662463475484
10.495182524774248733478998474311	4.192264729682852575365359371062
6.937107039183240786428541468922	13.949846359032823883694618416484
7.401219997095815905652216315502	4.872733030068361337328042282024
9.871961871754592721117660403252	19.192941009495953608166018966585
11.683911499295843938739380973857	17.597479447017157383470475906506
14.468505900999341307056056393776	4.377734826118944155837198195513
19.539382092976282478957728017122	8.362559249835710417642076208722
7.526808963546645081521546671866	5.226348748428845780722440395039
8.140530696234320018334074120503	11.481297373160495922661539225373
8.457369398834863716274412581697	4.449821105502661744424131029518
9.870158212330817804058824549429	5.140182357146438008044242451433
5.931923794634840874095971230417	14.479125971739335909660439938307
7.432318128228205367236114398111	9.375732763239236433605583442841
9.314260417821090598522459913511	7.354340668224312871359416021733
6.310261513258650367674817971420	9.627944022410275692891445942223
10.399800174467507929421117296442	15.791599987042193475872409180738
18.119789243426904334910432226025	15.136664840937349651994736632332
13.063694685678125750882827560417	14.923837018156772771249052311759
19.218934222905396325131732737646	10.864009403388324770389772311319
4.856368979140624375645529653411	7.957765360438664004050224320963
11.241551040460000976395349425729	15.711287600294895128172356635332
4.085804987912422525653255434008	9.469709506637419949015566089656
9.753947563762661587816182873212	6.661176662040512397311431413982
4.686981068939337191636695933994	12.934606900716763888681271055248
8.561011266267023245291056809947	9.471984559475485454527188267093
4.323695741090621602609189721989	16.261667001454419789752137148753
11.247083754720891946021765761543	8.557001294344182440454460447654
8.516432314477370368877018336207	13.228069650313379668205016059801
13.064471114498621417965296132024	14.057790055463707190597233420704
10.332608406198509953810571460053	15.427618728338842402081354521215
12.382651915260245445438158640172	8.008047377980036074518466193695
8.128883375220709694985998794436	6.618804001817728988044109428301
3.276580898899639215926526958356	13.645382271016270436803097254597
6.080700670801114426922140410170	10.246427676630839087579261104111
9.391020024304131297299136349466	10.679798299992881993603077717125
7.550030207305942653306374268141	8.883023069512733016495076299179
2.117552448856513613861807243666	10.496131823744715205748434527777
7.444902010491227350996723544085	10.645737298466476872249586449470
3.135408545773090693842277687509	12.992494385101526432890750584193
15.413487256671187353163077204954	3.501249093308382853706461901311
6.433140398029757456299648765707	12.251044862828431192269817984197
7.665390864649101132499708910473	15.412143390150076172062654222827
6.301961260245941609525743842823	7.973214192599836991348638548516
7.600553892895105967397739732405	4.834134957979639324321396998130
0.672055614872852924435164823080	11.163546450843593760282601579092
5.236649869084484265613355091773	6.316786416808292337066177424276
15.844071783089882288209082616959	7.648892659043453612355278892210
16.910598541976703756972710834816	14.008987078314772745102345652413
2.373920646939380318940493452828	2.304477886571149269911984447390
6.406573007658264096164657530608	12.035743831801939407455392938573
9.600505327382899523058767954353	3.330565299075006535645115945954
4.984042812895590479627117019845	2.769984876897453318633779417723
4.844428424225909246558785525849	12.271331525917494431610066385474
11.277587396369790795347398670856	12.921467627155813318040600279346
