75
14.367972844494046213981164328288	10.913664859461816192265359859448
14.962543796693740461023480747826	13.571433965430829360343523148913
13.549706118619040395856245595496	5.329065152599321564252932148520
1.085510361466360818027965251531	15.890789642519630220363069383893
7.066553102663275964800959627610	7.245630539854735374660776869860
9.822241659759539444962683774065	3.574897945269467136597540957155
9.089095005799469717544525337871	10.183704147143346929738072503824
3.665852406515759387417574544088	11.481980411407107567356433719397
9.863644314360678677644500567112	11.193585319882055628681882808451
6.868728072613164314930145337712	6.333618870367975439705787721323
12.745430756337114530651888344437	18.886000725359451735130278393626
15.679972628753205299290129914880	9.139804234625360734867172141094
9.751834022195504658725440094713	13.118400132700317683998036955018
10.009136271910783477778750238940	1.114159044560028011261465508142
7.450248390039433843412552960217	10.026534927745615277672186493874
4.600541420563823535871961212251	7.770378724003601966785481636180
12.062196325043716527147807937581	12.390764716573354320416910923086
8.857599539428576917998725548387	14.433529662119845227152836741880
12.252067687666386319733646814711	15.651232060226254461099415493663
11.116823585626868009512691060081	12.691960684097354672417168330867
15.050715251250345261269103502855	6.913765215063408575701942027081
11.691805619562883222783966630232	1.993362303156994697062032173562
3.032489980631150050527367056930	13.608174238955657031624468800146
5.269743601847800107407238101587	10.059775786311865530819886771496
11.950870943782485156248185376171	13.600949804363713369070865155663
13.686966626165339988574487506412	8.170920316291189422486240800936
13.032716044603800398249404679518	10.524932361010774783949273114558
8.549725996467806510281661758199	2.813283983153312739489138039062
8.321921679455140719028349849395	12.021567083413634335897768323775
15.685811511512628868558749672957	12.000755421841335035537667863537
10.649946404767431928917176264804	6.082220674367945889571274165064
13.278852017522920547776266175788	11.310008444951243689047259977087
7.651874027045558079862530576065	7.881083229849878968309440097073
10.617295942642853034953986934852	5.648504367150769311933800054248
4.989143688163860446138642146252	13.192866130948768699227002798580
10.972264151005003185446184943430	15.306499716641141617401444818825
14.590684962276466052344403578900	7.260396365435914489694368967321
8.497823655362164885218589915894	12.469870176196135247437268844806
9.461279990022751107403564674314	15.882862648395551730118313571438
7.009269754948236119673765642801	6.420053644123180802694150770549
9.969976144786114602425186603796	11.984726576256877095261188514996
12.767787132792102866574168729130	8.388684656840519338061312737409
8.030317280178557837189146084711	6.134157220941368393596349051222
13.486112462826936209125960886013	8.103990943696127047246591246221
14.862917166161969007021070865449	8.330552051626844090037593559828
9.465685001421991984216219861992	15.621351780434743261594121577218
5.941312937161698393140341067920	7.002285820730555165880559798097
4.355317363531153951328178663971	8.605039373815820624713524011895
8.676071093417483837129111634567	3.255024548591640698447235990898
6.604511192784831230540021351771	17.047290350165141603611118625849
3.971428737270930042768668499775	10.739310172923897113150815130211
8.306404297127148339541236055084	13.079326881697058482245665800292
13.990351876465640046376393001992	2.368203568903359812480857726769
8.444777160687291228668982512318	7.570312053506080829379243368749
10.774746979325060536325509019662	13.259887868216321038516980479471
2.405060684564910289395811560098	3.962093170452136714487778590410
4.518950253223216861897526541725	13.154760883450430597463309823070
10.553766517427925819561096432153	10.665967290835018488337482267525
7.085951161052338242996029293863	9.928186163837279920585388026666
15.498363805685478666873677866533	16.190534866525215562660378054716
5.419903044585188567339173459914	8.975871583474537729330222646240
15.358292403592693986524864158127	11.942188300307531534372174064629
3.786882521399780543447377567645	11.429813089805666237452896893956
8.720192618857582900204761244822	8.738179121750109246136162255425
10.659529534626891233983769780025	2.579124491019950671244487239164
10.789221353229764943648660846520	10.975932153966214244178445369471
14.263644808715719491942763852421	17.610049205351870682534354273230
10.803364564830676641804529936053	10.058311802936081846837623743340
15.514996966480808282540237996727	7.193319158098976373594268807210
14.420511839863205949541224981658	14.786987975744514400844309420791
16.083979551067240976180983125232	9.284618814438786671416892204434
9.833491676997114794289700512309	1.731219256378452309164117650653
13.095936094796581272703406284563	13.746062200544198361740200198255
15.146741777379009619153293897398	10.786808743507553032259238534607
13.967020357750545400676855933852	14.834938641942352788305470312480
7.064956653368531291903309465852	13.069648619813154510893582482822
17.234437044779468806154909543693	11.260832800041530532553224475123
11.787656522536504866138784564100	3.106150363946820203153720285627
5.325294319848302038167275895830	9.574680498766557690260015078820
17.050178151260258374577460926957	8.106255825785982693787445896305
13.884825495176702503385968157090	8.730982185168343789882783312351
6.994854384898220089894493867178	8.617215448453730886058110627346
17.213546937168878514512471156195	12.495726013697016298920061672106
10.090475028904995369316566211637	3.355495494487563679086861156975
8.745926112594277768153006036300	1.482887845095796075511884737352
12.318009721701395520199184829835	1.021612884909876006744866572262
6.839954517795886701492236170452	13.163117155857417372999407234602
11.203512505020400524813339870889	2.073556586442705018669130367925
9.175779860639508456188195850700	2.909102643241765484560801269254
7.400592835810389402695363969542	1.951719204335693458318701232201
4.275060512517892874484459753148	10.063601540914719478791994333733
7.275871961865776782474313222338	11.827177981170519771580984524917
8.153309638890593902260661707260	9.816155571126847334539888834115
8.825230577182074043207649083342	14.471744241732039881753735244274
8.324320795799714289842086145654	9.092766240495311791391941369511
10.051557648220676099981574225239	12.628477865291211301723706128541
9.285942695942015490118137677200	15.244857689842458370321764959954
7.243732753592835749145706358831	18.604116119011475660727228387259
4.783865078894357303340711951023	8.851817161333341843487687583547
7.993134247285411220218520611525	7.744815136866682436789233179297
