75
7.094162132472866311161396879470	2.604973336659014648830634541810
15.646352499739371921805286547169	4.413004986111731753339881834108
11.514229291757013484698290994857	5.092914464099708382605058432091
9.612370419621825590184016618878	14.013558924107393011126987403259
8.057698228536610329797440499533	10.645207269614878953234438085929
8.995019979042574220784445060417	10.012107818143892501439040643163
7.929301042639622210117522627115	13.362609962377103300923408824019
5.396958075904210616613454476465	17.298298997279591304732093703933
13.861245924586707900516557856463	12.271352217005143003802913881373
10.521259371617148303812427911907	6.752082850759339116564206051407
9.648551023713164198625236167572	14.144086888143476699042366817594
14.060648896110954808591486653313	4.605875757365040179536208597710
8.756540757224561488669678510632	9.694425008719463221495971083641
13.248985939739718276086932746693	13.442518124287085257151375117246
10.765177237720058300851633248385	13.285447111262671526787926268298
3.419356815561710227768799086334	8.828238578801430591624921362381
5.239414467483566539840467157774	12.942533177712357783661900612060
10.713382334829088193828283692710	14.913353639149159235444130899850
12.885166890883249735111348854844	9.761097956536508135627627780195
6.630345549177167008281230664579	8.921560104248323241904472524766
6.982804811761658569935207196977	6.853637774229145662729933974333
9.166329984586688794934161705896	10.623407850028330656755315430928
12.094692669414175867359517724253	13.067612528088094592249035486020
11.721806161991910499864388839342	14.960734549521452763087836501654
7.306016088416900977620116464095	7.836667839907661914367054123431
3.185965359245516381747620471288	10.993898038427234453706660133321
2.240872171146191860202634416055	6.225787865742852922323891107226
12.715668817065326479109899082687	9.095683770582104088475716707762
4.441278658339467888538365514250	15.907684042678109648250028840266
5.874435540101710095939324673964	4.194607428757576528255412995350
8.420153897716767588121911103372	14.506555937880285966912197181955
14.479072360018236054202134255320	3.963089179256964467157331455383
10.449195173857864560318375879433	12.729244895301668805132067063823
14.061046354180682271817204309627	12.173296972284511241468862863258
6.034140348169974465974974009441	14.496189372450725585395048256032
5.119915080306791210773553757463	5.485144359834544403042855265085
3.884162768835480505913437809795	2.106682382084511750974797905656
6.102624949640894413960268138908	7.853560035088516855239504366182
14.803112507501083427996491082013	7.008160754626498345487561891787
5.531199412128751546902094560210	7.108270809750422358774812892079
6.266237776128600778235977486474	10.087487970173386386818492610473
7.257604368458173915712450252613	8.434744815629173331217316444963
14.493585524620392845918104285374	8.928188518574254217696761770640
6.176532595745904075101861963049	10.539986801408414152092518634163
10.218576135866534571050578961149	12.631277374433016902344206755515
9.215575123195748119542258791625	7.972578696997546288116609503049
9.638230444694739773581204644870	14.084099581176552362649090355262
12.883767382152948144380388839636	6.147744001886624509722878428875
11.492711380723259040337325131986	15.970308876884736548618093365803
15.764232957786715516590447805356	10.316329620874357786419750482310
11.623568689732788783430805779062	0.633076899948933347062052234833
6.677048652406057271946338005364	13.279706696278612554351639118977
6.227019415588139317208060674602	11.958225817911587895991942787077
9.157981093123716220816277200356	11.353726010396295365012520051096
4.515375970411350081690216029529	9.126719099662603085221235232893
11.279025436051140829363248485606	8.717860861568835773027785762679
12.130706374626374355329971876927	7.985338014552890939512508339249
10.850119491386733372451089962851	1.780425463719298440068428135419
9.699954576100594749732408672571	5.603409713302941241863663890399
18.504181882821079341283621033654	8.407739427860168035522292484529
11.049304099823785918488283641636	16.553510017929504272160556865856
8.338477654636172076152433874086	9.909784164019971086645455216058
13.502314633905697860427608247846	7.565314251193554717644929041853
14.521566317799512901842717838008	11.065972028772097957016740110703
10.506522301832674770594167057425	12.053258648460833057924901368096
5.856797878496681875049034715630	14.063147517276798126317771675531
1.774754711754563674119822280772	12.863201357903609078903173212893
4.559401493365933255574873328442	10.292429605471077991296624531969
18.016895526944640693045585067011	5.708067856361407343968039640458
14.845917121159905249783150793519	6.237833700944865888970980449812
1.986442367204456216356334152806	17.127025098977703976288466947153
12.987595343645853773750786785968	16.369613191233408855396191938780
8.691929751855639096902450546622	10.099802216840052082602596783545
12.835163792265557702876321855001	8.916634962546345022360583243426
10.606080179377944006091638584621	19.097880234894510920184984570369
7.424887118349319692356402811129	12.320852287989126239153847564012
1.855438219291585255632526241243	6.898994655534429476517743751174
3.660805084811898701957488810876	4.227444863470445568509603617713
6.870177745778080158345346717397	2.107721827971567041259959296440
4.530879287282486345134202565532	9.322457624890086336222339014057
7.158700388889967847205753059825	13.037108171879243201374265481718
8.669167489508229351713453070261	3.164449315575006416167980205500
16.346990242325642128662366303615	13.570414036874101526564118103124
9.545104790166570651877009368036	0.984775319078768918146238320332
9.593623865526526017788455646951	4.487530726647372958382220531348
13.509187567809197716428570856806	0.685740001986361313868201250443
8.914472169433331316668045474216	13.884019386681895724677815451287
1.149117866996468562135191859852	11.039983854680512465051833714824
1.613273543827761224989103538974	11.188092385341620982330823608208
4.531601621416639247286184399854	14.297153731039296431504226347897
11.571681503823027625799113593530	16.604712344929694722850399557501
15.235575627957118172162154223770	9.769663103052309338636405300349
1.695815769662871730361075606197	5.334597111885337028525100322440
12.562396979047136369445070158690	11.192786284704610011431213933975
12.775106841175665195464716816787	17.665046764238848453487662482075
9.709562962005412245503066515084	12.930825478872561618004510819446
15.883980998770361736660561291501	8.930322751927402435967451310717
2.308929263079249949441873468459	14.891378736301730256741393532138
15.875543843470602212164521915838	7.350205432245298098337116243783
12.132778302920401714004583482165	12.979268564550800135748431785032
