75
11.781876557049317355563289311249	4.847935793825158157233090605587
10.571413774113349148819906986319	4.958562389928321323395721265115
14.429651980149902357197788660415	7.655621438669342637695081066340
7.304932274615222098645972437225	9.411884597380240080610747099854
9.801998266809874849059269763529	16.421764975035944900128015433438
14.999485533403900561211230524350	13.907582482919893962503010698128
7.869284313810091191498941043392	5.999326590532604974725927604595
7.740844205310236425532366411062	10.042482712852057957775286922697
12.741144046738339667967920831870	13.603850771613123171732695482206
1.932080599091656747390288728639	10.552253522493357351663689769339
10.358308751768230848711027647369	3.297108191184633163572925695917
11.726500355612884618494717869908	8.752869515986573034638240642380
1.887890708152915042461472694413	14.863514141959134562398503476288
15.724066430036394592661963542923	4.693949150720603036290867748903
3.405503306720039091715079848655	8.257308374876998868785449303687
12.102111450924576629972762020770	5.973976461253141856388992891880
2.538149772321520725171239973861	4.436886997579277291947619232815
10.812477303643751369577330478933	11.462935396313087110797823697794
4.661291790393562450844910927117	12.366012579525563097604390350170
11.200682279649436523527583631221	6.452756549986988332534565415699
13.154982267505570092680500238203	4.917387821526296498575447913026
10.239024947228916317953917314298	12.022308828291055959880395676009
10.846370531131066528018891403917	12.793827588318624322027972084470
10.757112862412419929114548722282	9.472886674200639234300069801975
3.860781898807612577684267307632	5.971089891950382089191862178268
14.265715275177955234653381921817	9.069111068806936515329653047957
5.723566833872775205804828146938	14.813565381850766655702500429470
1.420577616720183344867223240726	19.573686547123358536737214308232
4.242121420728959257928636361612	12.955194125506169555706037499476
9.637079276352405798888867138885	14.651267859915463986908434890211
14.738206218255735180377996584866	12.951713896189522401414251362439
14.969792360804671460527970339172	6.595081062113829162285583151970
19.058957108957301329610345419496	14.865578715161444023351577925496
3.326751026509457975777195315459	5.572576855986968169531792227644
2.820077250626104259367821214255	10.458296532903634812328164116479
7.165001304279266847174767463002	15.797702113658790068484449875541
10.342788260068795480606240744237	6.465901749844670476363717170898
18.256894193489198841007237206213	14.773980945420431609704792208504
5.986544339863583807925806468120	12.888185796111420344800535531249
13.230419809264422070782529772259	4.190575495113978199412940739421
19.387357091475291070992170716636	16.237056105961929830527878948487
4.668825412405121610959213285241	13.690105093773933475631565670483
13.685832913042395020397634652909	7.565632986070184529125981498510
11.471101273012578758425661362708	16.953256090023788971166140981950
3.546070579080292439755339728436	6.943209184677635370519510615850
8.933161837900007284929415618535	11.151483645617231488245124637615
13.993336643352110471028026950080	7.328682170690365538234800624195
11.221781552534501713580539217219	9.134517758879981741415576834697
15.476514800684794792573484301101	12.538620569024645945432894222904
5.523030055722442988042075739941	6.450646257803378524897652823711
14.187120537133591113843067432754	14.616327280917589703790326893795
5.123017627374226279357571911532	4.311979693742783226184656086843
11.830819565193824161042357445695	2.468416698557880373243733629351
9.334408183639515854679302719887	13.691767438729165462518722051755
15.657764838290335163151212327648	15.935675807066630227382120210677
6.050786649248236948039902927121	8.702632132898092010009349905886
3.048839060862109651139917332330	8.921230997706295795524056302384
8.882459226171071975386439589784	4.426913575081990792625674657756
8.572920382627195579061663011089	10.235004558178722788852610392496
8.089160393459247089253949525300	17.115783840276598937180096982047
14.238108178201871467649652913678	14.063781788392606841853194055147
11.797524634251102426674151502084	5.949903412890547471647550992202
7.233662572405098245553745073266	4.278157091902070163769167265855
9.067765815779857518919016001746	10.178081401364456937130853475537
19.474090395946564768792086397298	9.557784899591915461769531248137
7.052697583910372713944525457919	14.400313725821417776273847266566
14.184549046833852870008740865160	10.324272484813837635897471045610
17.928248469745028614852344617248	12.848346240915354599110287381336
6.849964770984811046616869134596	11.382061059738694197562836052384
12.078176143907123574194883985911	10.033894733173296387462869461160
4.637815364234112891494987707119	11.287962675254496147658755944576
15.519540766077946969403456023429	8.301844604236130464869347633794
5.806066439649523402977138175629	12.351014646593993617784690286499
6.079291987561637355952370853629	9.433929943098691595082527783234
9.613145983566353081073430075776	5.158136878502495470399935584283
2.161113587296998872488984488882	10.296468829532670952175976708531
6.369775323043312731385867664358	8.787658555125283044162642909214
9.875076453748086180439713643864	15.977628117358378290191467385739
11.290279439940110961515529197641	16.264907801241381690715570584871
14.302510490883301841336106008384	10.690421962446089665377257915679
6.448019927968869247081329376670	11.581555920756528621495817787945
10.790260384494752443629295157734	3.546877218994962888132249645423
6.633703365290374520668592595030	8.295769046869962082269012171309
14.724664317791198442364475340582	13.307288559176956965757199213840
11.110325423997988281143989297561	1.885344300574975928697085691965
3.175851366787643126343709809589	7.218678027499790594845308078220
7.783922741249087451365085144062	13.920038463283091800803958903998
0.889796964008945368007630349894	3.526092508292527405444616306340
9.700633000233471747719704580959	2.140347418021357750461675095721
7.767426223420099695715634879889	12.319323118835574959462064725813
9.381312599543937480461863742676	18.711518728578024450825978419743
14.037617792583688469676417298615	7.392191797010877252205318654887
19.140182599333765978144583641551	8.388772064035485698241245700046
6.268559453488773414164825226180	12.081947204182695188023899390828
3.891418844433837342933202307904	10.995905107941174705388220900204
8.728131515239132554029310995247	8.562936453211982268385327188298
3.647755612951069092986244868371	7.515123196075104594626736798091
5.115225661709033921908940101275	5.110350767278111661084949446376
16.693862679546533911434380570427	9.304204736257933205934023135342
8.168120869588666010940869455226	9.908918532179770366496995848138
