75
0.812305851940826606494283623761	18.479763731530589154772314941511
0.648419829956714544039186876034	4.645228336732727392188735393574
7.653395107333016866846264747437	18.795260207046272427078292821534
9.607629437823852924793754937127	4.371551898722414009057501971256
15.747938114965595701733036548831	12.179645059022767838996514910832
16.152080326660069431454758159816	3.856575116816127746233178186230
6.734111192271193147007579682395	9.898300072070222554998508712742
10.563322005731484054535940231290	5.071853308127957760120807506610
14.617447116199873136110909399576	0.892602261956241260776323542814
15.156354549452920821295265341178	10.229202096690952927815487782937
17.959753206979701900536383618601	8.601808905457790643822590936907
0.506289213397042026088001875905	12.947352591754201611706776020583
1.510827284293672079229509108700	2.551446903547185396377017241321
19.870664331155222015468098106794	13.586742311949169703666484565474
13.201514074207690185858155018650	6.705629173418174993059892585734
10.836849507582016371998179238290	7.681838331521237961396764148958
8.912053967089759609621069103014	4.571782240218151827093606698327
9.950908059931620641691552009434	0.688022493305298077359566377709
14.456952528604425367575458949432	14.193465116245221224744454957545
16.116860227154923279613285558298	1.251277104285086760881995360251
10.768151094546681179053848609328	5.634001968039878960325950174592
3.358546876285777305071178489015	5.091265485324156792046323971590
7.726270913639005755157995736226	6.349149515011232480787839449476
7.121632074779200571867932012537	2.214026990740407541125023271888
19.188239106935004230081176501699	11.946760886495050968392206414137
0.121710128891967528375062101986	17.483563900201350094221197650768
4.059846732566212423876095272135	3.232042138420609944660100154579
10.003148919485678192131672403775	0.036176625764439140908734771074
16.685627712780341624920765752904	1.732455925438802779581237700768
4.625890142216784184370226284955	6.699553465033991628274634422269
6.793791418958791794580065470655	14.434751028648719284319668076932
2.802395742417109758548576792236	17.921075375812741015124629484490
3.100622825042997909861242078478	13.543824064389385242179741908330
19.635803724225738164932408835739	14.782705435853273456814349628985
15.260869642011886782029250753112	6.523313198544404833967291779118
11.885665275782775651691736129578	0.341683806798744882371465791948
13.237058581311076821407368697692	11.865396110439563770455606572796
12.325552500762327667871431913227	16.538879288902251118997810408473
9.883505413382396298516141541768	18.784235984961853205277293454856
10.686753510622384766293180291541	5.633206411547693193142549716868
0.636692049981393282109820574988	15.512446501906634210854463162832
2.522039794158739134388724778546	15.611842824893084724635627935641
12.333365058973264183350693201646	9.486363623651817178483725001570
9.609170664539250950042514887173	1.853161478580795940018788314774
4.455614109723812887864369258750	12.856944359521989440509059932083
17.461964111809081146020616870373	4.744053981878169068409079045523
1.695538911582263885691190807847	2.980697182726768090788027620874
4.995171152103187850457288732287	0.648475077667147736804054147797
5.080215214278577917639267980121	6.203160462368382255249343870673
12.917658376479970172567846020684	16.071023480589193610512666055001
9.141855559757285476507604471408	6.660628039531221844526953645982
7.854985313714020200848153763218	12.262991721872001704696231172420
0.195004554971676125063595463871	6.089542869390339063784267636947
11.022256812693246530443502706476	16.976445336651504902647502603941
1.501356095425236958362802397460	18.782998119705908379728498402983
5.258426098209961097040832100902	9.586260605231158749006681318861
2.178773789699957053045409338665	15.730398914537641275046553346328
15.678518935699985448195548087824	18.447526847094351865052885841578
12.256154656875605013510721619241	18.540485899670141378692278522067
16.459720150144121930679830256850	8.299501500152832278445202973671
18.269850972020570623044477542862	5.833304234764591811313039215747
8.916767528563450895262576523237	16.457586575106368798060429980978
12.295134590961232845529593760148	6.623797999517821999404532107292
17.893952055312297488853801041842	0.148002801653457360941956721945
17.021791654578070307479720213450	4.989198547259996452396535460139
19.676595609781202256272081285715	0.814718434035470728815653274069
2.939036147487839034653234193684	5.414775780216160683266934938729
2.636493534107913205843942705542	6.031079072672160812373931548791
11.674946135292413984529957815539	2.557365200185945930400066572474
14.084129473036984592226872337051	8.802745305724268831681911251508
13.385388341817407109601845149882	8.006821129908868073243866092525
10.844902856572396387946355389431	3.397199593671011985662744336878
16.391097661781206085152007290162	14.446239857042826315591810271144
4.487145784898764588888298021629	4.648944962929848045973812986631
4.580848111478291073694890656043	3.003591345578564553164824246778
11.059470924937027547230172785930	3.821240026685013280172142913216
8.848912316388638288344736793078	3.105287371782829985988882981474
11.558013477720159301043167943135	1.276480461006570532589421418379
16.423391229790297529689269140363	6.847937283914111716853767575230
2.003026530891938161715870592161	9.972104820979970085659260803368
17.997797157072362495000561466441	10.443257634503503084033582126722
12.365357027646354026728658936918	14.771054033293857798980752704665
0.649796935598958569357819214929	16.374755108019932947627239627764
1.064747298650654538931803472224	2.066817018580318077169977186713
1.968105966386197724915518847411	19.195540433552352510560012888163
10.631052045609026279748832166661	0.025857460041458502075784053886
18.303085835073982678977699833922	19.195444351241640390526299597695
19.417609456904841636060154996812	7.845483089787257391378716420149
6.416701819745648904813606350217	13.322207393507701667090259434190
6.366091561919291486049132799963	11.170282424257356623797932115849
2.008256720131114114735737530282	5.684724490324306600541603984311
18.236651094451019616826670244336	0.411227588858378290126438514562
10.070854489409553522705209616106	3.562304267908624755278879092657
17.001689266387828070037357974797	10.483669877330939357307215686888
19.243016898019330795932546607219	10.374938824547381699403558741324
5.808544300235334745252657739911	2.516521782946512519885118308594
0.247392225975071600174715058529	9.451586495801445053643874416593
11.732132878414095245034332037903	3.199202531532991944374089143821
6.756186823903059135432158655021	7.613029231191584145221895596478
7.036656333665492368822924618144	11.911402151357320278179940942209
10.471022613235822618094061908778	10.021950149309970967692606791388
5.353695036954261965433943259995	16.050353976744556661060414626263
19.559212066132779739291436271742	15.351333746359740572984264872503
1.913258064505694022727766423486	19.550608546332071568940591532737
13.414793926707979210277699166909	1.679267591274065107853630252066
19.381350807394305491015984443948	12.348520210444098310631488857325
0.498061299242651411844917674898	4.490727230776679235191295447294
10.385647566236901440106521476991	18.872013830797463640465139178559
1.011771521049207311904183370643	9.056579632516584155155214830302
1.810678390718449826124469836941	8.275304159419450300561038602609
2.727305321133366433627998048905	16.553992590475825608109516906552
6.183873636625181191561750893015	15.326455801824394598042999859899
2.265262703560908530420192619204	19.217971913804422712246378068812
11.216466835813720948067384597380	4.739745795777672299209370976314
16.043292658255619898000077228062	11.547045464001000070197733293753
4.854936520465482630015685572289	13.223684521317098372605869371910
12.658798466446359753945216652937	19.232973564666334453931995085441
14.370676243933148796827481419314	13.280512194852258645028086903039
6.236583333977541165893399011111	15.525461953067589249144475616049
1.741183261394603221106081036851	2.342524056063770565572212944971
3.614355124179442491083591448842	12.138581105538682081146362179425
3.825735020378229211956977451337	0.003328826805371054575743983150
11.657158190650967810597649076954	5.677392693319345262636943516554
12.776483558718966904166336462367	9.599217829754259412311512278393
17.265597813627291401417096494697	0.471008680010165381446540777688
11.340280682381308707817879621871	9.482620670467445833651254361030
13.502404138309433534459458314814	11.383695045164991199726500781253
19.172393844767739778944815043360	5.031707476632554687512310920283
13.464910748580631860704670543782	15.867817531855710200261455611326
10.494980838393345834447245579213	5.611386245253640048247234517476
7.031703522190126953717026481172	9.094121997183533423481094359886
2.170421973490925804384232833399	6.375066762677652931756711041089
1.394168329160090369356339579099	9.025009607782749299076385796070
4.768742536818237454099289607257	11.351642114496076629848175798543
17.314105098126574944217281881720	3.967452759882714730110819800757
7.614897419850543691666189261014	2.637108615530361355183686100645
9.736224072418051989075138408225	9.364471084613349205483245896176
9.581681449820848683884833008051	19.759473373409345953177762567066
0.466960188100129514054970059078	6.993591532240273522802453953773
13.099983681199942608941455546301	3.890112306120201424164406489581
14.338142443234115575023679411970	2.554444124665966597831356921233
9.001468996271487554849954904057	13.372244291764854295934128458612
2.332269548986165563775330156204	18.367759187234401707655706559308
7.078096656296883892878213373479	17.569210193219412019516312284395
14.576950108242082038145781552885	3.484133834151001973822303625639
18.524900805839862982793420087546	6.304236604916903630169144889805
9.799535425634793739391170674935	14.376845215435604785625400836580
18.573220320729529220216136309318	6.309947064396730809221480740234
17.501941772716666179121602908708	2.921755361436697562282915896503
17.636466325360572682257043197751	16.036407157476837426202109782025
