75
4.199035945841577799342303478625	9.532680852775296642676039482467
6.636332033683245867905498016626	19.587115372425738968331643263809
19.668794457562611910361738409847	16.291254317913448801391496090218
11.502447146875363515050594287459	17.591823030252424331365546095185
16.735827207596244647902494762093	18.140109381637429919464921113104
0.862160150393342927799267272349	14.426625994901076666110384394415
3.833921384233911489047841314459	17.125850624174610459249379346147
12.891275961642630676351473084651	6.136824070654989249362643022323
3.147230203547084492754493112443	11.987993578959404317174630705267
0.557701015495355445494851664989	15.830944488921634416556116775610
6.431885266991534955138831719523	15.456137566299668506530906597618
1.685678141058766232873722401564	19.928141894826374880267394473776
14.266193944866676801552785036620	15.988200096993804066869415692054
17.497903954743140531036260654218	9.179043372334712458382455224637
6.280019179976521925823362835217	11.272933389852962449140250100754
2.571760472849429213226812862558	17.287532845399042003009526524693
1.018957877518378296599621535279	0.418376114706209278892856673338
12.149356127032477914440278254915	10.845596461913357799744517251384
19.850007992295321201936530997045	16.693268965466728559476905502379
10.740367578934193915074502001517	17.776349651631672799112493521534
1.025086105667656344309079941013	10.780178824795896730392996687442
8.046648914476655534144811099395	0.888220842800364618341291134129
2.825081000801572539415928986273	0.330863805024970147883323079441
10.468869414574587750621503801085	0.862286046467466427145609486615
8.817652943501798290526494383812	12.586619841571987876704952213913
19.101126123625981279019470093772	1.062685727235366250909009977477
9.136322373441522870507469633594	16.883451842817805754748405888677
19.795720222549014977175829699263	1.585086823952048806773973410600
1.737970350592392687616438706755	18.844284176523672158509725704789
19.686292134241231366331703611650	3.834787264989614197219225388835
1.450931213338397807177670983947	4.906946117041856680884848174173
8.949974016485381156371659017168	14.629133700586740118865236581769
13.973131968256470969436122686602	13.340549512167376278171104786452
18.848000865420068805633491137996	0.727776989464634649351637563086
12.095926545464513068850465060677	3.132057716367184774242105049780
16.172905210093002636995151988231	17.163008808469086829973093699664
12.560658523109665907213639002293	1.930747246282122908667133742711
2.976633701579971535977620078484	9.675754807961832071327989979181
18.462541083473183789465110749006	3.812713665770357529538614471676
17.932253321312145999399945139885	19.725426647541336677704748581164
0.363995495916411559989001034410	2.750018631618653675019459114992
5.038918816945985312827360758092	4.005536293855729290669387410162
14.052670637219193849887233227491	11.288199113250886540527062606998
3.498668398234958676340511374292	9.670202864386421737208365811966
9.453503477034931989919641637243	0.967462758789285892646603315370
14.587942482367475705018478038255	2.525210405168847316303981642704
3.096398885081743657110564527102	8.738344713426503318487448268570
12.762269125161305183269178087357	15.068229351286968054068893252406
19.943947686108231209800578653812	9.755916842016365109202524763532
19.708904632652256339042651234195	11.792739583153506899293461174238
13.501315096432390916447729978245	7.101902066555119574786658631638
6.518051436284877375726409809431	12.369077238614522684656549245119
16.948588009524183206622183206491	17.834542210515632376655048574321
11.955073849417484410651013604365	7.114480927847466773528140038252
6.005090166025997433507654932328	1.092241781649929688313704900793
19.092607222467449901159852743149	10.259286871278723296541102172341
10.022160834669023188325809314847	11.177329094427978617432017927058
3.496348233384414250224381248700	3.492703055295105496469432182494
1.192807940290636636859744612593	8.861928490304087802087451564148
5.556389911494399314051406690851	18.889969154003050988421819056384
2.107149246183637192331161713810	1.798733077138416902585049683694
1.109129591313131601992836294812	18.213851410844213773998490069062
3.501256134690224897099142253865	5.206369177897913758101822168101
5.474935868427870389041345333681	19.878190794163259624838246963918
0.918024749691621622105230926536	11.208237784390460589634130883496
0.430958169815587321949124088860	14.669934929515564547841677267570
9.088711605074689003913590568118	6.637663679914627579137231805362
3.184271563989526931948148558149	9.421742190577251818695003748871
0.857844055163992091905811321340	17.790155717224177323032563435845
14.670964855351545708117555477656	15.174316130270126379286921292078
11.775513886812742470056036836468	18.306036275351374342790222726762
19.407129606406549271468975348398	13.895731011787116671030162251554
15.641087200981756311080062005203	19.832403016811092300031305057928
1.008229401668554459092774777673	16.860771959472970138449454680085
7.009425709606911247817606636090	17.720436777994031274374719941989
13.903864933268296866231139574666	5.181980466846097144184568605851
6.120899389963572190254126326181	13.102294486659889827251390670426
12.738575112594341831595556868706	0.684032590623682157371376888477
12.113589647276443272971846454311	13.405260695821809235894761513919
2.991593829773138146777000656584	18.033659332529293095603861729614
4.853814008860030781988825765438	15.702993793755764428965449042153
0.288033498406614629772093394422	8.016347000709107106786177610047
3.957365852433365471796378187719	4.420357849465292865431820246158
7.663726665811216420820528583135	0.275417180783215087558346567675
9.342432057303325265706916979980	14.062085477359108409700638731010
13.242458038553444055196450790390	17.671647793398246761853442876600
1.989501374966640145913743253914	10.349172867190175040263966366183
9.086572831231030988874408649281	16.850467659948176191164748161100
15.562896601889661951645393855870	13.200342296907169981068363995291
16.205167266116976776402225368656	18.597088254446404675945814233273
7.686017739987316410577022907091	0.233937790212246365939563474967
16.770348966631068776678148424253	6.660721923252230780576610413846
17.708392210910162134496204089373	14.207927926290913944740168517455
10.467821081969857388571654155385	10.116436962211750483220384921879
19.794104177329231220028304960579	4.095000744999939712442937889136
7.545685449170882463931775419042	9.398987255185048184102925006300
9.128145755411548378788211266510	16.583499229953485354371878202073
16.001985011547809278908971464261	18.378880028618237219006914529018
4.276618658977717757352365879342	12.681364897266611535542324418202
10.459678676838340294352747150697	10.996963465992644515267784299795
8.722286829943985964064268046059	12.086928956530345047326591156889
12.581748905386175962917150172871	8.129538177892429828830245241988
10.565273919217034404027799610049	6.941382659660253473532520729350
4.346818165465926142587704816833	14.750198745776792463857418624684
15.132717491875135706891342124436	9.731491839658010789548825414386
16.112464674241685713695915183052	5.923719717340103940728113229852
11.095905932634783752632756659295	12.733753233544376826102961786091
0.269630417472501715536736810463	3.584540729405829573295250156661
16.773566558189617836660545435734	13.879557573953768212504655821249
17.885749604334183260334611986764	7.353283886832495674923393380595
17.221061183799598381938267266378	4.464859141520845398076744459104
11.089333207145134707616307423450	14.730099803212667097795929294080
18.770479140185827304776466917247	17.661164904044603929378354223445
19.781006750691723539148370036855	18.090525420778678977740128175355
12.101902012814216291758384613786	8.619491148176933847935288213193
0.693457154495311645092670005397	6.533628680327985271958368684864
5.130271785255386518542763951700	7.598215598435453799197603075299
6.511002067085119193734499276616	19.441226954122249992451543221250
2.467642183259490806790381611791	14.407472429651546619311375252437
8.429568201347120037780769052915	9.623005640587100728566838370170
2.161873704248706840047589139431	9.606464110936681066732489853166
7.361782225104125387815656722523	17.029231318778627723986573982984
1.294564209634967433260044344934	2.661630568057693491113013806171
6.934988533741877070326609100448	13.265304334618663872902288858313
9.042765615927422118147660512477	1.489222519524462384765683964361
6.591855502893508855777326971292	9.774033671683788782047486165538
7.697949094029167937947022437584	15.579282899098043202457120059989
3.653304778859205459440318009001	18.771666587888887534063542261720
9.118722175192139900445909006521	6.105567655397807769190876570065
7.912679744390165303968842636095	11.284272133060897047585058317054
0.706243758638587237896899750922	18.201087888017625004977162461728
0.546522749818683095668347959872	17.565924722975061911256489111111
5.421659029341956426151227788068	0.902632535524057200149172786041
11.926659510224681071122176945210	16.681635623759348163730464875698
18.695294171978204644801735412329	16.712343716732075193931450485252
1.237333800340676415174812063924	5.898356704045077947284880792722
16.146557617943180673591996310279	16.016242983729636506495808134787
4.835906625580960849219991359860	14.192440847769841383296807180159
18.219808009897903389173734467477	5.462671435868109881539567140862
2.684820685508546578290633988217	1.753808041170894505000887875212
13.215995767333321708747462253086	12.336815371198968094290648878086
10.891804656550952756788319675252	10.005922532860040519153699278831
15.949011644307022450561817095149	4.334495688519226064272515941411
2.434801368722614434147999418201	14.805752950769257125784861273132
12.793810730110791951119608711451	14.432174166585634011994443426374
9.295405116565767400516051566228	10.739427645980835990258128731512
1.717149756371862956427776225610	4.706600642193752292996578034945
13.642471451255469006014209298883	0.220053052645783342455843012431
18.219071979819599249594830325805	16.746828060901236767676891759038
14.344329352358746731965766230132	10.847354119100709013423511350993
