200
27.257338272952964075557247269899	17.844116890492461635631116223522
16.032880905036812180242122849450	12.909274146379571490683701995295
29.268355784076398151682951720431	28.243115620280867972269334131852
28.991192045775491692438663449138	29.004772936412205552869636449032
21.714436576561393366091579082422	20.920467883292978683584806276485
2.416152565709769106661042314954	22.722815811579060607527935644612
19.939555105107292121147111174650	25.452579062618170269161055330187
20.340314811438332753823488019407	6.438442220329755549812489334727
5.348864077012801310218037542654	6.326268061163242251154770201538
8.634108326682959244635640061460	23.022064404574532403557896031998
13.645801910188801286949455970898	0.539515088751418847579088833299
12.468034169704038660597689158749	0.127129752626132797033164933964
4.173545618768779164042825868819	1.721836289885505522079256479628
10.275854855358025119471676589455	25.581634547531987067259251489304
15.314607339588469869795517297462	2.129710162693596586791500158142
20.087719305506485767409685649909	13.884108512596178286457870854065
10.751305484389705569014950015116	6.845466706978466042698983073933
6.357708474522826946895293076523	16.956163931876478301319366437383
20.787957049822495037005865015090	15.614722466585792659543585614301
7.422294155111424096560313046211	11.857183600955215396766107005533
24.460192699322906406678157509305	6.029382791398504082280851434916
17.384255728536953000684661674313	11.268055036067165630697672895622
22.449524535662714441741627524607	2.175689649699714678376949450467
8.472390185226601033718907274306	24.377286841069782497015694389120
9.540020934091476334515391499735	2.346077405210712285565932688769
15.431526525305834240953117841855	9.218318893532547519953368464485
22.802243299988003144562753732316	27.941077068308171504895653924905
7.999771544996327143906000856077	14.184698495475506874186066852417
8.298988041417974415026037604548	23.336729314147923730615730164573
15.245887996583375567638540815096	24.921994701513806802495309966616
19.338272464659596039382449816912	29.025601591634146103615421452560
9.878127057950685241394239710644	3.973317484866372151230962117552
22.947304690701553653298105928116	10.455833728361179524313229194377
4.422565113233081213195418968098	10.665444342583752401765195827466
20.202369085803066894868607050739	10.743208913429246109672021702863
16.818935473725211693363235099241	14.996141843160962991987616987899
17.470683878852817372262506978586	25.267494531191044160323144751601
22.424089130568425787259911885485	2.337771258593629220001730573131
8.603468906791704284842126071453	13.201988908291889757151693629567
20.536636474421523956834789714776	22.502786606694403559458805830218
19.784598142151896382756603998132	13.984323239049189169236342422664
13.967469785641705826151337532792	26.474688238089459701996020157821
11.212209814671920682371819566470	0.189957527024818828564889372501
17.363786340378592143451896845363	24.772724481277677455182129051536
23.307158140495594977892324095592	18.770369178150748012967596878298
10.140946806429116833214720827527	23.832666040408280849760558339767
16.869123500880611743468762142584	11.402916860554025646479203714989
12.875536186095974500176453148015	10.941732660107266639215595205314
19.019608932604828765988713712431	12.661341948899071496725809993222
13.548055294812291649009239336010	17.068807288657630749639793066308
18.073750509618907500453133252449	7.633476734061056312441451154882
20.212561623373566987993399379775	7.546388167667913648983812890947
14.894527264471705052528704982251	17.593563357431825977528205839917
1.852683915146478010882447051699	29.389634683557012806431885110214
27.051699619355616732718772254884	22.971087336230134212655684677884
11.524618212127515803899768798146	18.576149522536752556334249675274
18.451606490523420944782628794201	21.806870428954773899477004306391
5.203672636833961639979406754719	19.735800939375582885304538649507
15.810847599392106488380704831798	19.969997860326088812144007533789
2.563147116303293948647024080856	14.837975722308231141255419061054
19.672092775667149311402681632899	19.442517578144801859707513358444
21.252330701605412599519695504569	3.447420302297345973130404672702
3.520533813111516252547517069615	28.304510702974550184762847493403
20.420396130940243750728768645786	6.006524090393421388966999074910
14.409567985835689540863313595764	18.017128822023476431013477849774
25.957970225218115700727139483206	3.743331798829725443056304357015
21.913117005146315108277121908031	18.776570643321846887374704238027
14.582793598539232959865330485627	23.658882339745581191436940571293
22.310758906643101795452821534127	5.273217859230880932841500907671
12.297279973837474287279292184394	25.911912161890068517777763190679
7.184428730767622894859414373059	8.443381032061079594086550059728
12.254383586983067289111204445362	29.007084913096100819984712870792
13.578048238815744852558964339551	2.032855506781622523249097866938
25.465102430249977771836711326614	5.606866832753625295993060717592
23.437698501810384499322026385926	6.300414998386484555226161319297
24.348828664508875618821548414417	19.383325135779422510040603810921
29.107412584635969921009746030904	9.613038753482657128301980264951
4.263501868437987951665490982123	0.529506270892077246514872967964
20.913886454578943130400148220360	29.194956007615054716097802156582
7.324901723933284536371957074152	15.451159704190555288505493081175
2.221738998724319458233367186040	23.818294956989262800561846233904
5.533278992221575265375577146187	21.080566079722938610530036385171
4.540864138969340046969591639936	18.717434837069987452196073718369
2.646292002842910662252506881487	4.867924827590459635473507660208
2.253006623628000859582698467420	12.689505281256003854650771245360
23.950869697798538027200265787542	5.184560047220943879153765010415
28.663304561969148664957174332812	26.860266527848228435004784842022
5.998466196190047838854297879152	6.719943293906575298990446754033
0.480378388624960184216661218670	0.240760379230546828210890453192
16.730654028102531327704127761535	23.145121904642529386819660430774
1.590900286478098557552129932446	3.919550583219054473715914355125
28.322829584099942223929247120395	18.185659334079854687615807051770
10.472641269653820472740335389972	11.278384681094777874932333361357
7.355688230123453408282330201473	24.425071365897824904322988004424
25.836345598250471056189780938439	11.381350214122633701663289684802
6.331160122682842228414301644079	23.278237723939682268792239483446
29.286008431943951535458836588077	26.309280237657468148881889646873
21.273726209206589743416770943440	20.271473650645180697438263450749
8.432180196627520274432754376903	28.501489102108504170018932200037
17.383492885785582160451667732559	18.493994355078296365491041797213
27.681387898440419803591794334352	12.834676387010002684974097064696
11.242339646316795054303838696796	28.276270517916984204020991455764
24.138065396955873609385889722034	13.415755669004404637689731316641
29.970409864083986661853487021290	13.189435867910583866091656091157
21.334923295981880642102623824030	28.942822691135305035459168720990
9.186393491638876085403353499714	16.719882368354362256468448322266
21.146528898193963641460868529975	3.409200758790955632093755411915
23.760392683254462298236830974929	13.218546549959484082137350924313
29.224595380088949525543284835294	9.178275966235116101188395987265
15.944743854323409237849773489870	28.954386870767308437280007638037
5.189972832401673841218325833324	11.324683219911158005288598360494
15.880204276789077866283150797244	15.175011175471093238797948288266
25.245389668809149696926397155039	21.910795475446700919519571471028
22.502621543904631096211232943460	7.671755787966265671684595872648
2.099265695103610163130269938847	4.787189902118949014209192682756
1.155166294446482444513435439148	16.609049286720750870927076903172
7.507067047708351203993970557349	6.218301593567641560866832151078
16.743617724009595804091077297926	9.600175191672203567350152297877
16.491117917490520028422906761989	21.658130434414662346398472436704
2.423335208366533599644299101783	20.241972283165875268196032266133
25.353471998446458712805906543508	20.048535803856964321312261745334
3.628503272664119982948705001036	28.728047634832883261424285592511
5.858438646327618570808226650115	17.392762878959846517545884125866
21.281483637823114918319333810359	6.390600476052910039470589254051
1.454971530809827662267252890160	9.234205200364248966593549994286
20.325137567148164663421994191594	26.069549281213788560762623092160
23.544644980638725684229939361103	17.239520835381398455865564756095
23.541234092476567951734978123568	4.742407108784593816608321503736
18.667995050240204335523230838589	8.208232292004769448112710961141
9.048789583378306744521069049370	4.351184524813519693964281032095
14.687654609644610559371358249336	3.976888308830022200623943717801
28.686138677042059441646415507421	22.628555010778718781239149393514
21.248930455243769443995915935375	0.584539680078844936517157293565
9.662668755617335847318827291019	15.269250753380955387683570734225
5.760078910137343299879830738064	25.453009627510837731279025319964
19.940927569980829048290615901351	2.212840349803559814034770170110
10.589595994650458976593654369935	1.429649230177471030955871356127
21.739666112719127966101950732991	19.364357882289198187208967283368
4.649306383253821728374077792978	22.924050479862323470570117933676
5.459970780153621916497286292724	4.973788592721758661241437948775
18.552764463485779344864567974582	26.876311688513606412698209169321
10.058759536754958929805070511065	8.234152605417881076732555811759
6.091764272603955809870512894122	3.239251372694169628374538660864
9.674708948050374957006170006935	8.604145879943889241303622839041
10.805576139945843650025381066371	5.862512440054580054038524394855
11.831930751009361202363834308926	7.015821867591366611804915009998
5.425272998639596444547805731418	22.212522126090370022666320437565
0.194409390799352710388347986736	10.932076220528207599613779166248
6.877494098003450240241818391951	8.288879545006363258607962052338
20.240737852885658298873750027269	7.623043093215469134804607165279
8.377731096322092341210918675642	9.558860228038694728525115351658
5.752834192210494634878159558866	21.883773934977785557975948904641
19.654107032419126710465206997469	19.898814269143738187040071352385
18.822824052819388640500619658269	16.339432046608450832536618690938
20.548756801022161511127706035040	18.563278816418701921975298319012
20.709227020408057740041840588674	4.105802146658587226113468204858
1.123567050674169065516139198735	12.688477417684719483759181457572
15.013834658928088217066942888778	10.921742070614795849792244553100
13.062373788511024486069800332189	23.560292681300147421552537707612
5.352766502997799769048015150474	15.861295751370489526266283064615
24.631913074372654648414027178660	27.489747710309888617530305054970
10.150424445855616539802213083021	29.765192087558752120912686223164
26.620504174144706155402673175558	5.404641982956669643556324444944
29.641181235165561247413279488683	0.114470995318037838117675164540
2.822449821700999450513336341828	19.028168020262810955500754062086
15.492880878446181114327373506967	26.965830174616886694138884195127
16.242683983750371368159903795458	19.679206433067633952305186539888
4.137144103391783289680461166427	14.748499089355673774548449728172
16.845271623031059959885169519112	26.966684335593843258038759813644
19.350156873050295303073653485626	8.412571119299222743848076788709
22.868983173663259833574556978419	14.706016550406705079012681380846
27.051120935009009826899273321033	14.915571326823686248985723068472
22.756198364203950035289381048642	3.840820205915532525864364288282
28.188990941098477804871436092071	27.054237545281306864808357204311
28.179494473009071953129023313522	17.108027295008305657120217802003
10.217351886631453439235883706715	11.629250626227316089966734580230
8.135242198981440964189459918998	22.329429275533303922429695376195
15.892803019609365478004292526748	3.519395352670503740455387742259
3.735240811619486844818993631634	19.911830250201067116222475306131
23.212139556502872750343158259057	11.221896164238923887523924349807
23.573033956917516462681305711158	23.764534861897022466337148216553
13.202182104519398109232497517951	15.925579388613996911772119347006
20.567028594525908147261361591518	28.819869801544140130999949178658
11.055820015415502410860426607542	22.641036895142917728662723675370
24.181443849538986512470728484914	23.182136513019493406773108290508
9.329518025441087658577998809051	7.845842358245098679958573484328
4.862912796118124880706545809517	22.046916445154458585875545395538
8.385904354819237127571796008851	10.748625460056471681014045316260
14.424051240300473253341806412209	6.997477477839522563840546354186
1.447641385840142680407893749361	10.464936425011400089601920626592
24.640498886640123998859053244814	25.051028102718674972493317909539
14.162673412918261206527859030757	21.294780217586104953397807548754
3.218868781841586201863947280799	18.021915562040014435751800192520
17.092297398814700670754973543808	11.267995237693465782058410695754
29.288518411859495671478725853376	5.374884923806630077081081253709
14.773372139784179069010860985145	27.747826540416461682525550713763
8.179033959278124044089963717852	11.456732006697604830947057052981
20.154558992492162872167682508007	8.965292370614626804581348551437
27.005474493518391909674392081797	25.021650273557931143386667827144
0.362943655892350447444982819434	5.413069555185764158977690385655
