56
300
inf
55
inf
inf
inf
0.000054710147127323693894140888
0.015828080485107420827262103558
0.043737508127516311340343690972
0.224339763313635032204729213845
0.569855880795109071002002565365
1.279602709165937879376429009426
1.797783437124617078595179009426
2.894435468069441519389783934457
3.712881477934440344057520633214
5.056861857197651133333238249179
6.423822554213126423405810783152
8.657581813486553201641982013825
11.116415984781719217266982013825
14.230786056346010681750158255454
15.846093864268373963000158255454
18.672401014687991960272483993322
21.494236532571292741522483993322
25.002430502297855241522483993322
27.103703085305667741522483993322
30.097536799057870382512192009017
32.300385233506112570012192009017
36.410282847031503195012192009017
39.621061445238666465229471214116
41.145070104540444333451887359843
42.865571050585366208451887359843
46.256581335009194333451887359843
49.702290563524819333451887359843
51.985375963855254610734846210107
53.773044278594667844117793720216
57.381965329620058469117793720216
59.613361051055605344117793720216
63.981563260528261594117793720216
68.295550992461855344117793720216
71.765437772247011594117793720216
75.879063634813874728024529758841
77.891048123809511594117793720216
80.748981168243105344117793720216
85.780963590118105344117793720216
89.738933255645449094117793720216
92.840297391387636594117793720216
97.639682462188417844117793720216
100.555763213143336542998440563679
102.796088917475088919672998599708
104.808078959013641906494740396738
108.378582193876923156494740396738
111.360690762969667844117793720216
115.765087794569453194526431616396
118.469186163118948229566740337759
120.588319158724416979566740337759
123.821801519564260729566740337759
126.261956548861135729566740337759
129.832459783724402768712025135756
132.512879705599402768712025135756
