51
250
inf
50
inf
inf
inf
0.000173887585674492584075778723
0.011944431958227141876704990864
0.114971151364498647140521825349
0.291516212826235410204844811233
0.730475612379303029797483759467
1.171176560617675832531858759467
1.883492865311104047520984750008
2.365637908743439599135172102251
3.450471053885041161635172102251
3.883198629187165185072672102251
4.323899160193024115983462252188
5.569764674549031013839339721017
6.206229853608262736486267385771
6.646930861451280314611267385771
7.225166504428024438766442472115
7.785388952635726944606631150236
10.191694265746079395285050850362
12.306323057555161426535050850362
15.572999960326157520285050850362
18.443799978636704395285050850362
20.003505712889634082785050850362
21.131961828612290332785050850362
22.283758169554673145285050850362
24.424090265864229820635955547914
25.423175817870102832785050850362
28.101742267260831908970430959016
33.684149369885830083148903213441
39.025505199893494534535420825705
40.676132711873378866584971547127
43.335545095906581991584971547127
46.014112337376133154975832439959
48.911954744602695654975832439959
53.151426180149570654975832439959
57.483889431709947359649959253147
60.615130276436509859649959253147
63.555539375204340046821016585454
66.234102113987461279975832439959
71.833291872288242529975832439959
75.361913611991738548567809630185
77.679031848559660033970430959016
80.106672217948769798567809630185
82.423798083911222533970430959016
85.030640124926847533970430959016
88.640445871064116545312572270632
90.957558154712003783970430959016
93.678802966723722533970430959016
95.524921579071929045312572270632
97.767225196464394798567809630185
