75
12.063150231633912312645406927913	18.488179931707545478047904907726
8.740316457327729438020469387993	8.905146157499299164328476763330
9.277254350278488104208918230142	6.088903025304670535433615441434
7.692972659495543652496962749865	14.978036402379069969015290553216
0.710344406263295757852915812691	12.339102109213257563169463537633
4.685578471447335857646976364776	4.057028498661178872453092481010
3.070678146289471666108283898211	2.872109532272506537964318340528
3.990601995204109186943242093548	7.757831015725054513154645974282
7.102973361500448667982254846720	15.217332741850933430782788491342
13.396392575910589073373557766899	6.015660588741176262317367218202
0.875627741905761203256020053232	11.721163980561517092837675590999
7.879281297881013834683017194038	12.937324848201654958756989799440
1.048153168618993769101166435576	16.122211215528647443306908826344
18.501627918829765206965021206997	13.175208324236514556559995980933
13.220957673763296114088916510809	5.870669806942322210829843243118
14.685871235734660800176243355963	9.567534187901726383529421582352
0.231143850615890267263807800191	10.985694162238887727767178148497
18.324915442092713391275538015179	15.552938297303093406753760064021
16.765943406867858556097417022102	4.401843242076115103600386646576
7.842458807505821916095101187238	9.152118757752798927640469628386
5.317112618465732687411673396127	6.570161710199632132400893169688
12.649131329543434887341391004156	14.830557323436483585510359262116
17.747102863666174954460075241514	5.955604324680871641817248018924
8.475637399368963542656274512410	6.875464656796178353204140876187
14.885479564455375012244076060597	10.929905735161215218909092072863
13.761021650089606538358566467650	7.662906089619165861392957594944
14.316245131546814661760436138138	8.841645654762141148808041180018
7.755302477971942387569015409099	13.723247130243366953550321341027
8.957515512034705196242612146307	6.327806858271336487575808860129
19.360990386949115560355494380929	17.410991462584622269105238956399
16.267096706501835257085986086167	14.910508983261006932252712431364
8.052391807809783585980767384171	12.681700959922862281814559537452
17.267320855790561751064160489477	2.869404988467307848765130984248
15.817214009384978012917599698994	2.445119300900032932588601397583
3.905314489119383836168708512560	5.016152234019235933715208375361
4.733732198867510732043228927068	7.997371788165316353058642562246
13.972743914697577594097310793586	13.618495850588649531687224225607
6.142656659299195354151379433461	3.181991662465973647044847893994
4.386229587955675413013523211703	6.454192576330528119399332354078
2.407880197454258741629473661305	16.827391534096459935199163737707
18.295597404477291547664208337665	10.042712071397549067341969930567
5.032958862762479945729410246713	14.262792301678846484946916461922
13.087812431596425710722542135045	17.899159664714556328135586227290
12.464848312091071136364917038009	13.565006990157504773719665536191
9.533925403238344031819906376768	4.724789609907094956042783451267
11.059848756099553312992611608934	5.990344345163613581917161354795
14.255731276632563009343357407488	6.972812386375844440067339746747
13.996400467571778136743887444027	8.209807564465329221548017812893
9.773996984396358556068662437610	0.539541724733572092276290277368
2.530429958410083113307109670131	19.075303797272084693759097717702
4.876153667405508151944104611175	2.153466314607634934930047165835
16.148785825222681467039365088567	8.903869641441154669792013010010
2.544133565795259066533162695123	11.735582342950259260305756470188
13.174165915133444926254924212117	5.538557482139161436407448491082
4.649345633608500172329058841569	19.373234533338656859768889262341
7.334967378960785211461370636243	18.263130121359797186642026645131
16.641762082351551299552738782950	7.589575336562581320265508111333
5.811837654850803502881717577111	0.480243978861194520391109108459
14.542649148551459958866871602368	11.573381269888470157525262038689
10.345401056386194227343366947025	19.533211119359215501845028484240
5.051710901239176543242592742899	7.259715710231053442669235664653
4.674462742520395508449837507214	9.013146170605526918961913906969
11.213240674318912581952645268757	19.618897784757663771415536757559
5.911470347241834843998731230386	19.289778998501400764098434592597
13.696143158212674251217322307639	16.721937172545828786951460642740
9.845940859051790283729133079760	17.304814903333316067346459021792
17.145424504995684600316963042133	0.843493685090750400235037886887
2.960435082945211959781772748102	6.160758665256549804212227172684
1.557625276711609441093742134399	14.620839208035596001877820526715
5.703743571690367275550670456141	10.293200748725446658227156149223
13.583784223215634057169154402800	5.106100997222413617748770775506
9.722268833442729629723544348963	3.576156647578074831983485637465
1.902709903594365092871498745808	10.871823726453103020617163565475
18.326110328253470527215540641919	3.123764442811618469164613998146
18.587038477775188027862895978615	2.698904658533061162728472481831
11.761951261361282661255245329812	15.599895138294115781718573998660
6.550091516207046993258700240403	13.958803803563796464004553854465
5.700296613272875845268572447821	11.353076660407690923193513299339
13.526637483724648802763113053516	18.764820880615189935269881971180
6.158824224721256790360257582506	7.279709111225180606652429560199
14.737100847467971220794424880296	0.917076035633592745455189287895
12.948326688500541692405931826215	3.462372760043427533105386828538
14.056746946100979300808830885217	2.308391324827709922828944399953
15.065581423674633043674475629814	8.392845099129766950341036135796
15.553488210491796195356073440053	2.024545409687593888747869641520
19.661461519015844601199205499142	13.249874330311401493531775486190
9.186308062368441440526112273801	19.287539823148790674167685210705
9.047436640042883837509180011693	3.202170432411427292151984147495
8.674912140961136941541553824209	5.244669520446787025491630629404
8.292629428916988842956925509498	3.678802578457303074088713401579
4.142224284832086489416269614594	14.045933415496973495351085148286
5.562263623800161482790826994460	17.277047095868365289561552344821
12.751422078847165053616663499270	11.638530769461334912762140447740
11.268067787543555979823395318817	2.073487285983683925394416291965
17.892775267099352731747785583138	19.513836700826463044222691678442
1.763336214196267182074961965554	12.736728304412659795730178302620
10.344168459768033230261607968714	15.392099751095930315614168648608
9.574567949924126963878734386526	16.911326340334611018079158384353
6.030381664110124440014715219149	11.543653358543258136137410474475
15.075180960658988382760981039610	11.368355789742537353959050960839
14.789489986547977196096326224506	5.428397349767396740105596109061
11.464347155383757481672546418849	5.975217609820520969776680431096
5.438582771204847787771541334223	16.379332001557518339041052968241
16.055404493884058325647856690921	11.754357716447016102279121696483
4.972362943944897750725431251340	9.296983451544180709902320813853
10.842874707369409392754278087523	15.141957123016908326462726108730
2.810782885398437347390654394985	5.396470430089400416306943952804
12.785880945071207648311428783927	5.656600717979855197370397945633
8.423040831639973191613535163924	17.634712589338132460170527338050
1.808688031098697468479485905846	8.703874938162638130734194419347
5.412270335309658619848960370291	10.629912346311767734619024849962
0.951561238195487435476138671220	8.752421303591310319802687445190
2.445814563206134550910064717755	16.893109336030072142875724239275
2.079438392263260659831303200917	12.723642062118409867821355874185
5.223770008854818236443406931357	11.058659438133821240057841350790
19.392969855820091140685690334067	5.083618490743678108856329345144
8.950738518178892988430561672430	19.449032542490570563131768722087
12.564165148659968807010045566130	2.703593113827317040431807981804
6.446478746135564819041974260472	19.434037790021648106630891561508
6.317269961015790968872352095786	2.481856258539628434789392485982
10.815926953447391412055367254652	14.353334131334925416467740433291
7.190492668906846240872710041003	13.550803676448273549226541945245
9.667151988601919043730958946981	16.856333619776155074987400439568
4.499707759437097109866954269819	9.594051419712501527214953966904
13.915022400850670436511791194789	9.637418419205314279452068149112
1.735912105712127395662491835537	12.997195478900335885441563732456
10.985952484212125668250337184872	1.851373841353154414690607154625
7.043005653057471171507586404914	7.194447313687321710062860802282
15.131685084940412977516643877607	18.077448210812679718628714908846
7.107665807246148048648137773853	15.262917639847559669874499377329
4.705580816186100356901533814380	11.407218108182194171718037978280
7.425074640207879106412747205468	6.997267528554719007161111221649
10.661564958120134605223938706331	8.302909479927722102843290485907
14.868760678519169715627867844887	16.745564698173467377273482270539
0.872364358438681986029905601754	0.052279506220116456205460053752
2.725065938994561065555899403989	15.856445727005771928475041931961
5.870852189727699510513048153371	19.624759533327335248031886294484
0.702262754958117296766317849688	1.369852963229819531321140857472
9.634009054488476664346308098175	3.890732760998275807651225477457
10.352562275400130076263849332463	14.019014992210760084390130941756
8.725121609844538994593676761724	1.785023897909370216297020306229
4.460878686189616360024956520647	8.552206565717270336790534202009
15.232052983256826550473306269851	19.460794318945779934892925666645
2.837287522016711527328425290762	3.112951112011065113449603813933
14.839502127649568663514401123393	10.787885232059741369425864832010
4.758827362842033892320614540949	9.629530495415577817652774683665
2.487276988021186241439863806590	7.852479288249634592489201168064
14.953644226201278755183921020944	3.867272828641784343517429078929
13.509496372928467167184862773865	17.218276986031803232890524668619
7.253020673395795370197447482497	16.486372867804281128201182582416
