75
8.629112489330502455686655594036	2.118543724033108865967278688913
7.405053056107634645854886912275	11.902441155492763158463276340626
6.632574885462845237782403273741	10.414244660749231385921120818239
14.896768395086303016228157503065	7.674693865353769517412274581147
1.596758636717299228990896153846	9.274258664852542466405793675222
6.651341729842556560470256954432	16.734344703629069783801242010668
10.708600300384066628112122998573	13.523689770586029723631327215116
12.936561359801718396056458004750	18.904044489411898410935464198701
6.263904472488245112060667452170	8.563252103818422611425376089755
7.831842887768432071027291385690	1.568363786004340454383054748178
7.306843739662853387528684834251	4.466235506874058458492982026655
18.438181639635498498819288215600	5.316026022099954673194588394836
14.997972229281112177545765007380	8.444109714708789127257659856696
5.714048744803202239950223884080	4.162871982856530372885117685655
4.499858821084760762687437818386	13.089272377763604637834760069381
7.772087839174910861572698195232	10.978087927501835707744248793460
4.206899790140401051985463709570	7.449228261618869417759469797602
9.703493493206064357536888564937	9.246974373891521992163688992150
14.215409839198500208112818654627	11.445231462377423170551082876045
4.607240128751399765860696788877	15.211101647153910221277328673750
9.071856717202841480229835724458	13.385182128340311180636490462348
11.865263820852710807685070903972	15.854458699283993539097536995541
15.061558538411683016988718009088	13.595098208356587221601330384146
19.075442076743669872485043015331	18.082554302405824842026049736887
3.594200858382063490381597148371	11.515969229653631344945097225718
16.811771651931682214353713789023	17.507407985633278713066829368472
3.545056239922820928711644228315	10.024718291355002364184656471480
12.735735485241178821524954400957	5.273031163016534073051388986642
16.904550141015640463137970073149	19.302483994161228508801286807284
11.521112621143467791284820123110	7.215663683281221985055253753671
17.575545299210482141916145337746	14.262801935446852041877718875185
7.564940542903655362749759660801	17.307832532677903003559549688362
5.460565974839938441220965614775	6.539693840248620659849621006288
9.615647917731848792755044996738	8.650867964391940390100899094250
15.926553023717183066310099093243	3.928565178175749128541838217643
6.443493819612217343717475159792	10.224144576473571888186597789172
2.833163122660228072646759756026	10.994740565126303266652030288242
16.212664774178421112083015032113	11.651226319143868082051085366402
9.413780762676077884520964289550	18.240292423467401761172368424013
8.634048191195937249631242593750	1.625398772033229466416059949552
14.837196872974141470535869302694	10.191053995606965898446105711628
16.825239601144147627564962022007	16.276351576578846902521036099643
9.949623243262804450637304398697	13.249574318193037214541618595831
14.002700873990262309121135331225	13.274426426178782989495630317833
4.171126265714251601934847712982	17.222095313846125463896896690130
2.826241299170364928983190111467	10.142385924812767683533820672892
18.335356199408565203157195355743	11.346398944961855193014343967661
1.871361374492266360647363399039	0.962822885120580007622947960044
6.363740945861110276382532902062	11.046871694448499923169038083870
16.208621034828929907689598621801	4.680666873309736075725595583208
10.087387371619838560832249640953	8.522598451919316531188997032586
7.416434048054890482148948649410	11.796992857451813918601146724541
14.882038464429106383590806217398	5.474037080679882372180600214051
12.134288928620723169160555698909	11.112440520859102832673670491204
6.326176292078808494068198342575	5.768490723157847277491327986354
16.697105561152092434440419310704	8.937892900324003520040605508257
1.433918856503909822208697733004	2.478627082309517337677107207128
9.632542052088206574467221798841	7.269468209497138566632656875299
13.221594389592377538633627409581	3.552916468889143697396093557472
9.950173861393524887830608349759	11.123014246961346884745580609888
9.281277834190296616156956588384	15.200584818332506742422083334532
11.846814255874139831803404376842	6.449870482659236792244428215781
17.446706688283807551442805561237	4.877534973712545074420177115826
8.913820313225974345527902187314	14.163727434217392442405980546027
19.428950717184939378512353869155	17.233712254399840446694724960253
14.300303089405844048087601549923	14.865462640050251863499397586565
8.296996446186046370030453545041	13.354622913715079590701861889102
11.218296691936185283111626631580	5.157660456868494058824126113905
10.189064679950051939272270828951	8.731764667769949639364313043188
12.748299798590789322361160884611	12.845997965546361641031580802519
14.413654294160856750295351957902	9.715300727004379410800538607873
14.654143901949716166654980042949	17.795989104969521577004343271255
8.626561250710862438495496462565	5.419435628634924562163632799638
4.553951168992075970720634359168	9.063336795524580935534686432220
8.483653571631423417898076877464	10.975767329887267109711501689162
18.653996456123845604224698035978	14.816885055505386148411162139382
7.425198644121854485433686932083	12.084900470812426576117104559671
11.412592813654415024871013883967	14.054040176858485722277691820636
8.280862405818954385949837160297	13.363990975939014305140517535619
3.999423113291626030729730700841	19.516619705558692743352366960607
6.817797335989519424970239924733	2.900450426775569745529992360389
17.480454552131199363884661579505	17.283679057875772855368268210441
15.575255381652139519133015710395	13.929602826487812450295677990653
6.467060030154200944707554299384	9.787043881495332442455037380569
3.827000648753840383875512998202	13.980353567418916327369515784085
6.114184914669248627205888624303	10.023706284944481126331083942205
8.490254427709967188775408430956	8.596330829377542670499678933993
18.295953879141787723483503214084	13.807966870410240289857028983533
2.321619841872488709810795626254	5.328620580619180202575080329552
3.820088476900473928310475457693	6.569591221553833904067687399220
9.176965692207215141706910799257	15.842841790267376822498590627220
10.653500972475244523707260668743	14.534811887585570744363394624088
8.860670043844129040166990307625	11.029572984413801961522949568462
9.240511501326199805816941079684	17.183770167321721800135492230766
8.333732155972981558988976757973	10.540869356160239789232946350239
5.182578928900101189469751261640	5.230671447523040029636831604876
11.790366780497258503146440489218	6.991813074891263468657598423306
3.802816568020113585646413412178	17.203171548715651795191661221907
10.349451105903002101626952935476	14.571604196843029654928614036180
8.165867842018737832177066593431	1.146300485957709280881999802659
12.487870789733232612661595339887	2.381122169496922680309580755420
8.696433789701558225715416483581	10.980154296556955628716423234437
5.941006669080812763183985225623	6.301052513789045406156219542027
4.212656074137274941904252045788	5.257729176978369167727578314953
5.701660166766447268571482709376	18.368716782782062324486105353571
8.265067541942279660815984243527	5.285107333041549004803982825251
11.156257142081054567483988648746	16.697343156216479798104046494700
4.472892512375472584551516774809	15.184885843299849028653625282459
12.993530187651591845110488065984	14.056693323474448220622434746474
7.113258951791899598049440101022	4.374259014872139417207108635921
13.709180003721764151691786537413	7.111398083340645825956016778946
5.020736083787900483343946689274	16.941746087574138357467745663598
16.619540741896962288137729046866	8.829826042841141031658480642363
1.970540868673297918434172970592	16.273094334971052177252204273827
6.953327753327882554401639936259	12.085321604511907622736543999054
7.257895429041718138307714980328	5.000340245403188887962642183993
9.609728573917887928246273077093	15.919937418955019126087790937163
10.671985562431958172169288445730	13.860606119533182223335643357132
16.013278270252772728099444066174	4.365652846768993455839336093049
5.542760100153730995486967003671	6.312736782656504175292866420932
6.984247681372874438920916873030	7.910023945735851214067224645987
11.490336649851055739190996973775	16.055352058421682670541486004367
9.828303389972512960071071574930	3.712147476868421058782132604392
9.126881824623207961622028960846	9.030776929467661418016177776735
14.779320875654335054605326149613	18.379943966920603060088978963904
17.683501838924811977449280675501	10.544135644844358168370490602683
12.739738463637582555065819178708	9.619262187759790805330339935608
8.195991001552155097442664555274	7.836900690236655364628859388176
11.157493267967014460850805335212	13.534272710885806745295667496976
11.370390554464860244365809194278	11.813283448425984545337996678427
15.959032220237595822709408821538	10.018923917379762400514664477669
6.330864155132062798259084956953	12.794521926104954090419596468564
9.116489445466122276684473035857	3.924761767259188349754595037666
7.352442311913726769034838071093	16.199627473165325142190340557136
6.077466868412081169026350835338	9.187483290803637459021047106944
16.785740799616288398965480155312	13.114178591720909494711122533772
15.611949125585802278237679274753	14.946130958272968669575675448868
17.152863027482705859938505454920	7.654319937318307509599435434211
7.365666597733945053505522082560	19.907956090001903248776216059923
5.327887004131129700112978753168	11.126360753800746294928103452548
1.564865572318063779988506212248	1.707185498735019901772602679557
13.841556306330701886508904863149	11.093667974726526992412800609600
11.735780124481866693031406612135	12.797673594279356024117078050040
18.411869587861570352060880395584	8.621769296755385170172303332947
12.581866127141720923532375309151	9.671598880669307618518359959126
3.508629462683324540250850986922	9.808799139890389540141768520698
10.700550916105044052528683096170	4.186790199952715063602681766497
10.688880745100213687237555859610	13.974645968096428561011634883471
2.337133531168236633135393276461	8.188324495874541142370617308188
4.408268956860616150095211196458	13.532389143614741655596844793763
18.429611804770846816836638026871	12.670559702899577558810051414184
9.252217283930034952277310367208	14.082721338735662897079237154685
7.148406650510559678934896510327	1.972015736462412682783451600699
18.423060131881356937810778617859	0.035447002979316355464334264980
10.998837629988562625271697470453	7.219147417997449522886199702043
7.391363370500109830629753560061	8.305632632500483225612697424367
17.167579005973419015163017320447	15.345192667882976422788487980142
19.479653199889391146371053764597	12.427279256587137723499836283736
3.099414516927487373010308147059	15.743891230965576966127628111281
15.410147631858267303073262155522	12.983890873307315061424560553860
2.755258152472093602369795917184	13.000506441773975296882781549357
0.037613371530203831838434780366	0.981310097417859239499193790834
13.152495252661228875012966454960	16.486035178125458600106867379509
6.568840429939760028332784713712	13.068836172706461695725010940805
3.032154262799321209342906513484	12.611134907552310480127744085621
7.928029954878336837964525329880	1.983447792392870834277118774480
13.856692030864008913226825825404	11.328562654930983910617214860395
9.597021658231950524964304349851	2.762018289063629339352701208554
9.798279701784155193422520824242	13.858362962177722010892466641963
8.318219899639322179041300842073	12.119435035648498555360674799886
6.049780532194544591106932784896	5.367491562959468609506075154059
10.041942077414180545247290865518	8.981617101419889337421409436502
1.899232839077281020934151456458	7.970105927734662643047158780973
11.985574068000230951724915939849	14.300939157662231338008496095426
6.301095512090314265662982506910	8.876480603180702644294797210023
5.255129149186478443311898445245	14.585867275991642344479259918444
4.259037218893903187222349515650	3.152092544252132366722207734711
12.664377544777371653594855160918	18.390338658351062406381970504299
4.621658959511400155406590783969	6.452030228992875038329657400027
3.007186684394463238589878528728	8.266753575642306728354924416635
15.723097240685559583539543382358	11.006307227413207883159884659108
8.804293425013753449093201197684	15.338061946502980603668220282998
7.698555658155671110876028251369	17.541863023599702842147962655872
0.107309687710939183347136349767	8.830136843352754283387184841558
4.857832754734397795459699409548	12.770957579136355874993569159415
13.532671949042088144210538303014	7.833702085599857589670591551112
13.050647683669501120107270253357	7.640886030559773445247628842480
7.998030827416389598738533095457	5.312608786148680373173647240037
5.558731531200034936546217068098	6.289869603423079880144541675691
7.147117355648649805743843899108	8.493076850845685754620717489161
17.327074917978286805464449571446	13.853555522637218899717481690459
12.212961761634684165755970752798	9.336865392130311747109772113618
13.899537399246014501841273158789	9.314019303754164980091445613652
7.682763733278044959718044992769	11.310757750237121044278865156230
17.646669497314661612108466215432	7.663317590699913139928867167328
4.783659407963487097958932281472	5.848752330192769299799238069681
7.169422678907253043689706828445	0.084538484185795681469244300388
8.701573378735828256935747049283	12.510232257290997637255713925697
7.640261836659122174353342415998	3.370856285656794071314834582154
10.828653304864541695451407576911	12.819082120391282586524539510719
19.229528271029643349265825236216	10.293993305817201289187323709484
18.975025183779486326329788425937	16.036255825019161136424372671172
10.200828321117132446715913829394	7.087903807209054107829615531955
12.642632383100025350586292915978	10.883787918827444229918910423294
11.167007852632030662221040984150	11.606175691754323509030655259266
17.629033706691188854165375232697	8.881946902523724318712083913852
16.625898219745376849232343374752	7.435192073518500421869248384610
9.681197821588455099117709323764	9.185381585450443253648700192571
12.506542219156360218335066747386	11.808328421459707513463399664033
3.322767517972213813237658541766	15.540351759589038138642536068801
9.201215842551167867213735007681	11.049688368055541332068969495595
15.199243429728339194184627558570	6.046605796872439597677839628886
6.335243067583815168575256393524	11.724906547595161043773259734735
6.848125001867652272835584881250	18.143633271646805837917781900615
9.751191469151386570501927053556	3.862495600167510811928650582558
18.003541971239087615686003118753	11.726544675983960885901069559623
7.243381572347326269323275482748	13.023114128874222927834125584923
16.342356496739864013534315745346	17.872683843975085693500659544952
13.696011108548766799231088953093	12.915509925766359700105567753781
7.290040471474531713624855910894	10.314048325164794306374460575171
11.436039465545254856237988860812	4.398816856738761771339341066778
18.397938418165498575262972735800	4.517171859555260127194742381107
2.055167110518739903568530280609	4.479147922084935729003518645186
4.370365193364620814975296525517	17.332263810059590269929685746320
15.605652775231334317140863277018	18.901779354038581004715524613857
