75
19.485363488531422859750819043256	16.054150885413566385295780492015
10.181907270045737590180578990839	3.985843128389220169083273503929
6.711698328817119474365426867735	2.901783589571960586539489668212
11.246720897771359304329052974936	7.402157902032489467103459901409
8.378072213503987342164691654034	5.751667705949802034126605576603
11.804745829627831810171301185619	3.560859990340311753698188113049
9.916805550762024523692161892541	7.793332948773154633670401381096
0.427079018530652554375137697207	12.726902274849944518564370810054
8.138046834972330501045689743478	10.503533287458427736282828846015
5.893304162301484794284078816418	7.805471328871176339703197299968
8.719198498684679776715711341240	7.749226580164960687113762105582
13.846235728323581071208536741324	4.185101858479407965774043987039
4.823067360516892776445274648722	12.338871819424475972937216283754
13.523576493148192767534965241794	7.170681376840886578349909541430
9.292926505956650373718730406836	6.828719113628260117820900632069
13.570589589176835332295922853518	13.889754115659775024482769367751
7.580939816795816632577498239698	15.060089453453848307162843411788
9.408817019895181488209345843643	11.808381108089921696091550984420
4.859565575772277767896412115078	14.136418463292214298121507454198
5.559911919723358408873536973260	4.668599361443954265382672019769
0.533002385604907757965520431753	13.883164530971701111639049486257
6.521607947406975469561984937172	8.513542581163768829810578608885
9.913810958445900212154811015353	0.166506681151088908876545247040
6.774917693883101499352505925344	13.390045503998596387873476487584
0.425622860084014398296403669519	13.517834140749242166634758177679
14.567645393114851515292684780434	3.193269037121031495018996793078
4.367814296632983150914242287399	4.569798474483847350313681090483
11.056810785113228234877169597894	9.074242876282847092284100654069
3.856658274472334113625038298778	6.620358855161855515802926674951
17.482346202604347240594506729394	18.030256208914391180542224901728
5.399345744248391198993886064272	4.580886208200443121540956781246
6.558606096522524353531480301172	6.752450357900782407227779913228
12.676929270111280345645354827866	7.300637763555980264129630086245
12.915781877548905498542808345519	10.099734146110113996996915375348
1.580556786073103126000205520540	12.554950750639656931184617860708
13.563563098484907598617610346992	8.706928859522514940749715606216
10.889260655684251943853269040119	7.538544715727582889996938320110
12.833388969072048624298076902051	6.357367039377271211719744314905
5.900437752018032000478342524730	8.120372827772897039722010958940
11.201766493986013983885641209781	12.747256039814438111079653026536
12.202494252642560823574058304075	14.919036017607528066264421795495
1.725843713409237700773246615427	16.363933538157340308316634036601
14.309449321784553532665995589923	7.829417908057366481955341441790
13.036047452626046805335136014037	12.126159633859975528480390494224
2.854058587329023843892628065078	10.940649590400251867094993940555
19.269182338946553301184394513257	9.017675988361901318057789467275
13.066326892560224948169889103156	2.436823105251620269484646996716
18.302548186519203454736270941794	9.915238377646831580136677075643
11.774139621070855099560503731482	4.658695453372112993406517489348
13.828549027636087842552115034778	13.865170128350104761238981154747
6.961838910176820327535551768960	3.986575653591867940406245907070
11.955792128736284496426378609613	7.823097176964816767963384336326
12.987561334011305191893370647449	8.359426744145679322173236869276
4.380259284989505452756475278875	19.902419773304931283064433955587
11.254807249895584675414283992723	4.883336821953005113527979119681
17.067107309640629608793460647576	11.060241874673483408741958555765
10.509273994578121502740941650700	14.039254994954591282407818653155
8.221580942811161918370999046601	13.832348494191471388603531522676
4.429891027868542607848212355748	9.463089822918341553759091766551
6.210842566038881074064192944206	12.627897927505781439094789675437
5.601728872583096929815837938804	11.948787355832394041499355807900
11.186874715037378180682026140857	5.109987361416042261907932697795
18.143804509975037575486567220651	2.266339528855200846635398193030
14.100978447329854503777823993005	11.790408799363946812377434980590
13.164828650906949647492183430586	5.141636955353692250980657263426
9.440692310232376982526147912722	10.167855970029465950688063458074
8.219918633928152473799855215475	4.188651580578897082318690081593
14.795628929357716785375487233978	9.783631248207772301839213469066
15.833665317433338159958111646120	11.664400277297982455593228223734
0.011032669416914053783784765983	16.043539211525626342336181551218
13.189773995740839751533712842502	4.756713613337121060453682730440
3.978713900954935489551189675694	4.564559956003090057663484913064
15.613981749258970310734184749890	18.955349340489586751345996162854
3.192315560329824997154446464265	9.321971628725444602991956344340
3.411597473666105440059936881880	15.383659841251636990477891231421
6.516452706623770296801012591459	14.598114454160974418073237757199
18.651203744794454308930653496645	8.942685471567864752273635531310
0.260385049415757574564622700564	1.849299305104370017005521731335
4.937514036169241116169814631576	10.968100401002152111118448374327
18.676332773510303297825885238126	13.307715439696139014813525136560
12.646421457124665366222870943602	18.652730807260940792957626399584
3.625190278495745044295972547843	8.062528906395289851616325904615
6.469167087273195448915430461057	10.809057957881263334343202586751
12.895671782424978246694990957621	8.845418675096205163299600826576
10.750983315460191036549986165483	4.746330724081540886061247874750
7.269621984817034920922651508590	16.188356643560013026217347942293
11.757662600486973758506792364642	1.540926144343460535424128465820
11.406483609179328908567185862921	9.026076053634914941881106642541
7.474647093109289208712198160356	3.446447110024405180439543983084
2.383615992110171610818269982701	7.334707323564664704917959170416
6.328128247227939873198465647874	1.721835458003689645067879609996
11.905983606875652824896860693116	10.638101897042394838877044094261
6.746489804312496119109709979966	1.513518234458311351176007519825
12.416965310356674834224577352870	1.541757511798070190423004532931
13.515317035399593947886387468316	16.355849436161552290514009655453
8.391771114357402083783199486788	8.999749760322469427364922012202
17.423033049621324153122259303927	12.717095012796512776276358636096
14.066949145168061718891294731293	10.113355408460865447750620660372
13.040035948279745880995506013278	6.743430464844763605469779577106
4.124428478456069413482509844471	10.512031241436433859348653641064
13.138089908334274369394734094385	12.044445404488962836353493912611
13.708678973690815894315164769068	15.776836800660289483744236349594
10.604139533967224195976086775772	5.317976045050823330484490725212
6.841479235100189626450628566090	14.190549178072251024218530801591
16.701709437489693499401255394332	9.723504951789578854004503227770
7.431554424013407711413492506836	15.915779992995785718790102691855
8.789365236410029424973799905274	8.881070725666154075383929011878
10.236194562821829379117843927816	18.922500987144783124449531896971
17.826348878501068639934601378627	5.393669706367837157756639498984
16.091989660881431234429328469560	18.463593784903611805248146993108
5.244259966064440448008099338040	9.842354715412035659483080962673
16.318623806951016774746676674113	11.206560305200305549533368321136
3.897504835269439471545638298267	4.405103367572470673962925502565
6.405905660146551383604673901573	9.200089577294315645872302411590
4.900080556103482365415402455255	10.993253673762518829448708856944
9.276331132190772876811024616472	11.298432646133154122480846126564
0.321573229156407514039983652765	1.461743048450796500503656716319
7.311649146580206704015836294275	10.090674329902883599174856499303
9.404778778345027845375625474844	2.901385624040908606247057832661
11.353137664889917601840352290310	7.298822694765945584549626801163
1.271455790284058640082776037161	16.056221344892662727943388745189
12.414014875122846959243361197878	15.220501993934277606967953033745
4.719124090740994148518439033069	5.127219744274292168029205640778
19.812358393942989920333275222220	3.809095400835834865915785485413
6.723653745538150872107507893816	6.477758412520032038628414738923
8.694081965376126319711147516500	6.606579101987186675160046434030
13.158842706885797824156725255307	9.417219116879788742835444281809
6.690064491605177465771703282371	15.479652685034601233837747713551
8.045272496684907181929702346679	11.657365854735704857603195705451
13.012463082787860457756323739886	13.763548872324198768524183833506
7.554120928056751615997654880630	3.658456761004119872637829757878
8.530203193783084003598560229875	12.100090825062794763766760297585
15.383003182264991082206506689545	4.925183037492804061230344814248
5.999939348534968353021668008296	7.434212092566891527667394257151
10.640514050876584306593031215016	16.649079427098879335744641139172
5.326072318271604544293040817138	6.800508057650671567273548134835
9.909524471990243554841981676873	1.016140972955388743770299697644
7.881186210551309301308720023371	18.491562989094401103784548467956
10.762841703569254292460755095817	18.385329602534415727177474764176
11.090433576828775841249807854183	17.627403683832422842669984675013
5.918507688806751154686480731471	6.626572219488893189520695159445
17.362201133593313073788522160612	8.807175916603824816775158978999
8.552415846453772729773845640011	10.083714589156528518287814222276
15.815278248850496822797140339389	3.857954940328368387270074890694
1.422925155412954723033180925995	8.809467640593949155913833237719
11.212242687720317846356010704767	8.454673593468749359658431785647
12.851081989478924327841014019214	8.262050975926163332019314111676
5.312179022116353621640882920474	5.607217795541663107883323391434
2.768717018798859896833164384589	7.144239345569689092485532455612
7.609578597064434291041834512725	13.765125083631929214789124671370
18.630502447977196567308055819012	10.881941092669286774707870790735
5.429593307532975643425743328407	15.777124901755557928595408156980
8.497120337999824357666511787102	3.493510849412583496587103581987
10.384326949944558293736918130890	8.240288243442991600318237033207
1.065854711655746633880426088581	7.330421850841102759943623823347
3.767906884037058645731121941935	6.175622995174408380592012690613
1.293016411511845209503235309967	19.502638217047920221602907986380
7.320427975532131092961662943708	10.843670476044342976251755317207
11.596091533996750300161693303380	7.907954782671835047835884324741
15.428255168547764242248376831412	12.451632571423667528165424300823
11.128847929491525903245019435417	11.645969488588367113379717920907
11.296411008889229776741558453068	19.567395925719832661116015515290
6.924588396613010843338997801766	9.121066499185133125138236209750
2.303398224190985832393607779522	5.457509911153294979158090427518
8.213654046620940007983335817698	10.201340001053848638434828899335
16.240926424303751218758407048881	1.051091560406740121891289163614
9.591141828235054234141898632515	6.924727565426025854833369521657
7.245302375746289769153918314259	9.909842632421600683301221579313
12.004926990453192559016315499321	9.079841292957738119184796232730
15.708266348632268005758305662312	14.240291906533563803805009229109
11.593201241525553868427778070327	6.206934777337860253965118317865
0.245617497271136464576102298452	18.859761917064556513423667638563
6.743862351749927874777768010972	5.519996674889537047192789032124
6.748212867828235594913621753221	9.661534723162048976519145071507
11.658100498149792656477075070143	14.475920062824016554259287659079
17.139185116947349030169789330103	7.734799840283342220459417148959
10.045175922753658781516605813522	2.764427353804822740102054012823
13.644628609650142792020233173389	6.089244817776585882995732390555
8.303295122800662397821724880487	7.835226996553325662375755200628
13.601853471723480026867036940530	6.010488678865625544744943908881
7.523401042971310737073054042412	8.788791880755079333198409585748
11.054895114052458282571933523286	16.995359510871796970832292572595
15.691863684270948908761056372896	17.079212074055821091178586357273
18.043961023659164766286266967654	7.821908160858018987937612109818
10.021981128605478517101801116951	3.172680920304317808700034220237
9.779613962676489080649844254367	9.646110406129313474821174168028
14.531019655464286088886183279101	17.384626554647944374210055684671
5.796717950238046590527574153384	13.564150782498725078539791866206
8.732407302407043658831753418781	17.454001304383272241693703108467
3.633782222949034412806668115081	5.784753593283193495722116495017
8.384236930868308235176300513558	6.719383635587819370016404718626
10.111503902923143272118977620266	14.450077623284744987586236675270
19.285144551589329608987100073136	3.884630709486423860710146982456
14.279728062422840650924626970664	3.451755794997583226546566947945
16.431285410357194365360555821098	17.950692207543941236735918209888
8.541796085187918663450545864180	7.394863643425964916389148129383
5.311834706578183684655414253939	6.127183824637469022889035841217
19.986538966944713990869786357507	15.106448794668407842323176737409
15.759636056693526739991284557618	2.741949626673330087101021490525
6.742561089341578828282308677444	17.237027146629834817304072203115
4.352850570673114205533238418866	19.818370762949573560263161198236
8.225183168249911247471573005896	6.507726119172474454899202100933
14.391807019851214022310159634799	14.294463366410679938667271926533
11.289228889772800812352215871215	17.414481689670090247545886086300
10.726999121751186194728688860778	3.387167330308234358682284437236
7.685217089061509909697633702308	4.345470193685152970886065304512
8.766640738432560198134524398483	7.770818834935364627369835943682
10.007539909326048643833928508684	0.435297139643298081068678584415
10.660345599274322125893377233297	15.241732996830592128389980643988
0.912729889760748758220643139794	12.586293115903560035917507775594
15.793056347312640852464937779587	3.194887251583596210480209265370
5.833993394046606439928837062325	10.181919895954527177650561498012
1.132371017950760894166251091519	14.583080333056651411993698275182
14.282261386981391027006793592591	12.171282250291541870979017403442
13.828806502915092835337418364361	13.872820950987653887409578601364
12.441164424320563242076786991674	9.840738043193896444904567033518
7.926612577798628933578584110364	0.755971669775673760227618913632
3.890084019397439529797111390508	9.154437870421887168959074188024
9.811613774508934682216931832954	19.404347183230683526744542177767
9.767376557612699627952679293230	8.568124460551395316088019171730
4.867787704108710755690481164493	3.943942141207746221454044643906
14.263993358844718528644079924561	8.487275375795721998883891501464
12.681356814376529840160401363391	11.286945211916133757767966017127
14.985483107888963871801024652086	16.838415788321285049278230872005
10.636072525915174935562390601262	5.358099899124709963871282525361
