75
19.821861167759280419886636082083	11.895580344008475748296405072324
13.422179944447972133048097020946	10.365227908403783274593479291070
3.891334467782462169793689099606	17.702049630748426523041416658089
12.639233895761798009971244027838	14.145561853459913237429645960219
6.405210127555998056436692422722	13.659322589324812469158132444136
19.698284763121609586278282222338	6.132333886853385429560603370192
19.589558344977344717108280747198	6.966515239647084634100338007556
10.579424223703204788193943386432	9.455668724073490238879458047450
9.006952594826573843533878971357	11.048534633236950952550614601932
3.279614791676201956960312600131	10.981649349894766487523156683892
4.623954239001853316892720613396	17.303140467052426032523726462387
7.607865978401044060319691197947	11.347496754517944594908840372227
17.347934167200431687660966417752	14.231336279603528538473256048746
12.825231862892680467780337494332	16.411697093696258065165238804184
6.600905352736527120782739075366	12.249665695048211233597612590529
10.381554134234782793555496027693	5.294175760848286671489404398017
17.971078356155150146378218778409	9.407575179961780165172058332246
19.969949069281582865187374409288	13.608025945319798921673282166012
7.468134994918105284966713952599	5.729630005965952399549223628128
1.118292611488963306243249462568	9.807940300626839302822190802544
12.426322234413460066093648492824	1.551217640943903575134754646569
17.483995162684689006482585682534	2.798591817919928281810371117899
3.864566532580579139022347590071	10.346735057497935983406023296993
14.285934747500659725005789368879	18.973018745359624404045462142676
2.327966709803764633335276812431	13.274082721752474611776051460765
16.123135454759580653671946492977	10.065111749138912600187723001000
6.192785164423596278027162043145	10.440171927496091797138433321379
8.080431845794032952312591078226	11.104552745080940923116941121407
15.039449491723129170850370428525	8.461641750349173207723652012646
5.242819615010735567750543850707	10.111945159632458768328433507122
12.265542225217643590440275147557	8.090747506629620389162482751999
13.972953003577760711095834267326	19.391990636772323597369904746301
6.638707278565637359690754237818	8.277813290545079638604875071906
12.726289263808194363036818685941	13.320206245554604862491032690741
8.327539849678839090074689011090	11.801111216117281088600066141225
8.795703890663002511018930817954	7.175711065317107895111803372856
3.408375014014584536425900296308	7.745424741122709733076590055134
14.795639600430202875713803223334	5.134622415792613914220510196174
13.794101760095527353655597835314	6.945455044643177977548020862741
12.672034844942215769947324588429	13.449546168321422356939365272410
7.670057525610262771920133673120	13.787388681218265773509301652666
2.497293357430347970904449539375	8.905097155165549338562414050102
1.840638515241634021180061608902	7.179187515995248958233787561767
0.298108784940707582933328012587	6.770875617513234523414666909957
9.843136890026809027176568633877	11.625045481148218229350277397316
9.861520828926101600586662243586	17.116497385521839191824255976826
3.098254273196978658688749419525	12.376550343650142949059045349713
10.768426516793091707313578808680	9.285752391518947490567370550707
11.861131669908246522027184255421	12.481016103453855592420040920842
12.752188862396447888158945715986	8.549453199927713242800564330537
1.288614535298437058230547336279	11.987093509529076484909637656529
13.851218961912659111135326384101	11.118399041700097740204000729136
13.441322434535717178505365154706	12.686776866794851059694337891415
15.101074731543429052749161201064	14.639971328994302979253916419111
12.821582088868170856699180149008	8.831769799377001461948566429783
10.509477632216098541562132595573	6.494706008432491017856591497548
5.980885441070510566419216047507	6.653999199045592227719225775218
16.720242106139298954303740174510	12.919979932553930623839733016212
3.101555329406544103676424128935	0.593488188834098817636686362675
12.815177503759306532060691097286	15.193625891245378767280271858908
18.808156248954411182694457238540	11.685677698488909470597718609497
16.568214519873059487053978955373	10.205104966855541803738560702186
3.067751078074778536830535813351	16.751167229873594521905033616349
14.569464587623713214270537719131	13.190974526383250520211731782183
9.584615229869189789724259753712	3.209205120665408195179679751163
1.359907344300007814297259756131	16.671425121008066838612649007700
3.845592810278324336081823275890	16.884643793379076726068888092414
18.243465657633237242407631129026	14.682009734934140965378901455551
6.492045079561661324873966805171	13.762192561687511371815162419807
17.852938700538523164595972048119	2.046611850216154326886908165761
8.156638673829059271724872814957	19.044550171595531651291821617633
9.279364725224132470771110092755	13.026835886126995944778172997758
12.164638284604286866397160338238	17.540220459825569321310467785224
6.767120171245424309347527014324	7.911676352559688929488856956596
7.655720789986714791552913084161	12.803440870768319825856451643631
19.446073679922903920669341459870	15.709372679986618237535367370583
13.896752265433740092248626751825	8.598039238395523753410998324398
16.502353224071978132769800140522	6.753232548294498371888039400801
5.994377910128669384448585333303	10.734530200906696961737907258794
3.473904661212979583240212377859	6.162541863385722962220825138502
5.367993484557014305380562291248	11.308649749612831314493632817175
7.145168492374643243181253637886	15.603327222140487506862882582936
8.647308278892126054415712133050	8.322907820605930595547761186026
10.786866383932423474334427737631	18.736929262266173168427485506982
12.019426259148575653057378076483	1.227299956803653113723839851446
1.916128831042426483577401086222	17.708841224315435169955890160054
2.552437589548973040365353881498	12.377365520719484592859771510120
13.817120323039301155176872271113	6.647693590308680455791545682587
7.584676638047905150585847877664	12.575403472189414344484248431399
7.975186460293905987839480076218	14.918133741220676924399413110223
12.035969506424155639479067758657	12.981534750213029383303364738822
4.869297989709686191872606286779	7.265575460173300470501089876052
6.344101151546700734229489171412	11.437270702712933001521378173493
10.941702723514229234069716767408	0.912689356193911116577055508969
1.807739241138592856117384144454	17.080026139525415374009753577411
1.007740395540870803614552642102	6.395457838526369620524292258779
8.172516684497356465044504147954	9.063575087232210947263411071617
8.466531980466632134607607440557	11.205237334754979627859938773327
6.063029851229914335419834969798	5.168395954976466200037066300865
6.538481576540512207884603412822	4.876820637258739488117953442270
7.824930975843376934619755047606	12.021574860955240637849783524871
8.599776568979640600787206494715	15.895587904909566745459414960351
1.135896712081545523176373535534	10.324146991854000532384816324338
15.461499172988810713036400557030	8.562879905250692758045261143707
5.492784635403269000164527824381	1.331081140966406728409765491961
11.197095809276030209389318770263	10.294564427741065060217806603760
12.379027151966075948053003230598	3.672085092761972813235615831218
9.007220049649983906192574067973	12.038800406135308662669558543712
14.167016244693510174101902521215	7.947736006926640506264902796829
1.392967838765102772669024489005	17.684027172340218925228327861987
9.103743221912973027087900845800	8.302543390576605730757364653982
10.763731411626567435746437695343	12.492659047386393211809263448231
4.117377828156378427593153901398	12.920068719113979582857609784696
16.156966576580998662393540143967	7.124873288251344582988622278208
13.002215778491585496112747932784	8.250265750691855970444521517493
2.302122159170193249622116127284	7.978178692714522846074487461010
4.973168027491155385177989955992	13.868161952569337813656602520496
8.678150465355388476496045768727	9.837694462456958888196822954342
5.662454906482262906308733363403	7.001754633281208839434839319438
9.577458293716931692074467719067	4.814112640798603237612951488700
10.086305483035568286709349195007	11.726096650738169202554672665428
15.077107780832522010427965142298	9.270252038036058905845493427478
16.562181639323817705644614761695	9.418083709844562889657026971690
5.600164030485507815626533556497	3.867323689733536795642976358067
3.720010212953100747768075962085	13.581463896522397050148356356658
8.292439425510410799802230030764	15.201415893359056852318644814659
7.901158533260487892846413160441	12.538438893302286558650848746765
0.966899204908323817164728097850	15.865282699984939895898605755065
12.367826527350668897042851313017	3.854532575377080494405390709289
15.263093739817753302645542134997	14.558254759877607753537631651852
8.271069003346831038925301982090	6.776337708530386194638595043216
11.264191239715568571000403608195	12.820179607904460539202773361467
2.722264823157362734207254106877	10.505303099153275425692299904767
9.955362767485253172594639181625	8.702809531742357052053193910979
6.833653381289602535275662376080	12.970759060104517956801828404423
7.900063114655353935233961237827	18.484098560542648215232475195080
9.303864011348141005441902962048	4.443392423903771870641321584117
12.265735144590717453638717415743	16.357404704887635205068363575265
12.180134429852609301292432064656	8.939757108736751334276959823910
11.488922819335675384877504257020	12.687534782540627276148370583542
9.093694188580192516724309825804	13.209526363806542548218203592114
6.013748518507759044382510182913	16.131377622871546861915703630075
13.431304337586539077165070921183	4.153068571519310303585825749906
11.760899467679633900729641027283	8.952959376042532113615379785188
9.213511902506247963628993602470	6.837292945198401916684360912768
1.327942710287389971313132264186	1.584123018701714347145070860279
16.705229215368781581219081999734	11.459448035260958675962683628313
9.514576214657166630672691098880	7.874150316755712530891742062522
10.402520117564710844249020738062	5.338948970403299298936872219201
7.882199150345621241342541907215	5.971342222964357127068524278002
7.852900414018219699130440858426	3.332662052977259481423288889346
10.125987802624994316147422068752	1.839534556969732559394969939603
18.296065872258811424444502335973	3.838739040240139122062146270764
8.153220149515931325368001125753	4.779284337591199971484456909820
11.581071099954584724400774575770	2.908807573816944547218099614838
11.338910159468849059294370817952	8.534752371084618260965726221912
5.373677428052542559555604384514	4.464921735622096043982764967950
9.551377969440475013129798753653	11.354534681684192776174313621596
6.639822360931212585910543566570	10.326292587116961740889564680401
12.637103647593391997361322864890	14.165410239243977130740859138314
11.534069541847138395951333222911	17.523018229270526546770270215347
14.371924905774815073300487711094	12.986863296177057591762604715768
4.068593997810964424388657789677	8.087021418599201538768284081016
5.946138157102854648883294430561	7.449701910226221635014098865213
15.997456026452866240106231998652	7.931162253763412550711109361146
16.322894034867619694750828784890	11.750290054496430158792463771533
8.152077039083581055933791503776	11.017945286545925753785013512243
8.257987781003970795268287474755	3.992103918969684972495315378183
11.016973151998794122619074187241	14.433508362074197961533172929194
9.226863191756445203850489633624	14.694963181640659399818105157465
15.407947791704172502136316325050	13.702288117798227418120404763613
6.650981767318047133130676229484	12.230440576163617905081082426477
1.824308683572580136456053878646	4.155639905406221856765114353038
15.329909541441194775757139723282	16.070249758651033999967694398947
9.545411021159562636739792651497	14.495916502995047636659364798106
1.826335944293628443801935645752	14.826701325682206444867006212007
0.134284509238783655860061116982	10.498547027397483688559987058397
7.040914924148557574312690121587	0.302060810708155269566077549825
0.714787643533141725527002563467	15.389239439143359788886300520971
12.711914343810924776789761381224	9.014279935655810760408712667413
10.828137517044961413148485007696	10.219331355795016946785835898481
10.202084407987079828217247268185	4.197889548689354377586369082564
6.432989330363635183118731220020	6.191751042790903269974478462245
10.693947663426291327937178721186	9.503184285769235017937717202585
9.526017827505684820721398864407	13.952988621710151306842817575671
13.503373370947878484571447188500	15.164486579498342777583275164943
4.646481525945213242323461599881	14.489764798141623103333586186636
11.965299848844164642969190026633	13.805285216687211757857767224777
8.378505064431690740889280277770	3.889991078211063157965554637485
3.744816578683813901307075866498	7.855469858468553390196120744804
18.276656804418237811660219449550	1.623873873327470462868404865731
0.799648429149335537857723466004	2.204217097675306824555718776537
15.275776694570593505773103970569	16.798959639285719447343581123278
2.103318882563061542612103949068	8.295042143174757853785195038654
18.756904082516534515434614149854	4.813105451960230318775302293943
6.484698291467130282228481519269	12.779111359373594325461453991011
11.889331897108826652242896670941	17.657083679772242135186388622969
9.696886361638208384761128399987	6.204596759436252995101312990300
4.310106346100774032947811065242	8.303127698604395590109561453573
14.117735471976986971753831312526	15.408014492852226240415802749339
3.925926232140154237271190140746	17.411536974751292916607781080529
15.333480461836909825024122255854	6.201856320143985357162819127552
6.739417951422452368603899230948	9.218291233258973704778327373788
10.917744695360980244913662318140	3.548563115045289872995226687635
4.935127704096111678211400430882	12.412805557955605806341736752074
6.894217890907342827233605930815	8.327080181040338757725294271950
8.826219597749663137165043735877	11.569079325927498658188596891705
4.539496623290736110334364639129	7.843109171408986668438956257887
4.379580890016085525928701827070	1.636774841867236762738002653350
0.573096423554946277079125138698	2.634776261081840598166081690579
14.896429829210996231836361403111	14.385745698438181960909787449054
3.668399833700962009430668331333	2.921512504419562006319210922811
11.743573050968663551429926883429	4.547573307688575816598586243344
4.120966817791208214316611702088	5.161309836326345212853539123898
10.558190771896722282008340698667	7.106881318735795538543698057765
11.418489902645209355114275240339	2.799269075837294451503112213686
4.646990397839300790394645446213	12.868717783296238721391091530677
15.880478619359220004980670637451	18.317533396486467722752422560006
10.960225451471101720812839630526	5.517650534385256655411922110943
2.096977511700487184498342685401	2.389728398522010799354120536009
9.523972028029902503476478159428	15.017441808309129669396497774869
6.604855772524074630780432926258	18.541304678010718021141656208783
12.150981281474797057740033778828	9.120196117815467573564092162997
10.171076105771726716398006828967	12.585345237505819682155561167747
13.876537357420048124367895070463	19.365946298244178791492231539451
