75
6.537537583087225989686430693837	4.947049380221391956524712441023
6.739121181225177004137094627367	13.861340752472287363161740358919
8.649880975641506708484484988730	18.327012164291609508381952764466
10.864430602330685360357165336609	5.171736067211457843484367913334
7.767744934223780539639392372919	3.695999473535027224357918385067
10.190500962256820116635935846716	13.863452302269969607095845276490
7.078181314682593594511672563385	2.212627123207071111465893409331
15.106641434201456775099359219894	15.776149531848913554199498321395
11.261854100418519308846043713856	16.171886425187405933456830098294
5.467240821684049123518889246043	9.565396961962708388682585791685
9.524801592927108373487499193288	13.756509179254106101097931968980
14.414160466782206526659138035029	2.864794865271294010966585119604
5.932135577084778788048424758017	17.082735224107530314086034195498
14.062727395866790658374156919308	9.464037006595777512529821251519
8.868291587017600008380213694181	19.141971274539365310829452937469
16.224216893354469704036091570742	16.740444271546593313360062893480
11.788309377367790276025516504887	3.115331385324028090622050513048
9.419825647521465228351189580280	4.242311629503043413080831669504
7.543081829683565331379213603213	12.306312002216884593508439138532
6.849473444127447407936415402219	12.968898851629404589402838610113
3.515704994702165464559584506787	0.792039060549723616944106652227
18.941743586178379388229586766101	9.759914187298939225456706481054
15.794227749522173454010953719262	5.715868982049734370320948073640
19.300271185563090625691984314471	9.435208142369008399441554502118
13.979881579653605783164493914228	6.778451590657055270128239499172
10.645125420962031626004318241030	10.485017802328664870969987532590
4.286038253098886308123383059865	8.287818701113279118430909875315
18.154448152113250358752338797785	1.950140907513845611731539975153
16.205100169738912541106401477009	8.219865442398198496221084496938
6.369255734508325161868924624287	1.393801423304172892869701172458
16.442108109518400738124910276383	2.925895119087537743496341136051
4.690908440639740994981821131660	12.266907477257374736723249952774
8.056930110405332357004226651043	11.813876112935641771173322922550
1.001663857123031187157380372810	8.508915645222002055447774182539
9.564701308800591661452017433476	5.082143584020981208482226065826
7.372757312414900177088838972850	12.849685387468563035895385837648
1.912708318776036531261297568562	9.339857055647129868702904786915
12.478736075954751427730116120074	9.446788021303712312715106236283
12.319399479399887553654480143450	12.053573589688314271484159689862
10.598094102708124353284802054986	9.010270681806835213478734658565
9.862284689793284542247420176864	15.296098275998401661013303964864
17.611162018023314601578022120520	1.856609649458484723183460118889
8.912359154014099615892519068439	13.220505328811915646269881108310
4.000049591402803805806343007134	12.979936628061000902789601241238
8.480395413734584053599974140525	8.620439239346451287815398245584
8.369098408092234819832810899243	10.676021943261247315604123286903
18.004725562561461060795409139246	6.590492599674833584799671371002
8.227248868199714237903208413627	2.987067714027777931562468438642
8.601885821425568678932904731482	16.351647543355376512863585958257
12.630020496904478477517841383815	5.047066216131918636733644234482
10.767683696543727478456276003271	11.132535574001487077566707739606
16.189283921376542707548651378602	16.996069808713677673495112685487
5.591851510142974213124489324400	2.359807617562241333075689908583
6.609643061818704090626397373853	9.429320468866976057142892386764
6.634446495795863540934078628197	7.435602516391462302181025734171
16.902909005345819082322122994810	16.199021221549593008148804074153
5.306227874151050016848785162438	14.398503051762697069193563947920
15.033804860860273677758414123673	11.116991977175510797337665280793
8.388720208129818445286218775436	5.827354625016489819699927465990
2.120914465629484269015847530682	10.707075171115908673868943878915
1.228907388756019569697741644632	11.436531236437826208884871448390
10.168760781098086454221629537642	2.606396383417145301564232795499
10.676489792252615629308820643928	13.257433460961806304112542420626
9.453444962711806454080942785367	7.471270185484758741267796722241
8.451764141574779287680030392949	10.154066575433271069073271064553
5.222789608403187067153794487240	10.940111986453150194620320689864
6.847492111401879633092448784737	16.911277173819467378734771045856
0.480544335685987311634903562663	11.086425701561442025422365986742
5.643047142075470645750101539306	17.209766641741847337243598303758
0.210753315224736059718679825892	15.383875512718088174324293504469
12.482467675444471666423851274885	9.546931657483032296340752509423
13.436130557126087836650185636245	8.784398610166780585473134124186
1.023898202185766548311107726477	5.326002010601092351294028048869
4.159771494599763030919348238967	8.195385573796453826389551977627
8.198745940567489398631551011931	8.224582841531196564233141543809
