75
14.942488119052434569766774075106	17.349884831346866320700428332202
8.764589932618205736503114167135	4.957050671853129308885854698019
7.521356121881235701209789112909	5.314569384452959788234238658333
6.748939004308178724045319540892	15.464753826685992521561274770647
11.155020148920051781260553980246	5.011662089258626551213637867477
7.761467286746566607291697437176	8.721144058735889714739641931374
6.705591337744031932288635289297	15.947970498341293321686862327624
4.807837097069612042332664714195	5.232284230016948534114362701075
2.592771076262490037578345436486	16.056410128091403777261803043075
4.710261258087278690709354123101	16.201197002720110873497105785646
12.250685769299426652878537424840	2.891203614202409788447312166682
4.242957486279446577270846319152	11.785338802587441264790868444834
7.931700756781749461765684827697	13.981838807300144722489676496480
14.244314991117638768969300144818	16.683579098335179935475025558844
16.371935486858266273202389129438	18.150819692043160813454960589297
9.178018864354326566967756662052	6.934195945238139202615457179490
6.517021494440558448957290238468	5.151611952015789697156833426561
17.308345682936060683232426526956	6.884173955762831198512685659807
5.843766001779519214665015169885	18.907083663525575900621333857998
17.683840784035908200166886672378	4.263084253851658012024472554913
11.153730886423982582300595822744	8.960779609716313487410843663383
11.204921220233394762999523663893	12.739015112990871969600448210258
5.490983312980567632166639668867	18.237534484947584445535539998673
17.725293091911293430484874988906	13.778901552076279202196928963531
10.124124406293610434204310877249	13.414992125321735016996171907522
2.987918210138999164371398364892	18.362059919753782821771892486140
7.409456603985461242700694128871	1.272739643138862675186828710139
15.992112118724522318302661005873	0.990172086225649783486346677819
18.543888446027160910034581320360	9.821000767362525252224259020295
9.582500821814921465602310490794	1.017436322148786764785199920880
17.607237850657508460017197648995	17.830963614876434775169400381856
18.299687191281975628953659906983	17.276225106885185311966779408976
12.398179743826805321305073448457	15.224568395570830858787303441204
11.496672305125281710047602246050	4.055304582971976934402391634649
9.954960555575773639702674699947	19.191310972449166172282275510952
18.301771106464176597228288301267	1.889243202803008170320708813961
12.325974615983628979165587224998	10.010214353552651544987384113483
5.709269766932997924868686823174	2.387338557257779214637594122905
9.190477355835600548061847803183	16.556206082828097692072333302349
3.511672028859024408120603766292	0.553918680361103143994228048541
6.020143291166067278652462846367	6.182858227288556385303763818229
1.004318819203794621586212088005	8.216012800709085794892416743096
3.715844719929160877569529475295	7.882955996710891533041376533220
14.819483694267653106635407311842	11.785291962264466292253928259015
4.578530992500526863864251936320	12.151539839662357067595621629152
15.786458437521570630224232445471	14.433456829136591892392971203662
12.707007861192300524066922662314	15.791713006359895388186487252824
10.596576642034339243991780676879	0.124008652894577409142584656365
14.688130123431061946348563651554	5.149580904010291781958130741259
9.383474450035302893979860527907	11.858102831954472122788502019830
4.365432398621600817989474307979	6.720937054152742007318011019379
12.852642939840015046115695440676	5.336994337113274866624124115333
12.103154977997617081086900725495	2.101851590786153245460354810348
15.278857383588382745642775262240	16.973011820926988235669341520406
9.144024563963514040665359061677	8.488717084458583528316921729129
15.893789026861519175781722879037	18.333107837531631645333618507721
14.948433724143468381839738867711	11.094951055581207199907112226356
11.302743284433567794167174724862	3.085795402555522315424241241999
10.221515613680979939204007678200	11.060017931118974132687071687542
14.340250179594072221789247123525	4.411029284981018427913568302756
16.444302196003761196152481716126	18.629634933593987256017499021254
8.765013210494636552994052181020	11.862572933379968986855601542629
7.556603701966668751310862717219	16.987482498057651980616356013343
16.345413515046740116076762205921	3.571958186948304359020767151378
4.482720127399488774244673550129	6.223074283546098151020942168543
9.035507188197616557090441347100	8.912180049966949013651174027473
10.726309234466922859496662567835	5.675879363360497364965340238996
10.918402249301026429861849464942	14.397828089047854049908892193343
14.747191257458483804043680720497	17.645174324854096425951865967363
12.193619154710413354791853635106	8.875070027091281232856090355199
16.969667429632469435318853356875	10.764156935136085735393862705678
6.722930691176969730804557912052	7.803338261081928628470905096037
5.852309788664699752303022250999	19.450638457286196114637277787551
9.789573104381590340494767588098	12.052910612931830414140677021351
3.856711210874571360562867994304	10.223272299530307805071061011404
11.508362087348260160979407373816	5.110732173207849449170225852868
6.479313218524341166926205914933	13.069367762799476651025543105789
1.008345300879246231318120408105	12.135265099148776712922881415579
4.389313358755634553176605550107	10.329850352707723004641593433917
0.210438188483344612578207488696	8.912038614373528844225802458823
13.041267818950313284176445449702	11.001013499382416682692564791068
16.540866486150910930064128478989	19.731806099707480228744316264056
14.922143108267373889930240693502	0.916018896922593972576009946351
14.725976749941816379418924043421	3.452872397953031136097479247837
10.807209157912538444179517682642	2.380777008173275532953994115815
18.460581753861752929424255853519	9.937713131454644965856459748466
14.586956201831855040040863968898	18.532338655008455674533252022229
5.136284466256329395150714844931	13.872109623853033255613809160423
1.042928396914651001381457717798	0.249119984667581562121085880790
9.626813794977639560102034010924	19.586393086753485448525680112652
7.971966062802694708011586044449	16.193478275419213474606294767000
12.467529024767397771711330278777	14.415372275598219431458346662112
6.730295160680150878818039927864	10.573161034841888294977252371609
18.251561292640566591671813512221	16.977713944631521059136503026821
16.018128162258420843500061891973	1.827453522240882088922830916999
13.231409702629388647210362250917	3.139554120096422096253263589460
7.323016562822211028560559498146	19.142535406611745685268033412285
10.698795612671768040513597952668	16.517662852824297914366979966871
14.286462588857592237445714999922	16.078426890511721580878656823188
1.661902246842450914243727311259	12.764056335560280075469563598745
7.877526867591861048367718467489	6.182320194108243960329218680272
7.405092061609398257360226125456	12.194704099886147119491397461388
11.821897985690002386149899393786	19.273658064439327830541515140794
19.298852607295494010486436309293	9.600195341024500450544110208284
15.305402818242409779259105562232	9.181096666751329848921159282327
16.593073078542236231669448898174	7.276007865704667842976505198749
4.833457087893238579567878332455	15.767835065652512582801136886701
1.846381289477841747270758787636	18.186779344822344484100540284999
6.080285637501097184554055274930	14.267079289970748590121729648672
9.651403836104183397992528625764	16.641473749407730053917475743219
5.778657335613956114173106470844	12.813264243917299012309740646742
0.525679141339331579274585237727	7.898789899387560708987621183041
11.234660481377373386635554197710	7.896522997864430237768829101697
15.050941023773079407988007005770	3.708754062631969716790081292856
7.556853977128699995091665186919	13.996873481870984790020884247497
9.336086400493178061310572957154	5.621195851714890778794142534025
9.091614576740246533859135524835	8.981330566197378573178866645321
17.488744126145842727737544919364	10.484995194396793394275846367236
15.202488622014314501029730308801	6.827207144770872204730949306395
14.077848826897676914882140408736	6.600566126202418892887635593070
15.507020001799569186573535262141	10.876091212887061487890605349094
10.923664359493246323040693823714	9.974723178039525350868643727154
8.518095566207538382741404348053	9.907410749308244390931577072479
18.095515502784092376487024012022	10.322476576585804863839257450309
4.773956273177002884722242015414	13.158879604280640407409919134807
4.195844302404482029089649586240	11.121539478245130894151770917233
16.194677793165730861346673918888	18.194583867260039511393188149668
19.910540643282303108207997865975	2.536624759137200868508443818428
12.089172189219048902941722190008	9.593040975015684423965467431117
18.324264791701505572518726694398	5.369350470838275768414860067423
14.741766280943235045697292662226	17.898823839089299525539900059812
4.467649908213374487786495592445	3.511802802108825449778350957786
4.466281794169302266084287111880	0.374971925097463465448299757554
12.895091844315002660437130543869	17.973945498467692516442184569314
18.073042264874075613079185131937	11.180791983327495131561590824276
16.747971100370182995220602606423	17.906796750934908857288974104449
6.264237171786805724593705235748	8.316655955592578308710471901577
12.320751543359058644000469939783	1.322072740377884247919837434893
12.837458102666362336208294436801	11.795565067584719898263756476808
8.842865321360065422595653217286	6.570547552220354248220246518031
8.522264642834214143363169569056	7.436958295585581524278495635372
0.117557960700910735241109250637	10.574848310117388905382540542632
15.460782816826585062131016456988	5.239440768017255223298889177386
9.187009783624530356860304891597	16.078498514939301600179533124901
8.208085772970401094994485902134	12.369371862376729254151541681495
5.403463206154802911385104380315	17.307466226488259053439833223820
6.774875259883051725751101912465	0.131735354699842766024175944040
4.041645819980200116106061614119	10.730735442322675510240514995530
3.655139505285870615836074648541	14.634284167400123166657976980787
0.224867446590072406209515065711	0.234941412894958956414370732091
17.583722794746968531853781314567	5.198437815715140075667477503885
12.665001834056825558150194410700	18.764164608484552587697180570103
7.312199508172152917495623114519	18.609506034618746639353048522025
5.977749477208906370151453302242	3.990636749984766140642022946849
8.705029438954253961924223403912	13.656022505815018419639272906352
8.417691792381665649713795573916	9.258500515440401201772147032898
14.154873390929001431004508049227	7.741797015904461787272339279298
3.933356117508420179973427366349	10.297150482445495356387255014852
6.892357014248727153926665778272	4.062488973176161088929347897647
14.927845949043851092596923990641	15.060148373652376463383006921504
5.814112917616264475384468823904	14.754801842277403878256336611230
5.606702194484068257906983490102	3.198504832095464323060696187895
6.308506551937321127354607597226	0.500710043722727871084998696460
18.515522949866369373239649576135	18.502585565097280806412527454086
6.751181532159764131506562989671	10.526128673338369878820230951533
11.854971675672057784822754911147	8.918985048615803989946471119765
11.661959528750742265401640906930	18.965824477331722164308303035796
15.708571543683072846420145651791	8.247412521881377855947903299239
6.949378367483737051202297152486	12.685955197647134085059406061191
6.480164819006034804260707460344	2.582738037150540399977671768283
15.829529240935981349025496456306	18.713693843121287585518075502478
10.275686470235749325752294680569	5.675813693060897335840309096966
19.189388930779728070774581283331	8.475876212074009430352816707455
6.666631086338835388005463755690	7.384640527275463384171416691970
18.496648922701705686222339863889	5.376385102646942470983049133793
14.301240460562636869212838064414	9.092795985263494529249328479636
17.715164358842137914962222566828	8.707429578480354592784351552837
15.659577934424852685424411902204	0.931758762810263929665666182700
5.201503463191385456809712195536	14.335942144224338434810306353029
9.043262836999879539234825642779	18.830576672441136309998910292052
16.952405359297078035751837887801	18.010361853446649860188699676655
4.658887580155429475325945531949	13.696038493728227791734752827324
2.580903887181409839257639760035	9.325443245467610609011899214238
8.424625262774165790347069560084	14.898535873769525039733707671985
15.957997287315855317046953132376	0.125104878103345029671800148208
5.123769769524251671555248321965	5.844322354900886473672017018544
13.474519368069039160218380857259	12.969328794138320404272235464305
3.697904104399677649439581728075	12.796733915105578560655885667074
8.089521644231174590800037549343	12.825673491467878051253137527965
10.424288054480223664199911581818	13.273884889317898228000558447093
7.323998170801862883649846480694	12.465489317467959295981927425601
13.574584595727758440375509962905	9.422199211382874750597693491727
9.418920278069286666777770733461	11.578997770327157823544439452235
3.838978434397011252343645537621	14.537085233240150117239863902796
10.625475469629089175782610254828	6.615099369861631828371173469350
3.725991705728616043558076853515	15.739646708305349065426526067313
2.187758064723047013444556796458	4.012570342945434020975881139748
8.926986648372178478894056752324	5.485544903415854989248146011960
18.670239505051050343809038167819	19.769813643379531953314653947018
0.990905321778248415753864719591	10.187329928441844373310232185759
16.495122435586889508840613416396	2.999332420101970431147719864384
5.970054530664373970694214222021	15.603140159056199109954832238145
18.788564321533158363308757543564	12.539388942787370595510765269864
11.472042811182566524053072498646	6.149940228542945419576426502317
15.696696900051689382848962850403	5.996487959842613513217202125816
3.311702755013801624528468892095	19.015190200658587116322451038286
18.327578169699481946963715017773	9.533158139345852433166328410152
9.603204965678363791425908857491	15.863243974461793683872201654594
4.334724723065757956419474794529	6.159665339232901715149637311697
0.888025536942522286665280262241	10.095620566097712966779909038451
8.560466433457195378764481574763	6.614445272304831036080940975808
3.814103917479515271082846084028	16.115385065818415455396461766213
13.656762975535759352396780741401	11.213444329101198704279340745416
9.745585676945616171451547415927	8.080662207133626040445051330607
8.464413822943706477985870151315	14.472686589945565671655458572786
1.802607444589507945664763610694	15.676424018316932773586813709699
10.976480471311706565984422923066	13.669694089052052632382583396975
4.423729344804736562934976973338	7.795493920339165327959563001059
6.862274065440718828767785453238	7.432846792720345874272425135132
3.287378073844358983279789754306	15.160228929381661444608653255273
9.483686150829168326481521944515	5.339236213641625816705982288113
18.652192262669803568542192806490	9.214763534256785959541957709007
3.256926549087705513585433436674	15.710857444345567301979826879688
15.713073350871608724332872952800	7.281291908388512368333067570347
5.645247721174269095456565992208	18.431958883577330254865955794230
12.377777658241951641571176878642	6.154947539988045335235256061424
6.722517419568637464521998481359	19.034082491522148927742819068953
16.511898699462307149588013999164	4.734939813539755348870130546857
7.789437367926741906387633207487	10.108134268528683463728157221340
17.785359095536421136785065755248	13.895042118124894869879426551051
13.155772634509830254501139279455	15.440864341267685588832137000281
13.479359184280077954554144525900	9.673679327836049779421045968775
18.282234906322020862035060417838	7.458373376020053235890827636467
10.641254269361093420798169972841	12.966885961222015311022914829664
5.363444399670357576326296111802	18.374027024847496392112589091994
5.242468824841409968939842656255	2.425323937577077426652749636560
13.846487032609159584239932883065	1.731648161860268597678214064217
10.966157863008497486134729115292	6.512609168728984876395315950504
18.289344128327620353502425132319	7.220355258269681719696109212236
7.119885836222100472525653458433	17.686420298317443666746839880943
4.274609919174928940321933623636	7.591461443301384726112246426055
5.335694707296932293161262350623	6.466413080069965957363820052706
3.206241909665843436982868297491	13.252528846825889274896326242015
16.563266343841544170345514430664	5.493419623073610758012819133000
1.531787826028824461843669269001	8.969784124806949421326862648129
0.933543148554881074829836506979	11.541900517786100266448556794785
10.793902396321144010471471119672	14.190150233451429784281572210602
15.328948540377346887453313684091	14.535995222233012214019254315645
8.017288960872210878960686386563	4.550052773247663218114666960901
12.799592374785778048362772096880	18.152536288967194622046008589678
12.996296465732156022454546473455	2.156616800500301245335776911816
16.774268180100857961178917321377	2.516218544995137307296317885630
7.616447817697431510453043301823	16.665483432832445487292716279626
12.890993425591750209946440008935	9.238009441878119787361356429756
2.488877108288899187016340874834	10.718542902557919305195355264004
18.603639166961251305565383518115	18.126624093239247059727858868428
14.139783503124109032000887964386	15.489726276510742408731857722159
19.070774188305502860885098925792	2.420002701043997728191925489227
12.450157831218151116559056390543	10.897139611520287871826440095901
17.290037066421724887277378002182	3.772966774830485370273436274147
3.017712086365590185010887580574	13.203878688387124640257752616890
0.462961758305086457099264407589	5.849468149249801740552356932312
7.829744614666964253046899102628	15.689253043901246087443723808974
5.724991741462498673342906840844	5.333113493716870934235885215458
17.609329279220698794006239040755	10.337965766379850762746173131745
6.037733263207924139237547933590	8.017706839145933628287821193226
11.763929106700464544132955779787	16.387493850193230571221647551283
5.966159220758470382861560210586	13.918383773772047717898203700315
9.181853952451193734418666281272	4.408265572715833968686638399959
17.415162937673951404349281801842	10.894140126350674080413227784447
8.148529271764802572874941688497	17.371674485634073903383978176862
5.317883917855325215384709736099	10.206009922275836032667939434759
1.541286231198050415969191817567	19.360257763694505683815805241466
12.117320181435779602452385006472	17.395411330994974719033052679151
4.393614723537972110989358043298	12.193227249637105913393497758079
