75
12.201779670874417504933262534905	4.834679893464151057003164169146
13.703493670996468978273696848191	8.946463976427098785393354773987
9.424204920665767204468465934042	7.570483727284707420324139093282
7.708254061203184903661167481914	3.790207310334454682276827952592
3.064406451683482579539941070834	6.508417799026648964400010299869
18.165390919544179837430419865996	6.643936564467943561851370759541
10.891990193726536872986798698548	2.167599883147873107702707784483
15.445078690136487153949929052033	8.617263216743221931892549037002
15.229349055952217995013597828802	3.839352875479468352182266244199
11.441688370752432390986541577149	1.516263726012039736446013193927
11.187012735562772647313067864161	5.020868714042657110496747918660
11.963500945657207452654802182224	14.181045758595546502078832418192
12.829845671101544724024279275909	0.321396359339793491471937159076
2.717927407674237461066013565869	1.077220498059674902435745025286
6.165973873511382485901322070276	15.844112998591063146136548311915
9.422453802485089013885044550989	5.917746680645453061231364699779
10.056672295970022545930078194942	9.921376343194577174244841444306
6.757450343629205491424727370031	1.311802748046901445633238836308
4.982565905369639835953421425074	8.054187019639119426983597804792
18.397622151954330149692395934835	1.030349513674187367229251321987
10.537659459062686195807145850267	10.395767920090573710467651835643
10.409657306676116661492415005341	10.077757404771100269158523587976
17.109716629475787641467832145281	18.562302056245464143557910574600
14.559853398000191404548786522355	3.604944662104001107394424252561
17.005557282006435571020119823515	16.402877623975250287458038656041
12.874366274454462910625807126053	7.744546670107613550726455287077
9.610683135831143530936060415115	17.018385538522235123082282370888
14.749251818580590978058353357483	5.509238005408511718030695192283
8.263385786197170901345998572651	3.369507696297246113203982531559
16.455101321046466722464174381457	14.190377965080037014899971836712
16.546832385964158618207875406370	7.742577969413335203796577843605
5.669486165850074144145764876157	11.730425740103740395170461852103
11.322135876605770476999168749899	7.404629412708057856207233271562
6.269867662493147086877343099331	15.365917646212960079310505534522
2.054488574415429091857276944211	1.574580792562544795387680096610
17.311473914975408661121036857367	4.517982406303903353261830488918
7.665759842544036750666691659717	4.803655275806070434896355436649
17.745392161793741792052969685756	10.759731676348582851687751826830
10.243239152137968872580131574068	10.642786865696360010247190075461
10.846376922234597373062570113689	7.310904249787576247854303801432
14.195743965200483316380086762365	15.284257170333427566788486728910
14.223813236123463710214309685398	19.779144976586895410264332895167
14.465111444580429633788298815489	7.295736351040702949433125468204
11.971027036360011308602224744391	9.493822436283446464244661910925
19.309404681384524593568130512722	19.905286035672215660952133475803
14.201921529344192052235484879930	0.200616474450088899672550724063
16.275710130703089362214086577296	12.170505563094295098380825947970
15.263373945941843601303844479844	16.307984233460107503788094618358
5.329569151131140714028333604801	15.414770608813540775372530333698
5.013175932358799435917262599105	5.904521581694798904038634645985
7.868423068129110298229988984531	12.392250984129047353121677588206
11.843769711193621319011981540825	8.584791895519446214279923879076
7.182554985576185657691894448362	15.594722654746068002395986695774
11.156345505659755801275423436891	9.196265451353125897071549843531
5.178657312610790874884969525738	19.106280532096523216978312120773
11.914092671258783795451563491952	12.002636639739156620976245903876
9.480361437944248237386091204826	12.018143006686180740416602930054
8.463590774852040254927487694658	2.487944656236293017315119868726
5.270130402091303345457617979264	15.946397415482532977648588712327
9.909114265070963156745165179018	13.199703396289786283546163758729
11.993697005991011295122916635592	2.070715488619592647978606692050
6.352871592046492210670294298325	8.158951774976440418640777352266
19.405745355654499206821128609590	14.103434182501548121990708750673
12.088255556249396960311059956439	10.765233563553046280958369607106
5.282633860759595734180038562045	3.624504922589293798296239401679
7.233638867094302149496343190549	8.656328956376647454362682765350
7.394993799589433258745430066483	16.318696652026265070389854372479
8.209651051143893596417910885066	15.785125710085694095141661819071
10.859248534908347849636811588425	0.969800993209820383356145612197
19.583137093038260445609921589494	11.009171199315384015449126309250
2.604978110080143238747041323222	6.822728037245266996535519865574
10.387654751405085207238698785659	17.503351841481173067904819617979
9.779205767871498977683586417697	7.359226709707438196517159667565
1.409639360249782980005761601205	11.597325728284221924013763782568
19.944172071604302942660069675185	10.357272913021134286282176617533
9.566223792425404326422722078860	15.244389816181950436657643876970
5.782031020220385286734199326020	16.852478062704076222644289373420
6.781296438732374198821162281092	17.062928242838189873964438447729
9.893770900821252212153922300786	8.451877952296237950235990865622
9.859803604062937765206697804388	8.458667061160152655929778120480
10.341246629256158229281936655752	10.298817079823308517916302662343
8.340644344944246668660525756422	19.543206489010472637346538249403
2.736201508209681332317586566205	9.931955189306862052944779861718
15.452569394635265354054354247637	5.993234594057820885382170672528
0.804404937238217820905106236751	5.954185584483878912465115718078
1.985344884284291344656026012672	8.514655989942195191133578191511
3.263333383150735844679957153858	4.177362462384208718901845713845
7.565608147444119246927130006952	9.422083544700363688662037020549
16.503939580255199359726248076186	6.264015425509090739808470971184
2.809176128884042000777299108449	2.781847130474489393492376620998
5.147852704011284252771929459414	10.366964866705783876454916025978
6.523887018362001022353524604114	10.230899475386380004238162655383
18.878613892709228849753344547935	9.036715420024879819038687855937
10.882261114186915662571664142888	18.473987633343586622913790051825
14.440745629618326972831710008904	4.240910430284344556639553047717
10.666606811134347054803583887406	5.743680305317699463785174884833
17.468273240397444112659286474809	5.372421714243029278179619723232
10.645137068202240371306288579945	7.674432932724150724368428200250
8.208793577172325939272923278622	14.712461833858199611313466448337
9.303354826397669086190944653936	16.188188794921686053385201375932
11.170719622819893501741717045661	1.704489294551918110443011755706
13.264862523805943439469956501853	19.043412045352937411735183559358
12.683682018756888609800625999924	4.824434634336255633968448819360
14.686402769365523468536594009493	8.360557644639209584624950366560
2.998014245494212026699187845225	17.197012979651542963210886227898
15.598451038324730788531269354280	12.587105031409688393750911927782
14.574535360798504868284908297937	17.021871521086399781097497907467
5.981753606803954959048041928327	7.895248851019016633756564260693
11.342011904764710550352901918814	16.802769243082153138857393059880
9.618573794864078152500042051543	19.888679638021656614910170901567
8.293008820436378769613838812802	5.206987407871487505417462671176
1.224544494610392053601799489115	6.292153512403570125854912475916
12.963925435769928284912566596176	2.189696134367347113425239513163
4.702229343248481185923992597964	14.967594197217946927480625163298
12.361983968700791081118950387463	8.471549901388909731281273707282
6.459760320481690243354933045339	5.059965268210835809270520257996
4.098146206475831831994582898915	3.052515283519315225646550970851
16.005418833416218404863684554584	2.656518091478424103968336567050
17.551100269652678775855747517198	10.171787172676722832420637132600
15.799595001659207937905193830375	14.919878546795384721690425067209
13.281694223560085887925197312143	8.238214835771469068959049764089
19.962932618308975918353098677471	0.804682587736224697039233433316
17.255477706680412808282198966481	0.345713687130539071290513675194
6.640227544775884283012601372320	3.420513707084901877664151470526
16.206475735210087663062950014137	3.860191388993333028167853626655
15.236175334362021871470460609999	19.707035848850949832922196947038
10.434526099117130470972369948868	5.075732861077719704212540818844
0.802171323707200789598914525413	0.072507764408628938568313060387
8.715194790386492584843836084474	18.486429827168244344193226424977
12.315420902664877544907540141139	9.805991396650545866009451856371
11.898773097921235830654040910304	18.484429097967034039129430311732
11.353747261042329341762524563819	18.789251523524544751353460014798
1.657788127283442047854578049737	12.199477581658406677433958975598
0.187793172894897608671271882486	4.386661590037076230430557188811
16.153129216591082695231307297945	11.720697387223895091779013455380
5.787983218504835214446302416036	2.714870891467261238005903578596
10.664833873295203048314760962967	9.950988405626018717953229497653
7.755773711883350074458576273173	4.029800072208455929967385600321
1.107820229922314103632174919767	3.972592370570250608352580456994
8.663398257186354811665296438150	4.573818207577341254932434821967
8.016985340531723736035019101109	3.162973794788495940366601644200
7.975887158736769677602751471568	7.268765729261294161744899611222
6.593523869006026494332672882592	9.774870396354929269477906927932
2.981925259742017164654726002482	15.197507561062412406727162306197
12.814873367782983137885821633972	11.301954564970834837822621921077
3.613637835734133663123657242977	17.028727288492724767365871230140
19.472176381223530228226081817411	6.097518085371318896648062946042
12.480513424508014708180780871771	9.164849269433492651160122477449
16.425756941077267470063816290349	6.623549169510040357522484555375
1.824434702183139300757375167450	7.081477709888048366337898187339
12.039878088451105853096123610158	8.502995053013288284660120552871
4.055318936586330025306779134553	13.435294761935454133094935968984
2.801355902674815379072015275597	14.263430612602281399858838994987
14.474668411705847503867516934406	10.071479860517877469305858539883
4.865539962222541703340539243072	8.474604058649642723821671097539
3.573677777475365857640099420678	8.677521792985205095760647964198
14.508473957203360527046243078075	2.307789835504842734792418923462
5.164804181669364169238178874366	12.083241991322495323402108624578
10.387138121564415627062771818601	3.938462597318779678801092813956
4.954094835753458880844846135005	15.246259588628126024900666379835
14.723084714378593673700379440561	5.849150358176874675564249628223
9.156899111590256268300436204299	0.875130276025118059024521244282
5.896707524256299848275375552475	5.248193360255122286162077216431
1.469201210068512786222072463715	7.225109643375806633969204995083
2.179495248024052589386201361776	0.363683377757749504155526665272
3.116787225739155786641276790760	15.165641987743260443721737829037
10.049697472574207424145242839586	7.314889076983661198028130456805
7.478912677201119407754958956502	8.965642913320527540577131730970
11.842542810966390831595163035672	5.464362374999731208902176149422
2.444008135118497460069875160116	15.150953992419953664239073987119
3.183088966370543282380367600126	13.493397571612563368148585141171
9.352263464553500327269830449950	1.392521199887903460279403589084
18.147861671103747482902690535411	18.725332790571719954186846734956
9.859696775507851285169635957573	15.477033242501866183715719671454
12.107411229171697542028596217278	16.480878718796642345978398225270
9.310647041904472231976797047537	18.839166287605191740794907673262
10.327022292481350618231772386935	10.724671700244028826887188188266
6.166610076570308685006693849573	5.400086235182972593804606731283
15.165335542072872598851063230541	3.483652175016100027704624153557
10.296126554573357125832444580738	13.260352090993412943475959764328
12.829558226599031556247609842103	8.065321389996858769677601230796
15.676549199289098623921745456755	4.560666869204192508391315641347
13.445873684795470737185496545862	13.899868980414064267847606970463
16.972219321770698030604762607254	5.684983043287170190183132945094
10.662789576856829043549623747822	7.483246419841039553944028739352
0.726495211147440311805212331819	15.914561759894919390490031219088
1.074002118313038156571792569594	14.659800012482898878829473687802
5.977342938659060855854932015063	7.875850729063021304909852915443
4.336049325794710362913519929862	2.193156673952599611254754563561
3.058443926722647976390589974471	14.197332148026584164313135261182
10.262517921978437485108770488296	9.675497654391973512133517942857
1.364116350844228886529663213878	8.543292775552044915343685715925
15.479993936901632167746356572025	8.175936671902054087013311800547
7.130459145421806255171759403311	11.588566410730766875758490641601
9.097149007247951502108662680257	0.991035995791884172234631478204
10.919962635451986088241937977728	13.540999167923670754021259199362
13.460418472886836127599963219836	7.047573181228210081883389648283
8.474987878719350220535488915630	11.643151220253599831266910769045
10.433808793165425754523312207311	11.809579771752655830141520709731
5.739944693887983007130060286727	9.099104264615741399779835774098
1.732222790792762534550774944364	0.664665810710594051613497867947
0.543201741507171487199912007782	14.444356642801013279608923767228
7.459564632741292555806467134971	8.831015600313788738162656954955
13.343923529609407196971915254835	7.239721455447133635630052594934
19.804478023727835278577913413756	14.811078519024373889578782836907
11.605774743287572192684820038266	13.353315710249916037355433218181
2.003490116010620436526323828730	11.832756559485209990612020192202
3.457126451915946585558003789629	12.344828816773231849879266519565
6.589528328207064689081562391948	6.305713096122328664705491974019
11.111005840008795431117505358998	9.658258908128598108078222139739
15.477712608093519008889415999874	9.522964889625846751641802256927
12.795690898254353129459559568204	11.614329708496812898488315113354
4.887725395779865422696275345515	11.728776176638342931823899562005
12.850719715753855965090224344749	1.123984545481182317772095302644
16.217269801485912239513709209859	4.254849886158161176297198835528
6.938250486919283588349571800791	7.550755559060341681743011577055
3.897507934208467528236496946192	10.639909295889509621702018193901
7.367281402135890999716139049269	3.233792494517936155773440987105
14.324961240502718240463764232118	11.467772757563889030052450834773
16.539182792198626970048280782066	6.435422092240541402929920877796
6.440365816816754573892467305996	15.911080855444289738898078212515
6.814299599452990463532842113636	9.439978105041626932347753609065
11.887965129439459488480679283384	12.585253189430829934281064197421
13.596572832639527206310958717950	3.044859889816394549200140318135
12.337713852950122017659850826021	18.483278841651600288287227158435
7.899209271854410019386705243960	16.293806023837337448867401690222
4.684949902849437464169568556827	3.002773053212747456086617603432
7.629524768090769626383007562254	10.462141441988359602532909775618
8.041913371538813137817669485230	11.199872809173447407715684676077
10.424201376511735617214071680792	2.384936405168291972955785240629
7.845111738206549389929023163859	2.618993274561689510449014051119
11.588008128383366468483472999651	10.081377185393391116008388053160
6.786167281766071646131877059815	5.051945899732366740408906480297
10.029042454554609520300800795667	18.365331231238769760238938033581
19.762596817878240074151108274236	9.966568752513255802227831736673
9.680588447382175942834692250472	7.165161528944301139176786819007
2.919567323328248420466479728930	3.160262302852952842613376560621
18.229414815347194434025368536822	16.453463476375091545378381852061
5.542936550995087863213939272100	18.575013630530527564133080886677
13.249894945673808877018018392846	6.441378836353071513087797939079
0.278981181569900593686384127068	12.084645330795307671678529004566
15.624971917109036212423234246671	12.672854307267391149594004673418
1.739219420394226389703362656292	11.980040147415024875954259186983
3.365836060874983104440616443753	11.362466775457395584680853062309
11.055896207325094593443282064982	12.209148059999874291747801180463
15.515308276667653331060137134045	16.167849625924134215892991051078
4.402411149518581368056402425282	8.172289871184972298578941263258
9.730063041676951129943518026266	18.906729734839071710439384332858
0.209556203381128236529207242711	8.786569653176576011333054339048
1.840582377031740657358227508666	12.385721029084729494229577539954
13.147426234212131745948681782465	1.889773477224113484851386601804
9.305021152813678142479147936683	8.160839053374237650473332905676
11.158451703958860434795496985316	8.964265832785597964971202600282
11.549715893587947590503972605802	13.856917105971332304648058197927
9.969850461296596577653872373048	12.232114814987648188093771750573
5.874353027343375721613938367227	7.591079697401473147522210638272
13.888188493802635647966781107243	4.104587125878212283680568361888
6.339587919212426925241743447259	16.625657117222250036547848139890
19.452554194798228337504042428918	16.883185008785499547911967965774
3.000155159286647776895051720203	1.276676466679660837399978845497
0.116579900021436477786096475029	9.757746012011363490046278457157
17.404560049304706126349628902972	14.557299580772877334311488084495
16.146949202565227921013502054848	6.728389974110468685353225737344
5.997601771487733657295393641107	5.714135869498216280248925613705
2.445781428228999132556964468677	13.952949174352566430457045498770
5.657837518291818135196535877185	5.951032205574138700399089429993
8.702813241521448972548569145147	11.194870780251838127128394262400
10.971325547504237718499098264147	4.890551807472389711506366438698
6.198146457554607025031145894900	9.124601154197508279253270302434
11.089867090799108595433608570602	17.291271249446069191435526590794
13.308302151288174286491994280368	6.016731754466178472284809686244
12.207352998684912748217357147951	14.814085142197884081838310521562
14.043422731847952533712486911099	9.551163619669265969491789292078
13.574870310872194423268410901073	4.748098821845697870003277785145
8.475905803181548847646809008438	1.849889407689344622554017405491
