75
4.956524347807530261889041867107	10.465593113544761294519958028104
8.351560246879962789989804150537	10.667384036567023386510300042573
9.886906347869654609894496388733	10.595707848301289644155076530296
9.536830831286552623282659624238	10.272679268031490451562603993807
7.673337214782486981334841402713	6.035914819195693503672828228446
7.895297885804840376522406586446	10.920059599186904719658741669264
10.647087917407825230498019664083	7.616367403445190475963499920908
10.966027122667053816940097021870	8.056031869428361247287284641061
7.129868881872949870626143820118	13.684345094704509548932946927380
9.928146921042975137083885783795	9.381805937431213493482573539950
10.522027360405928675390896387398	9.563117376047049589260495849885
7.685163238302086696762671635952	9.157130184091055724593388731591
10.147143533196263831541727995500	8.469948866734711145909386686981
13.016717997350426117009192239493	11.409414906958485147470128140412
5.093491503938992082112235948443	6.461778288277417736651386803715
10.084503467147747812759916996583	11.132572860704476269688711909112
7.748571114358046685310910106637	10.421853928583439952149092277978
8.098209677562842045972502091900	10.655310978072956018536388000939
10.700835786668180915626180649269	9.105394247836365195780672365800
8.400666095408803712984990852419	13.738139433473845585353956266772
13.683275705074700923091768345330	9.308577281692878457874940067995
8.984681188196047330052351753693	6.865317186981609864915299112909
8.497428330413608676963121979497	11.872795701571982718292019853834
12.533072905905392246950214030221	14.084933167751399807343659631442
9.506249922067254942703584674746	5.919013791870078478041250491515
7.078284451379804664838957251050	7.173871326275748749878857779549
9.241901301464761075976639403962	9.872000541497893522091544582509
8.726028123654234747164082364179	11.473956569406801975219423184171
10.996113813907610889941679488402	7.682324291273204153185361064970
11.094223008534378038802969967946	7.115092637411576603767571214121
9.872293419943225956103560747579	8.859571214201540811927770846523
5.697750963517503208777270629071	10.021017104188544522003212478012
7.159660251263456842707455507480	12.173346605482445070833819045220
8.175571061803386996302833722439	7.614325687107849738310960674426
7.832980255060804530842233361909	11.477195081541839982719466206618
16.136589256323595975572970928624	11.888831084456199960186495445669
8.607852171932318441349707427435	9.833954928614273782727650541347
9.400708673967084649802927742712	7.418200341472301673206857230980
7.084412717156913785743199696299	10.742233339870711716912410338409
12.627461296388482026031852001324	10.144627118744100613412228995003
10.108096867521831896397088712547	11.865856149043326084324689873029
8.633121864181607207910928991623	11.172101253846969726168936176691
11.474723636587238928541410132311	11.597815167170862693524213682394
10.657780258368456216544473136310	10.493634807708891898414549359586
10.008769619775423009855330747087	9.224486540574250881263651535846
7.784944821922539226477510965196	5.147479228691499208991899649845
8.657908925353561713222916296218	6.320966008783519995972710603382
8.439507602092611193711491068825	9.595225210460380793620061012916
12.359340800825689754560698929708	9.842828683676414058822956576478
8.949816037835846671555373177398	11.708336517080470073892684013117
7.561005854525545188948854047339	6.984520230552395680945210187929
12.025839790402045537121011875570	10.902225382029081757195854152087
11.155289255634716738541101221927	9.256780294586709700865867489483
11.794362421597210044410530827008	13.394863823598639029910373210441
8.942315819600962001345578755718	8.393827515448318621338330558501
7.010945845593871794676488207188	9.244079959238822752354280964937
10.589728102825281652599187509622	7.724961895873487804919932386838
10.187722985269889619530658819713	9.907129025936567856547299015801
11.021611771269645529969238850754	7.572888069049868775550748978276
11.561103514300690164873230969533	9.691109829833626676531821431126
11.179748538094486320915166288614	10.415835985223292681212114985101
9.954760076834221038666328240652	7.658324586448200577137868094724
9.698213719970437907136329158675	5.742842440983503493612261081580
8.434129420354778972068743314594	13.312088208208081141492584720254
11.963817363083059319706080714241	10.018169746417573406915835221298
9.699475674562755500573985045776	12.443429133133822261925161001272
8.108144516654883560136113374028	11.818541877808931062077135720756
5.366500769409634941098374838475	13.810493106061436208165105199441
10.665387226607691673052613623440	16.652519556080036977618874516338
10.070040887629684078774516819976	13.078822469650575044397555757314
8.009290115542107457713427720591	5.346897381163493001565711892908
12.241798276570362347115406009834	10.954693680728238902588600467425
8.998158197116664425152521289419	7.858526584264860836981370084686
10.112712454996522382089096936397	8.395631702570497623128176201135
7.375562582747933859650402155239	10.730215536734977632704612915404
8.795465026389216234292689478025	8.863537764596227219726642942987
11.003356896924168850659953022841	8.953636489746333637640418601222
9.293225697202849744371633278206	8.208110002429714668892302142922
9.403362587434665798014066240285	12.083900417636083801653512637131
9.412055824416084348627009603661	5.199358584647768566355807706714
9.144510026957991755125476629473	10.551542758521556208961555967107
9.982676030597135152788723644335	11.254945932752628223738611268345
7.624515759909765932889058603905	10.610193031456940815360212582164
11.467508620365517657546661212109	11.225026891481132196304315584712
12.137309112207899985946824017446	11.160436292941920299881530809216
8.508330382989795381831754639279	10.391678080096244940477845375426
12.647328341649039629146500374191	8.965439476192399226306406490039
9.542480762248226611177415179554	10.749483850432666187657559930813
10.777333304897554810963811178226	7.082271427825930665278519882122
10.868960858604028274498887185473	7.269418214072063122443978500087
11.879335388688655683608885738067	11.741477251399144776655703026336
10.538229475974683069239290489350	9.957893302903272569892578758299
9.965237729384909926011459901929	7.464154567008339569156305515207
9.670864918490631012559788359795	9.440602632587797415908426046371
11.747203766101124600140792608727	13.029736079071367882420418027323
13.207629201027122789469103736337	7.711878742772839245844807010144
9.329355097346613945319404592738	11.632052484861095109636153210886
11.119700569242725762819645751733	12.436121942430711229121698124800
9.960524668465930986371859034989	11.463058423873942359705324633978
9.686846055873765237720363074914	12.115391821680002948369292425923
8.832723039718754165505743003450	11.631655477232673234766480163671
8.470114501777086246647741063498	11.239354275345814215825157589279
4.905487221535733688426716980757	10.037424176085862015384009282570
5.057391756088669865221163490787	9.832568672729706804602756164968
8.181419269892098000696023518685	7.600754205424644638355857750867
9.151985320343815288879341096617	12.455340662011469277103969943710
9.200699924062318402206983591896	11.848152287273263638667231134605
10.316492957048897238792051211931	7.644864921195192231095916213235
12.442542018393332625691982684657	8.245463923244427562053715519141
9.743476811237979262614317121916	11.405102457881858057930912764277
11.854207278775609424315007345285	11.557241274931820740334842412267
12.525707576833223555468066479079	9.446313779733689131035134778358
11.949008339412777957022626651451	11.735435232339721522976105916314
7.488754046304849865123287599999	11.170395305986540179787880333606
11.570857310275924234588273975533	9.915600671523945308649672369938
10.114033098420247114290759782307	7.457211392683119832724969455739
8.732020903770330022553025628440	7.950554930138491016577972914092
10.827879406897483960392492008395	6.205018101793426055223790172022
15.018847027379813141578779323027	13.593923693105992356322531122714
13.742028005107556509756250306964	8.565206414696003633935106336139
10.743820063575638457109562295955	11.326535454133338731708136037923
8.475750189875512319304107222706	10.894207423164752768229845969472
11.179286289081874272710592777003	8.862614092786129660339611291420
11.348638743398513639704106026329	9.496461916794425306420635024551
10.511495125169629361039369541686	11.497575523202769431918568443507
11.968355188405187305988874868490	11.522847228527103524697849934455
12.633482932272832144349195004907	8.784542759419228019623915315606
9.981149343643462401587385102175	11.200892822405259963147727830801
11.097282894452327184353634947911	8.118336230742160708473420527298
9.159620754383649199326100642793	9.893417878661646014393227233086
10.125987087058689439800218679011	12.012226131158898922990374558140
12.321486847471316394830864737742	11.526682171661928322237145039253
8.814414643220109368826342688408	10.171268851404825284134858520702
11.069798042919686054119665641338	9.635942503103883893800229998305
9.970898618717367156705222441815	9.316273552256323142728433595039
12.260919359914845827574936265592	8.796268069236711895086955337320
12.706904993421513694329405552708	11.461101130650645174569035589229
10.701900184660431136762781534344	12.988026541637234245740728511009
13.280714803668900003685848787427	9.115401294725046454914263449609
9.730089894997806965193376527168	10.151299704013068136987385514658
8.246158921983903766772527887952	11.910544100267367539913720975164
8.112675517033089533924794523045	10.880568700820997918299326556735
9.528826699317853865522920386866	11.028000358870627906071604229510
11.627069733650417404646759678144	10.235747310426695833029953064397
8.329630883640222194230773311574	10.689367682382574287203169660643
11.021189241480996656719071324915	9.496800072927754854390514083207
12.919784916164841703789534221869	9.240485895699473317677075101528
7.819097417240010727823573688511	12.331704661184573978971457108855
5.297033922388727944507991196588	10.958475479051774215122350142337
11.288324511503279978796854265966	12.401799880259378738855957635678
8.156441540884147300971562799532	8.141936519128670113332191249356
9.838456952026909618780337041244	6.092045218471664469461757107638
10.623958240020899168598589312751	9.716349633112438155535528494511
10.783420183348061627270908502396	12.996466559563517151332234789152
8.321166830215794618652580538765	12.487710880057168338908013538457
11.022847612177427478741265076678	9.655843152912323645864489662927
11.217572314848874626136421284173	9.645686998445738069563049066346
9.033262388499814221631822874770	8.819259780052229658053875027690
12.246417021668872138207007083111	7.563470921736126229006913490593
12.434524169761978384940448449925	9.980833401604158439113234635442
10.584581280171942552215114119463	8.865734712351024171539393137209
11.470727717173184956322984362487	12.400732346108402026629846659489
8.723441659545608573012032138649	13.892735947700124654602404916659
10.513503323994155991272236860823	8.085894930016577220044382556807
6.972655977528699366985165397637	7.033336111925923894716561335372
9.597357563946584235736736445688	10.968004222136482184168926323764
10.580115732185783272711887548212	4.574888481954844543508897913853
10.358165185854360856865241657943	7.746052792618137949887113791192
7.811117685628968132505178800784	5.666007413800721259633519366616
10.191688929273185593160633288790	12.303459602311605181057529989630
5.395316409198326113028088002466	8.199180404865177962392408517189
10.295070852410983519575893296860	9.677705354042757335264468565583
8.931630175102858615332479530480	8.182388312518245498949909233488
12.474362587257004975072050001472	13.208514657124300839541319874115
4.297923328887160110411969071720	8.900170443019916888260922860354
14.207154671964451253529659879860	11.350727979349382934515233500861
7.189933834659376188369606097694	7.692434375865929041538038291037
12.680845218200424540100357262418	5.245720699103505246796430583345
10.948156367503848684918921208009	8.012876088929886009282199665904
10.707911379046638700174298719503	9.630283631855251158526698418427
9.985450905771488194773155555595	13.015898273139203666914909263141
9.234933856730609846863444545306	14.407903224897438576590502634645
9.133871742384293668237660313025	11.190387169159169644672147114761
10.917908522044756480795513198245	11.792017482320842347576217434835
11.143006245278556320954521652311	9.044373413761075397587774205022
11.626741671599894800692709395662	12.008777875673660062716407992411
11.476947566488833629705368366558	9.484532114679932846001975121908
12.831587979838264601539776776917	13.198339295229743584059178829193
10.636606875127768034872133284807	10.429519391931528105033066822216
13.144528740199902472340909298509	12.079223852818671502973302267492
9.208599575542381288073556788731	10.328933751747838343248986348044
11.927788837278690436960459919646	8.369908878255591488937170652207
11.276979703099501151086769823451	8.708104389921814458830340299755
8.248180697049177112489815044682	9.530676771047625450705709226895
11.243338785830934156706462090369	8.750957106261759932408494933043
10.805917158462692739817612164188	11.397934935601687911344015446957
9.163269913949953604515030747280	10.713319915544810001506448315922
10.562405533684689373785658972338	10.416582846385852079151845828164
9.320930285670236514761199941859	8.151558013134177826941595412791
16.169470380954020782837687875144	10.474010448395331351889581128489
10.190623894963469098229325027205	12.019729994960993479935495997779
11.716011185562161145412574114744	10.544742324995862503556054434739
12.121345129380623362180813273881	8.493291774757544487783889053389
12.358275811592969617436210683081	11.477459298445822355461132247001
10.083047378627465917588779120706	10.889758156477919115445729403291
6.819348570220629568439107970335	7.319784664095419834950462245615
10.562111830621796926266142691020	12.296093294771264226028506527655
12.263174146511369499989996256772	7.833559643882177070395300688688
13.512939254891055185225923196413	8.913840459911430258443942875601
12.821134263310863588003485347144	7.590975460789673334716098906938
9.795561456015526857754593947902	8.243406756992834871766717697028
12.271337082073506152823938464280	9.285185662449972454624003148638
6.763596016822664758194605383324	8.853548114421503356652465299703
8.307428989050698930896032834426	7.580092913532623377648178575328
5.669340917238587351789647073019	7.442088532038447112881840439513
11.841030972232250206843673367985	14.463795026089321993367775576189
9.927484430901680312331336608622	12.946575010495196877968737680931
10.879246206592508627863935544156	10.945850230711329231780837289989
10.420021995216073307233273226302	10.759229733594493083614906936418
11.214912651735337689729021803942	8.585175150444399605476064607501
9.196566534735040931991534307599	13.537257275283193891368682670873
12.949172155402148831626618630253	8.054640003723974928107054438442
11.946513060379835735602682689205	9.507031185313497445577013422735
8.338730035361642478619614848867	11.655498166258604797462794522289
9.396650972108497867907317413483	8.188038215780721884584636427462
