75
12.726272804859622311823841300793	10.179975290562140344263752922416
9.009465975593046849212441884447	10.651067616122862347083355416544
15.232311177959717340968381904531	9.540422841152631505678982648533
11.875581238024485841719979362097	9.269121823045555430553577025421
5.570754913882359105059549619909	5.477264661835778980503164348193
8.183561837458000809419900178909	11.206481444617802267771367041860
10.152764249409582220096126548015	13.648995414541097659366641892120
5.789466713870071501446545880754	11.577369526131835897331257001497
10.372632773349511836613601190038	8.335188195901988450486896908842
7.348032434827466374827054096386	10.365275707061757159976878028829
8.960665107927844985624687978998	8.363776665104829532992880558595
11.840126907970743630471588403452	10.488271563925653850901653640904
10.021032432956710422899959667120	11.128866037447156855932917096652
9.929640730836377215950960817281	8.782483758772153592531140020583
9.557873870287949102930724620819	8.926718843932750502290218719281
10.513536446390924439242553489748	12.781160094278099847997509641573
5.837003719919724886722178780474	12.404342352748114919336330785882
10.208480669773306814818170096260	7.482824344027777740961937524844
7.152305338396486078522684692871	11.103476846881832784674770664424
8.536456239516809318956802599132	8.861214397503731632355084002484
13.660466296562749022314164903946	12.006161576421032322059545549564
9.736994836436320355232965084724	8.690972299797286027001064212527
9.926454264436863184073445154354	8.678329413391180580106265551876
11.587331928335661501705544651486	11.146269806205687302735896082595
12.008804124178107386455849336926	12.103945219975134506285030511208
11.960482976075931915715955256019	9.727497943696482352038401586469
13.292880232646167470988984860014	8.678136459154824677852957393043
11.706922837017529559489048551768	11.019904996740441660563192272093
10.443364637253347737555486673955	10.322459449504741257896966999397
10.612794260786934330553776817396	10.224682576588611127021977154072
10.412846306384961891922102950048	11.384915999678888454127445584163
10.058093205821110771580606524367	9.040607825331214542075031204149
5.626037612069024085315049887868	14.442049824430498006222478579730
9.321839469812630341039039194584	10.131930508213430996988790866453
9.307341530894458259126622579060	10.655425992713226435171236516908
12.711380568528831247476773569360	7.956926420542539624136679776711
12.712287308135016061783062468749	10.729204266000092360400230973028
9.247478655760211552205873886123	8.807690312342026928149607556406
6.147402141554703547399185481481	9.418125157679371639574128494132
10.472201200053207870155347336549	10.270377798976525696161843370646
14.292165285720447087669526808895	6.335257229984433635650020733010
8.639861323130968884242975036614	9.452920213377758784645266132429
7.812464531639504272675367246848	7.492090718946989191806551389163
8.057576504724494270703871734440	12.656298759318278968066806555726
10.482961909185275928280134394299	10.275055088965039828963199397549
11.674020486527840745338835404254	6.629523906002994237951497780159
11.920000690113274899317730159964	12.360048116556908937013758986723
12.994327271236555176869842398446	12.680270133051815051317134930287
5.667610661624512324863189860480	12.149065492160302071056321437936
8.315538930118579585837323975284	8.974391154478158938445631065406
8.957366871688085652181143814232	7.639662543132656580269213009160
10.423688498147292591511359205469	11.274958389761513544158333388623
13.188123301794895780858496436849	13.342047215772778301356993324589
7.399744049706708182156944531016	13.235723960111428709751635324210
11.415932664525513473563478328288	8.738609384835092086518670839723
10.788368393196680727896819007583	8.762320126669326469937004731037
9.642744426986418204705842072144	11.458176015686113657920941477641
10.521708896619001549765926029067	10.789536506935752058211619441863
9.405584443006473449599980085623	12.031434718182257626040154718794
6.530474877861475846430039382540	11.478407889962896959445970423985
10.096334188477426252461555122864	7.758014932048615364124088955577
8.339501758379132212439799332060	10.784749353712658859194561955519
11.124920879411826390992246160749	10.902169103702755492690812388901
10.938197954326440708427981007844	11.974336685439869398805967648514
10.155823123570531407722228323109	8.999553897277445813074336911086
9.438164192888359949051846342627	6.347541186012827019169435516233
7.739051610918323831356246955693	12.723811527759975703588679607492
6.687423845651046860893984558061	9.776774627744574175380876113195
7.884799241079534226628311444074	8.740020753906033945668241358362
6.622124121277121133744003600441	12.364877452494630105661599372979
10.682458426324707545518322149292	7.142054365087327383321280649398
11.400649379055215248968124797102	13.726464664351174960188473050948
10.429148328040751536605057481211	6.718534388925802680603283079108
8.296795924498344021458251518197	9.940057347428426837154802342411
8.489101560131913970508321654052	11.798894257374058724963106215000
11.584160452917700467878603376448	9.868567610205435158832187880762
9.753575189496046959902741946280	7.618537863194459802684832538944
12.596017006263959814305053441785	9.866391517155088664026152400766
9.405076143729120374814556271303	8.205768821393489176330149348360
8.590721398939589192877974710427	11.399850993330291615279747929890
10.083110411902399761174820014276	7.690923145157507079261449689511
10.319902227276937622946206829511	10.456812722012344352151558268815
7.161191151690347922453838691581	10.564786492781649940297938883305
12.142924465852050985859023057856	9.457403020358238876497125602327
14.675643522254111061897674517240	7.478871120346229695030615403084
10.338428318041946951666432141792	8.055570175586272085865857661702
10.594610556534524548055742343422	11.408331820280864121741615235806
10.384392372173103069599164882675	7.711665509790897488073824206367
9.913076226391599021781075862236	9.118204720144941433090934879147
9.508461269991542508250859100372	7.162598796102561671261810261058
8.380661056264422370531974593177	10.354712819174972437963333504740
10.572092308270265803571419382934	8.709495609029421103741697152145
9.852805389150701032008328184020	13.099458113877432197114103473723
9.110985665137393496593176678289	8.556417742503322543257127108518
10.027718241316964764564545475878	9.089709304238237308481984655373
10.885925170518262916630192194134	12.191150952454947287151298951358
10.321709587874028812848337111063	7.834876456318372817122508422472
10.125018189780183419657078047749	9.203926745830326439090640633367
6.676406075763867242756077757804	8.708036016244749433212746225763
11.713418676553365216363999934401	10.273312395815940689658418705221
9.606665755292645769713999470696	9.527894793392732708525727503002
9.843958983593280365198552317452	6.837593643156078648814855114324
10.112419622635206550853581575211	9.456802631145871274043201992754
10.287683890698481548042764188722	6.312587085766486083571180643048
9.839799381004448619592039904092	11.815142814013530170313970302232
13.259067012464166523955100274179	8.389333196519546120839549985249
9.756240720404457889003424497787	11.698306675394517739619004714768
8.241955354061367700069240527228	9.505918379164777221035365073476
10.014699027594350155823121895082	7.837588275540706916899580392055
10.866389243239281015007691166829	9.055991312086314692919586377684
11.942373194140671444074541795999	10.364105897068625949941633734852
7.469621102393770861738175881328	5.406290546876503455564488831442
10.875133482698089437690214253962	6.171517132419486628691629448440
12.992351097977124396720682852902	8.307481285857704733643913641572
10.557024716849305434607231291011	10.534153237362827937317888427060
11.088273281469135156385164009407	8.190709085812926559810875914991
13.004357778454128435896564042196	11.381160652682133616053761215881
11.267796187491384785062109585851	10.830188715634999851999964448623
8.366718641127171451898902887478	11.709383809993850533714976336341
12.182054303331588229752924235072	8.284378168162675137864425778389
12.217702754061768644078256329522	10.003166766783433416776460944675
8.505492045500291808934889559168	8.862240893604294456054049078375
8.615729190037717089012403448578	8.696028004150811341332882875577
10.631306274642700060439892695285	11.706567407064826014106984075624
6.644650515293633930014038924128	10.617946618560267779685091227293
12.293290080346434223201868007891	7.746091411720039232591261679772
8.461531766561950718141815741546	8.386218638565923200189899944235
7.979386060959465787334465858294	10.301225663786405917221600248013
16.146324367431446944465278647840	10.728463660667166834628005744889
10.497717021836139750234906387050	8.690862948355762895857878902461
13.583915567644687882875587092713	11.124914955402127603178996650968
8.151534929250296102054562652484	8.081650620793725536827878386248
9.634512802746177939638982934412	8.096926756395976809699277509935
12.973750158625282580260318354703	7.530268705455388733582822169410
9.561233763634156446187262190506	8.152874634009771526166332478169
9.813485218482352223645648336969	8.062894936940390167023906542454
10.479370628424444333859355538152	8.674818473322359224653155251872
10.706083193333180147988059616182	11.364291379057959829879109747708
8.227625528787873676606068329420	9.096228382835345627199785667472
8.856235765095181733386198175140	10.146155159870833273316748091020
4.488986618343408174780506669777	5.803831758189255118907112773741
9.015350819053164599381489097141	11.769796878661686889699922176078
10.997493917148414510620568762533	11.526098614573674794314683822449
10.863865663947024131630314514041	12.131961747318943167783800163306
10.955949507170927859078801702708	6.810010650209529003973329963628
7.745067234858172611211557523347	10.900344523460161028083348355722
10.445187914520460026324144564569	11.920369173883049285223023616709
8.287316532937341051479052111972	10.311920276528017126338454545476
9.510136514407847130314621608704	10.304488621172099627187890291680
9.543938225994576640687228064053	9.146800687661327700084257230628
8.179312509828797317368298536167	11.008964603656286485033888311591
10.126624288330111411937650700565	13.272345347120243275185202946886
11.767936609449257900905649876222	10.761475574565700696894054999575
6.270041981843911926830514858011	10.944457980194901125514661544003
13.347537780076628166625596350059	10.497932279226089846702052454930
6.499730099387486248474488093052	10.443981339681847941847081528977
7.361320299446210135840829025256	11.537800679684536930835747625679
11.856699198247916626769438153133	7.190631976569816785627153876703
5.030015692260871418284295941703	12.028919208485660874430323019624
10.412276411554298505279803066514	9.724989648135991870958605431952
11.522369456716116786765269353054	9.222718986512280281431230832823
8.704356790843858604489469144028	8.101997332775997762155384407379
8.627435383969269011572578165215	11.435732701138956457498352392577
10.250934765647752300310457940213	11.160627732946460710650171677116
8.251859335140251161533342383336	5.968815639749269763569827773608
5.561069111597703340521547943354	11.813939949349627767105630482547
9.223095749855437119890666508581	11.587543266323764967751230869908
7.241337113754116927566428785212	8.970304812880574019118284923024
13.596662760255597390823822934180	10.554060486827870235515547392424
11.309085533889845720523226191290	8.706954077055687690744889550842
9.619581894021932200189439754467	7.074486345868951531201673788019
6.740183402170739412895272835158	7.191574540355611944164593296591
9.808745732990010068874653370585	13.423180931935089432727181701921
13.797208451482745772409543860704	13.709981779250520972368576622102
7.740645504139238575191939162323	8.081912325193831847514047694858
5.546472750818231212122100259876	8.777453368169833680667579756118
10.179025016200037967450953146908	9.038089454186016169501272088382
10.882983635295332192072237376124	6.770683018640766270834774331888
8.600624479561773227942467201501	9.446682970593673900339126703329
8.454253296126973182822439412121	10.517037469508718317001694231294
11.537128243392825055479988805018	9.070092325518272602380420721602
11.147372213642299243474553804845	12.519568765706214463762080413289
10.067662225511421425494518189225	10.526377747243605753624251519796
8.829854958578467361007824365515	10.969199073829614121677877847105
8.846220013614582100558436650317	7.735124375756184278429827827495
12.972866163237164016663882648572	13.816430090871934410756693978328
10.513464252888221395210166519973	9.569762699934795335821036132984
7.792284491827269121699828247074	12.759920581536498218611086485907
9.424334490333446723298038705252	11.131102015466664667542318056803
11.087645952732053444833582034335	7.552744470423585099183583224658
11.490505032459616074902442051098	6.390239291536220278544533357490
8.086410644730717578454459726345	8.931960817886404058185689791571
10.940587175517984874772992043290	9.230648834998376628391270060092
10.032156229157925153572250565048	11.121863712426954151624158839695
9.108917829069147487075497338083	13.886061560597470432298905507196
12.204083656117614253844294580631	12.943248072419919481035321950912
8.532631829905694686999595433008	12.159567973171595767212238570210
10.103632169404429319570226653013	14.035714259216204524705062794965
12.652766740165116488014973583631	6.731139788426443004709653905593
7.017965975368065656425642373506	9.708679390458346603054451406933
12.835782259924160442210450128186	13.155889176562801878844766179100
10.363739557192163331933443259913	8.062984877326561772292734531220
11.021804998096666139417720842175	11.169953309026276144777511944994
10.104281039822474497213988797739	11.627752335056571908467049070168
8.980131022346014901813759934157	7.808473527292811411371076246724
6.508454096503605512680223910138	10.257880251664872162109531927854
8.857664618383843446736136684194	8.919905164080963899664311611559
12.504407231487748575204932421912	10.804064926962928083753467944916
8.223374332957211763073246402200	13.636573003126118308614422858227
13.778071485288608144514910236467	8.321986877361432277666608570144
9.586402694483830089211551239714	14.905153400597376034397711919155
8.171886639592743861726376053412	12.237550645161689999440568499267
12.094039516489681673760969715659	8.753115971504975334482878679410
10.078093491194026753987600386608	12.602055655609863293875605450012
7.009175327118267517789718112908	10.382585245514011518253028043546
11.010308798781688111034782195929	8.647807197192056705148388573434
9.391600265059595997740871098358	8.653800231785908181336708366871
9.230132767834586360322646214627	5.841040664913336399877152871341
9.269211994907097462714773428161	11.028844647084984131879537017085
6.312493552998486023852819926105	11.181208195026819396389328176156
8.319090412333066453243191062938	12.325833009401303996810383978300
10.041582697663598011672547727358	11.427002150136368996413693821523
6.467691363273685212220698304009	9.198758399105614103063999209553
9.093763410112496003989690507296	5.512566979580561188356568891322
9.501615446340174742090312065557	12.673397403933661209407546266448
