75
15.911399475460163088769149908330	10.850079409008191788643671316095
9.374798948259924102899276476819	2.850677565974332416942615964217
13.446880490090823201398961828090	14.619083911520668550565460463986
16.393437133466107979984371922910	2.781666842706615128122393798549
6.509276004336076226763907470740	6.904283086253936829734811908565
12.702461558330368163183266005944	9.154926520938193590382070397027
6.184960538673329288883451226866	7.893187912973330000454552646261
17.200998640819875618035439401865	5.300215879333052271249471232295
18.386610407388779719894955633208	5.132345534104794992913411988411
3.849696696554013364277579967165	15.136703133975309754077898105606
14.503503372612700061949908558745	7.281830153990077825199023209279
19.936532589405963733497628709301	11.000618044231385894704544625711
12.363611926260748674621936515905	4.000211681419214571064912888687
8.886609125424005384275005781092	16.739799790933844292339927051216
0.292604915886833794047561241314	11.105104725231020879050447547343
3.724195204592120944653288461268	12.617604984907703880026019760408
18.717249301147951712209760444239	12.251274262209541632273612776771
12.063025211368898936825644341297	8.010358284925741756410388916265
6.784303549434871349887998803752	13.473906625690288407781736168545
14.793105038709082776904324418865	14.761340409469621448579346179031
3.816747352818618210790191369597	2.867203856538701245426636887714
5.175421784805820379915530793369	2.896400800344939518993214733200
9.224871657732002461216325173154	10.412211086277173066605428175535
8.364186229233682823291928798426	9.628810382793071553919617144857
3.373442047296896895147710893070	12.062322305307045411382205202244
14.935629762695612043899018317461	19.351733656873093991634959820658
15.096057445754324177755734126549	0.890442437578091272598612704314
7.682344313788480150151372072287	10.961320298259632721737943938933
2.783601106201400554596148140263	10.791682524180119528978138987441
8.226203022997996328058434301056	12.533316867361858015783582231961
11.401164408648899240006358013488	8.435895318403881404378807928879
1.322391832620501972428428416606	18.758086131140462526900591910817
17.723928311398619683814104064368	12.764674261076079275767369836103
3.295022477300570074021379696205	16.089556110687041723394941072911
2.149328934074818953092744777678	6.520612286165508919566491385922
4.758593208617557301920442114351	7.626882717676109812998674897244
15.270010162866951120008707221132	18.172863665521120424273249227554
6.197197258901544714149167702999	18.354788371981207717453798977658
9.814027389438916060271367314272	9.269459807759249159175851673353
1.958517411694614906991773750633	17.075067584465813297356362454593
4.875217341561563166862924845191	8.858903637618816162557777715847
13.503916440917118180209399724845	13.272638300732230831613378541078
11.204867827955128589678679418284	11.811389500693582732537834090181
16.471591266030287670218967832625	9.348805915851110981407146027777
0.223071509253312427745186141692	4.188196815128175209963501401944
16.470983612140020824199382332154	9.889511696584433408929726283532
7.781051918270623701801014249213	14.848817302240954418834917305503
10.826085398816442051384001388215	15.646208588914060300112396362238
11.546803897008093287013252847828	10.666308406556822774291504174471
6.360952806494751143873145338148	2.219906526539965341271454235539
13.968236501110000702396973792929	8.703129975503278714654697978403
10.508742021541641165072178409901	9.639852576876343448475381592289
4.398141008305214150198025890859	6.920062636377885212368710199371
15.726044974179925972634919162374	18.549319070967875688893400365487
15.746537555890501636213230085559	8.243307143074986242936574853957
4.471242847585383373143486096524	14.710061959495124739305538241751
4.389349554688282140091359906364	0.167445620668683403664545039646
18.734066624841702264347986783832	11.348073757600605659945358638652
9.849962251032241766779407043941	3.983527473142345343148917891085
15.013247454215438381197600392625	9.661150382004141334846281097271
1.126847493319383275434120150749	4.028176654974846115919717703946
14.717888952501187560528705944307	15.873222363993711780949524836615
13.268114085025551673879817826673	3.468040763364525602696630812716
1.997533553046626053628642694093	8.776453811581824027143738931045
4.042679461552856068351502472069	2.792049452263658082529218518175
17.984233728797629936480007017963	15.413622923416028243082109838724
13.501402399833104084336810046807	1.148799373656482103456255572382
12.138066671275140606667264364660	5.791825365792574231704747944605
7.614769386159971453764683246845	17.990007374250300387075185426511
13.657311931072214861160318832844	15.839904557585885669368508388288
8.526915138098006607947354495991	7.062206930581170993832529347856
11.201697823027959799446762190200	10.900980291025055279874322877731
3.399067186014685049144645745400	18.493799726732980559518182417378
11.789910342951840149794406897854	17.598717681114926847385504515842
14.938809767903567404800924123265	13.805526183908369830533047206700
12.169202577896973238580358156469	4.561728096569494184109316847753
19.123522316764130835053947521374	11.954908986997747177838391507976
7.657599727365685282620688667521	7.319175524373543240130857157055
11.969453609838026864053972531110	0.275455055355132927275008114520
19.128495634740552588937134714797	2.209661018901552864690529531799
10.488807716992551988255399919581	1.338499802146390749157944810577
18.695334798489774641438998514786	11.607793345949840357889115693979
11.559230602133943932585680158809	7.626500171351150214604786015116
16.818268121085864663655229378492	17.726473361742829837339741061442
7.494116952502533735014367266558	13.456106105064918665448203682899
17.903962286520574309633957454935	13.280113796794084990438022941817
7.276425701720275363015844050096	9.014721762420396800052913022228
2.488724220618775184732385241659	14.576276185884850633556197863072
10.613637916392445248447984340601	16.142969678448292114580908673815
1.002844720326672600663187040482	3.948583733928062500240230292547
11.845240651418261990102109848522	2.969195498621101769742836040678
18.438951444750607322475843830034	12.053274550435265410897045512684
14.449448602204034486362616007682	7.471834319273092717139661544934
5.030774852531263441335340758087	7.455332137461867958450056903530
3.995958309063475155653577530757	2.798634380297627899381041061133
0.703752550598263582060098997317	7.111699889600396673472459951881
3.410513047195203206740643508965	14.499896732023312750925470027141
9.561147031893970194005305529572	11.876488961049346926301950588822
3.365425145356988778644335980061	5.735955150079694142561947955983
10.264777362981030606192689447198	9.604988951061775637185746745672
13.807605752299586754361371276900	5.546150004723720883248461177573
8.097060713038956691889325156808	17.338791838941624234848859487101
15.722900177049741188284315285273	18.683064974445876771369512425736
6.990478913156534801487396180164	5.811082576420457890264970046701
9.382804962364181378120520093944	2.034878222733615515949168184306
11.955889126663313604126415157225	12.285299927396534869217248342466
6.599238146200113064310244226363	17.497261916040557139240263495594
17.479489418144535051169441430829	1.809703685889761715088752680458
15.892932689806267276821927225683	10.862909572345742503785004373640
13.958644518573432691255220561288	16.884795626544701008242554962635
8.579922021728783931848738575354	18.712473644883008461192730464973
6.275398983854419299177607172169	15.683918300384842581252087256871
9.487218641639740823734427976888	7.313860273395793143436094396748
4.379649276489902653963781631319	12.620346313568040486075005901512
13.148778418318197935832358780317	7.308152767256099302528582484229
5.105247385967091489078484300990	15.499093361377388688993050891440
1.814284453507246652748108317610	7.909248703587418383165186241968
11.536249613074183173466735752299	0.874746249056293834200914716348
18.183358495597296666801412357017	11.377975854766379626425987225957
6.642864379144135966726025799289	17.490741534165358928021305473521
8.413635935829056222701183287427	8.790785435148102067159925354645
8.912684523096334743286206503399	10.622733040089268996553073520772
5.593042863248049556545993254986	2.222270591067542433449943928281
2.137607551339932854261860484257	1.916171469927091308704802941065
2.332115859477249308895352442050	5.320517842371054406669372838223
15.698478218203934630992080201395	4.571878483789040714668772125151
5.137225372614178553476449451409	14.671581805400180087417538743466
11.903668527686072309279552428052	17.853652905370314130095721338876
9.132578331165229101884506235365	13.511853737071872316732878971379
7.679953720947065853863477968844	12.796715241639194715617122710682
18.106404947175224862121467594989	2.240452853565074953223756892839
13.225215535814271561321220360696	14.322845447450482936346816131845
7.510295343399754131041845539585	11.155304314254024689034849870950
11.187009521962480107504234183580	9.210244650140062105947436066344
6.224939287660576248129018495092	5.012922524957764025543838215526
12.791394986204405626040170318447	1.136499631194487491825384495314
10.706756866516473181150104210246	15.448407022660274989789286337327
4.752709340598698872781824320555	7.700002887784062721721056732349
7.513524036118118587523895257618	18.562955193221895910937746521086
14.382804890041958501001317927148	1.577484498443409322021580010187
12.988686453488842431625016615726	11.976268603993542427588181453757
3.490366112894100147912013198948	6.269489133570662175998222664930
1.376918251214455324316077167168	19.444339185689656801514502149075
9.569251112758644595146506617311	17.553637245902372399086743826047
3.580965701645856036350323847728	12.046925505439368464521976420656
10.486529531137900761450509889983	5.349348920179266997365630231798
11.731487889508594335552515985910	12.363233139489462786286821938120
18.634345233410030573395488318056	14.921588532773256474683876149356
12.251152564255399113335442962125	6.410693304358758837224741000682
8.681749327427604967510887945537	6.565379031560800271449807041790
0.073095959046536762571122380905	14.004513760032031299829213821795
2.177278665172454275023028458236	13.832228337087077107980803702958
6.357049297294916634371020336403	12.408113627419304236809693975374
7.189885047278472995913034537807	5.142014534173219075796623656061
2.907029782052938493563942756737	12.229212354201948187437665183097
9.925994289344989951473507971969	13.757849449924675511169880337548
10.862608484511182993514921690803	19.399323018469154078502469928935
19.420637496954803680182521929964	5.229110892440573366002354305238
9.112647785194170069189567584544	8.400561701886124055249638331588
7.263838575537869601816964859609	4.712431319932798956529040879104
7.759682766728815295209642499685	0.651386470279373241965004126541
14.137843260120517285827190789860	7.528077625652507265385793289170
19.027502108027121607847220730036	19.155870954867882716143867583014
6.417486316460346174039841571357	11.684408943933755509192451427225
10.781959732438680887867121782620	9.658461820670465769467227801215
6.328277712671111387976452533621	3.876637776495301501711310265819
6.367771383158950193603686784627	15.159321959542019442324090050533
8.202044611644675242700941453222	2.580919725422323729446816287236
3.827393346663840567600800568471	2.838497070209291983644561696565
9.843756175045536238599197531585	2.311841271044874801532387209591
9.005162759318450227397079288494	5.598291359134266009789371310035
16.750899889475451942644212977029	15.388921833089895585544581990689
6.568370599231538875528713106178	16.244727394699282285728259012103
8.522467259438810671667852147948	4.736823077942990067867867765017
15.571665029318392470258913817815	18.097845781088075511888746405020
4.545306898349530833058906864608	3.889435123396740578982644365169
9.281195799899984777425743232016	12.467511612811479793094804335851
12.912593382158824795169493881986	18.575923870539767790432961191982
10.007722316634701797966044978239	10.295500549446970239841903094202
4.920720016721285894334414479090	5.643413209342299730053582607070
14.314817179489621068455562635791	8.685712391679162536206604272593
18.486021845794113005467806942761	19.090832571931851902036214596592
9.757813661448304642931361740921	13.347337013627402768634055973962
1.023325972121153171201513032429	14.755736953587568649481909233145
9.336781216473660549581836676225	12.190348669203171283470510388725
2.347937647584778630971413804218	17.853122943636165587122377473861
17.901768147447651102766030817293	9.891132003411442497053940314800
2.768406135244711130383166164393	10.680517487346156357830295746680
7.967049505776312656735171913169	4.513594599826650011209494550712
17.258018406596718818946101237088	16.351237827570148652966963709332
19.323709815140368561969808069989	7.425320391047550927510201290715
3.302287963412841698129795986461	16.889858255703391165525317774154
15.312927255374290780309820547700	5.779542653717541611513297539204
13.832545523585137559052782307845	13.341470380967372477698518196121
15.894350576200038105412204458844	16.838433275048146242625080049038
15.744331799849392794499181036372	16.386682168542975546188245061785
5.965452527251073888692189939320	9.341992818676464693794514460023
2.125717448618610561084096843842	14.918011834071808863200203632005
5.875500334054073015010999370134	14.868093859941176049233035882935
3.222624754912982503185503446730	3.619832392379343843913375167176
10.418721781095694467467183130793	13.441529432404433208603222738020
12.428132427530607984067501092795	9.660115366552117777132480114233
2.738027885775838221604772115825	12.221953163087952987098105950281
13.805555541047707990287563006859	19.534195729477776382054798887111
15.457380650263971233471238519996	6.876043260983401239627710310742
4.308435925311939307391639886191	11.089910631554403153131715953350
18.350998504883172302015736931935	14.995721915396337919901270652190
14.550365794538187458329048240557	4.144865588177644610823335824534
1.317260203769649251626105979085	17.037244318514311203216493595392
16.135261454368425404481968143955	14.320612828466025234774861019105
6.991492443132091061386290675728	17.776895450079145177824102574959
15.553780614172975305109503096901	19.008738995729714815752231515944
10.156463624528822009551731753163	13.708017752071404160574275010731
17.880522631711269099241690128110	14.758609870139730801952282490674
19.812441480137600535726960515603	6.672043720312059278398919559550
11.627541100857444078542357601691	3.738364476405415359749895287678
3.316309274575446330857175780693	3.117170753561341989268385077594
15.516652998127971940789393556770	12.648626483243948115386956487782
11.918155670486653363582263409626	19.065955146539828035656682914123
16.834639661333341109639150090516	13.796800310774070652541922754608
6.051234810991603652041703753639	17.832517993087840579846670152619
15.867820253014233600197258056141	17.019367086028680091658316086978
1.353446507504926898945996072143	12.578031514491481601680789026432
2.288149791751102668513340177014	6.249433527450034553396562841954
15.680813083448363443039852427319	8.222988080011852218831336358562
