75
6.514989901433334118507900711847	13.812567872333886498381616547704
11.198261655912522982703194429632	0.232913670876032430356872282573
9.545433238391268560008029453456	16.988399185329317475634525180794
13.249125599443297929269647283945	8.688632995973016193147486774251
11.509928087642954608327272580937	5.676482867209684535225733270636
10.250580335906791518141289998312	0.865735153018115433098955691094
6.056274976296975864897831343114	8.370792920813409310198949242476
15.595073206504203255917673232034	9.643335930391444321685412432998
2.263574395375611558733908168506	6.729329116059333593113933602581
17.683896535845171626988303614780	7.089232279367561950778053869726
2.205030626099838908515948787681	9.547947760208348455535087850876
8.606552416588936438301971065812	9.816577095561173749160843726713
6.391607684171647818516248662490	14.115425642889499968646305205766
8.837527243115175679122330620885	10.951346533423802043216710444540
18.844350300918144114348251605406	11.618217035415069560144729621243
6.371727245349640078586617164547	5.825832250641084897324617486447
17.798272810229239127011169330217	17.417796487685048845150959095918
9.581999556740198542570396966767	1.300795742467133253583710938983
15.486204609279605293181703018490	18.988868043490729320410537184216
10.983789055468163198270303837489	15.044610593940410225854975578841
11.889388943856120661735076282639	11.927308526257970555661813705228
4.015902517791312575923257099930	6.594135394338518807444415870123
13.981311724032869037159798608627	1.142498999130894477005426779215
8.448248464083825126635929336771	7.829110379994915547285927459598
7.650515591859734954027771891560	9.855305995685700537478624028154
18.855748804233719795320212142542	9.304531776341100623994861962274
8.541727618243585951063323591370	8.193718612583561267115328519139
13.908688970779181204306951258332	13.276272185399836445185428601690
7.612620294374214502397535397904	8.514761083656885887194221140817
11.364125511932867240716404921841	11.430416070821728169448761036620
0.000097060228916756585704206373	18.881485292818648957791083375923
8.857067879214822525568706623744	10.467281736822084070581695414148
13.637759860402256961720013350714	7.912387282951865330460350378416
11.607686855245185952867359446827	1.640304912657503999540153927228
18.515969229716311872380174463615	5.378163206210626157144361059181
18.349494587096515374469163361937	9.039081262952397111121172201820
0.195033693154875287234517600155	2.488430651615810340615553286625
7.628273597488877122430039889878	6.939918199848248647754189732950
7.327974806134504248689154337626	8.143496726908130867172985745128
2.392691629584049017864799679955	13.834709287111021325245019397698
5.136607471809308655963377532316	15.048598629423388217674073530361
6.394403100952866125794571416918	15.347471297769605058647357509471
12.171064786159842441293221781962	9.435488573471943141157680656761
6.093863328529776524078442889731	12.135430092890869602229031443130
2.126181439707393039384442090522	16.434992346776766680704895406961
8.054058872147056291623812285252	7.889647082899869268146630929550
7.531170322890076818111992906779	0.089061151099210755788249116449
15.164774328743835241084525478072	5.137561764981376732919216010487
3.052918984020009940394402292441	9.527001908219311587799893459305
3.318601769980539462068236389314	12.175962740542427553691595676355
11.973515204959902291648177197203	7.291181080634666855644354654942
15.805706179751837225921917706728	12.595057604645226945194735890254
0.348041043884029566157778390334	11.652831463597324912484509695787
13.885228626029377352324445382692	11.745855039371278394355613272637
5.621804245742147543296596268192	18.666597957937938190298154950142
8.493391818450074737256727530621	11.221071696039992104942939477041
10.586097054215487744954771187622	5.659980972401521981396399496589
1.578922605491318131853972772660	12.976364044837541911192602128722
12.913281376415699952531213057227	1.416292901592538511224006470002
19.462045007792323048079197178595	7.376414805428368026696261949837
9.590968271709558123916394833941	11.302987329807452354657471005339
19.242154928793436141631900682114	11.936493987776996661409611988347
13.197499009745731868292750732508	18.509197984050388186005875468254
14.375261486199661931095761246979	13.055465278815125529376928170677
12.620215654607962463273906905670	10.292647483543120756621647160500
3.274073376838911642039420257788	12.118633161413066900990997964982
5.387036128429483206048189458670	5.509927586771608432059110782575
12.089182551282577904316895001102	11.782320731326155538454258930869
8.231330840279200700138062529732	0.099801205816641980206327389169
5.352936890209126552520046971040	9.777599243491794211990963958669
10.476717671587014280021321610548	15.463191520711484727712559106294
15.352039730117766680450586136431	10.272995881515770477676596783567
5.086582137744138698565166123444	17.354957083160048370018557761796
10.389299134862476137186604319140	8.446048417044806910780607722700
9.591700674774747525930251867976	12.290098881227164540064222819638
12.190999690191077320378099102527	5.941757468160715482952127786120
5.361409372038260734427694842452	10.993712159192698507581553712953
3.099017575397167600925740771345	12.371390579287737665481472504325
19.514476195844029149384368793108	15.320474188214388888695793866646
4.008102166123570953004673356190	12.954923407761445020014434703626
2.455447919086378938402503990801	18.430016850054492749677592655644
9.504421645601251356083594146185	7.742240291141445851508251507767
6.517846391094434643775912263663	4.220734706685316695029541733675
15.340176608967146520967617107090	12.100874090194404075759848637972
17.478030605142187425826705293730	8.296480850321900746280334715266
4.644578871438125311499334202381	1.226860162115468888544000947149
14.196490876096570232789417786989	5.742992336828841359874786576256
1.707362602169267606910807444365	8.133533862030400740650293300860
4.349898326326252728790677792858	4.106791423118681727544299064903
5.358018369932334046268351812614	2.517948629372773972079357918119
13.855499219630795337820927670691	13.377402691891118635680868464988
16.186778201340089822224399540573	4.785754272870714309817685716553
8.914454929137800576199879287742	17.639767994231036141172808129340
11.903675892012961057275788334664	9.650062361227764284876684541814
12.935425659134104137137910583988	4.741152437364339000680502067553
9.705553767622323135810802341439	7.887673947151895958995737601072
9.840064926354626706483941234183	2.626944662571150779228901228635
7.914968647770839638155848660972	17.368699209292383756064737099223
3.549143149489179194233656744473	13.132050078879441201706868014298
19.059164006378715328082762425765	9.123651912048764245355414459482
