75
10.543679349329895700293491245247	4.130250039759013169771151297027
2.570919950645088380980496367556	19.684409036898276923466255539097
6.078361664861577473573106544791	13.264241749944954307238731416874
10.836765654535151170989593083505	6.928045816363908926405201782472
8.628285726134683031318672874477	11.592839702174750016183679690585
7.824780789759537391603316791588	8.112825065557611736721810302697
9.491829286976363633243636286352	6.638014243125828883762551413383
7.162360283331616450652745697880	12.685284595333865098609749111347
13.464426508586585740090413310099	2.152653570175706576605989539530
5.638613621571948009147945413133	12.629404584561896740524389315397
12.015941091622254432991212524939	10.791071764503996632811322342604
11.147558222134762218047399073839	11.767265660789210102166180149652
14.986320999658293118272922583856	4.336305847502842425456037744880
2.814350054955907509679491340648	1.222315636777077774155486622476
2.870167538666246631606782102608	3.577299126408857610215363820316
8.432436414532201496285779285245	4.586506824286860961592537933029
1.906152576787573105221440528112	14.586888830252163984368962701410
9.757855969240038618295329797547	5.568006819651644789814781688619
16.280504513965468049718765541911	17.465514004204763409688894171268
8.483332318196634247442489140667	1.238306020398744156096881852136
18.181507901282703443257560138591	6.120200947420746828697701857891
2.819355997366668198367278819205	14.386985731950476363749658048619
2.434511469524918148010783625068	5.636469470885004717786159744719
9.514644847899127455548295984045	13.251414478700855426041016471572
3.589178883622722082691325340420	8.905996109715848874088806041982
2.345158414468474283864907192765	3.436777766617923557390668065636
5.022665431203254371439470560290	16.437245318639362778867507586256
12.767276430932733788381483464036	7.488987638494706722269711463014
7.105978142001811548311707156245	8.896311271772392004208995786030
8.385349708306810256885910348501	2.564232819223838166777795777307
1.966546260789175049055188537750	5.696419788910153769734279194381
12.519026797029804143335240951274	7.964953785448114942369102209341
15.573177573731243228394305333495	9.398752248576256462797573476564
4.810611838231440451352227682946	2.462843983522496227323017592425
11.953617086084408427382186346222	16.480707538515158461223109043203
14.317622566070069112242890696507	3.851117025686664696593197732000
9.242366898751392056965414667502	5.864644765251957991836206929293
1.429505731607239704672451807710	17.698944371583749557430564891547
8.226584354022424605545893427916	2.863028265989215448428240051726
13.291423171165622107992021483369	7.931875723384890441991501575103
12.908657993376849049127486068755	6.021450274636149124773965013446
7.867082230168279011195409111679	12.397863635022977391031417937484
11.060184783255433416115920408629	4.791312271274239087404112069635
16.227043643885764367951196618378	15.460343955048422515119455056265
15.944438882693598102946452854667	19.741852248407287362397255492397
9.127094667827925889014295535162	7.647701622517817376945004070876
1.899662439445672923454822011990	15.414676178320201316296333970968
3.180947201561550752302309774677	9.685777852884303484870542888530
14.523792436178313280947804742027	9.485762535170655596061806136277
0.197367759360875805185742137837	8.467551778719506927473048563115
8.454494006848342735338519560173	8.097208094817954560085127013735
14.096028473578193995763285784051	4.853338933946672817398848565063
14.996255910355731799654677161016	16.878973485499404461052108672448
1.521851297968322969111909515050	6.918845151565198747789509070572
13.779629381721393954762788780499	9.809353551848424501713452627882
12.227966094470643199088044639211	10.255971403210988768250899738632
19.325879780559628073888234212063	14.847233307503978849695158714894
12.127147048521386807351518655196	15.604543432514818235290476877708
6.985022136641103607246350293281	15.019486180402875419304109527729
8.377724588966705354664554761257	9.094781121676570379008808231447
10.031594110825990284752151637804	8.280625605181560544565400050487
2.548291402850781928179912938504	3.219596273401215569265332305804
12.770048443216122535659451386891	2.870892657525203617296938318759
14.473166571651489675787161104381	18.309409784555846556486358167604
13.308556577248635832688705704641	12.324279893308311528699050541036
17.534865304422542209294988424517	8.097227905260897529160502017476
11.708197776006798562775657046586	4.336815031568837852660180942621
14.387782187448605597523965116125	1.223857950235050173759532299300
7.026063403584554833969377796166	14.890856662282548228404266410507
11.823907458445331641883058182430	15.562706064106549774805898778141
6.224689999534759543564632622292	1.094256872440010575076030363562
7.326201087188392691018634650391	1.803411389712102907978419352730
4.711160443500869376975970226340	17.083012660289753625875164289027
17.051432644230931856554889236577	11.402676235166548934785168967210
17.891811061082698586233163950965	3.551043245438912254741126162116
13.093756209255809963565297948662	4.381738424015662047850128146820
2.314824941728980789434899634216	16.033310483543321112165358499624
7.321991668333232894383399980143	14.691062298155022958212612138595
12.853048744351738719160493928939	16.301856385123578263574017910287
7.709567257815837848511364427395	7.102892143115535183994779799832
7.514982549069594952584338898305	6.872935745308695665301002009073
13.712728562252474162619364506099	6.137377046675180913837266416522
11.836160636901567499990051146597	6.264490398739514631643032771535
18.071984633070240278129858779721	15.980138954548671392785763600841
10.404624655567252133891997800674	11.604206364179782795531536976341
5.857715060251268646140943019418	16.718773046057552988941097282805
7.029977292564965729582127096364	1.245778746104612588752047486196
1.347499642822328702607137529412	17.160777079326180682983249425888
12.987756385609017684146238025278	12.929432993268381579810011317022
14.360376064213756563958668266423	9.363756097348867157847962516826
2.123993926468694226628031174187	19.709544894746599652535223867744
7.085936888839978742282710300060	6.364132684824021168878971366212
6.899491932391778270527993299766	10.763931958816812084478442557156
6.243200670892324666283457190730	5.629726603578323107512915157713
15.391373958340675898170957225375	19.366379780025503976048639742658
12.292889628500077492390119004995	13.774466088851626821565332647879
2.572742731610908606398879783228	14.337492405708298193189875746612
9.211736526332307661846243718173	8.841306103969623464422511460725
12.912412875788504607044160366058	16.442302910421734196688703377731
16.938773423460851574873231584206	6.390076780930500355282219970832
