75
4.846137929511569630847134249052	16.438004510932508139831043081358
2.539195727537145508279081695946	6.182158079467046540855790226487
10.251414390739128634777443949133	7.359860079741507021822144452017
12.755253925021532879213737032842	0.891976383434045283493674105557
4.846056252528575747362538095331	1.556560071614623508295949250169
8.490935631687198892336709832307	6.832636906596749604148044454632
12.890654408751947457290043530520	0.856425304039617918405724594777
18.567054635321639466383203398436	11.331513999713489937448684941046
17.966245983762718196885543875396	15.427406976400636295920776319690
15.037230625251330806690930330660	10.441842377888995940793392946944
8.909221033977649639723495056387	11.964047641246352782218309585005
2.193038966655929122850920975907	2.791179211039334084887286735466
2.133353452984025011573976371437	2.992192992760826175668853466050
11.659862355157994073806548840366	8.732219186457378157228959025815
13.033331828843115474114711105358	16.136083617490957209383850567974
14.729691391242697662278260395397	15.245712200750032749851925473195
16.077209402926690984259039396420	0.337865379864471515602986073645
13.971859714398801699530849873554	7.825239617419553539434673439246
9.136575520280276307971689675469	17.335091582592941250595686142333
8.282196970331199281645240262151	12.232718428880568595218392147217
6.532273861693148830909194657579	10.529356159325594433084916090593
2.649787008902251717046283374657	16.012494133124114625843503745273
11.856763808646123337098288175184	11.749793744043913079622143413872
12.219184149569711550498141150456	17.656435918218971181659071589820
4.841658713066777863787137903273	12.312273010039488596589762892108
9.861401358055996269058596226387	3.310024851940019274820770078804
12.615083754193767262563596887048	9.103817354711488007978914538398
15.258240682842291846554871881381	7.550117728926275972867188102100
5.289778157843982420160955371102	11.802955285160662057819536130410
11.977555716768032212371508649085	17.140376556784381989473331486806
2.903556173077019408879095863085	15.940655316781816353000067465473
12.657074948306128447939045145176	3.958255729423926450039061819552
13.165229695694272038508643163368	10.150084411441522291852379566990
2.404104841479583143382114940323	18.967109086854829769208663492464
14.077255226300891877144749742001	3.440681763001096626908292819280
12.394662858464103649680509988684	12.792426187446462648722445010208
9.191011638141779016564214543905	15.477035390584187979357011499815
8.588251390204611368517362279817	9.684152980029422153052109933924
3.531626476319309926310552327777	15.597890296811016241917968727648
0.925405933603411057220000657253	5.160636021702523557053154945606
14.793973566241961137279758986551	5.412112669536140785453426360618
0.219488502860645251502091923612	0.803810109057067956328523905540
6.633915551463563708978199429112	10.649594291848966776115048560314
14.174723366499557997144620458130	7.757177474646148596093553351238
18.307044835045360287040239199996	2.840052394517183831368356550229
18.349150575634983084682971821167	17.453450917490759053407600731589
5.141254683807586545185586146545	3.081281024356984143963700262248
15.301183858058115205835747474339	10.963280623835302662882895674556
2.400534094685874642038925230736	12.282599269608560632605076534674
14.966971340275984303502809780184	14.090075426779916867303654726129
1.092481156929391739041079745220	15.370887299409616844059200957417
7.177288436925141290601004584460	7.135408939744809941885250736959
10.736240817512040734982292633504	10.675541148611783270894193265121
1.977907221034424845029775497096	15.354081315262696705303824273869
13.293739736083173497149800823536	10.118500763216465188065740221646
12.365058383566971400568945682608	1.301616738281413887534654350020
0.781149668956834686284196322958	19.712246295175056332027452299371
4.332384774638018853920584660955	18.235989326098444252011177013628
7.284254658270669757769155694405	5.985838911955556618238460941939
12.589619600987179026674311899114	15.017489300358141335323125531431
17.194461764432109163180939503945	6.290619674757351731386734172702
3.510004256108061326813185587525	6.427721809119433693524570117006
6.464257549345351350211785756983	6.427679437992043887106774491258
18.399804392822318277467275038362	19.655946007773366090987110510468
12.701512041020793120082998939324	15.260528910995954987583900219761
18.471337946134045893131769844331	11.540159561824316014622127113398
9.175866653287545915418377262540	2.544052895150562321191500814166
8.854555362542237517686771752778	4.796383849526356435433172009652
17.412813018117265784212577273138	14.405398116422826859661654452793
11.113469968252534414432375342585	15.319975762999169077716032916214
15.256772508332071325298784358893	19.385711636585959638523490866646
16.587568241126771084736901684664	16.782688759017229784831215511076
3.090542804196036552610848957556	5.958331641938873879382754239487
8.925327368741122313622327055782	13.281402513370732521025274763815
14.744613315781439411011888296343	19.412676844381216767487785546109
14.094425592688693882337247487158	3.435054196437961060439647553721
12.756924066772940662417568091769	9.172564998603778718688772642054
11.511517094325629528839272097684	15.904275287297478413961471233051
7.625725773659090656053649581736	4.141932941612594731850549578667
10.011008372833186896855295344722	15.525544129161570339192621759139
15.732039240884127195840846979991	4.356421811827803303174277971266
8.204256745840551090509507048409	13.178351467158039511673450761009
13.372289633704435019012635166291	7.062808084020182342044336110121
9.676325125534475546373869292438	6.854311686744890330658108723583
13.510831741766740066168495104648	13.810236146593224404455213516485
13.127143350406887734038718917873	4.303819873267446638465116848238
16.818837023082483739244707976468	6.842862426669150011093734065071
1.728595027662042760141503094928	11.869430665866259388963044330012
9.775646631973875955168296059128	17.151933846731274968533398350701
3.301370999277851936426486645360	4.852678690742575184913221164607
10.358441529196284136560279875994	10.708691556022571944595256354660
19.697067601166068584461754653603	8.436590563528461927944590570405
8.000677377654831445852323668078	1.982466825736144633296476058604
14.766266708899943083110883890186	13.058279809480209721073151740711
7.511652349861730471047849277966	15.128952078959930105384046328254
14.218664116053037815845527802594	17.544088053565289442303765099496
0.701998325779106258082151725830	12.214317646642014025815115019213
6.769463098621745444916086853482	1.073838185353257035359320070711
17.939611465816494018099547247402	0.324919001245222549556501689949
11.079047172486720995721043436788	9.096278139383855432242853567004
