75
0.757601370660651474153723938798	11.250833303137618202072189887986
17.466733356816607880546143860556	8.574614059005721600215110811405
8.862588619829075753386860014871	18.792467802697927936605992726982
16.929395717593951786739125964232	3.758592623715391489724879647838
14.892516352059219642001153260935	7.744143500567409965640308655566
16.828945884300928526045026956126	17.533753796024779347817457164638
19.068774618978050483519837143831	8.957848848626198901001771446317
0.678630683061516082332786936604	9.509015279980141954752070887480
1.646354268167368628539293240465	3.232502214072695334579066184233
10.019666815623436306736948608886	14.255339626331954505644716846291
12.781609008699618357240979094058	14.100479655772724996154465770815
10.493008104196020369158759422135	10.794438438227684784465054690372
16.950516903720203032435165368952	3.162174683375327255419051653007
18.158454281961819987145645427518	5.884477023281672991572577302577
1.546018263870990061548127414426	16.878677180450086581231516902335
5.376048869886501435644277080428	14.427882130392649884242928237654
10.265476251616762581875264004339	6.550475904473938904004626238020
3.035323961553570537574842091999	3.930141455255443005967208591755
5.642624264720216054058710142272	12.650934079310417246233555488288
13.468099041917996672168555960525	5.254268107455276393125132017303
14.124491446713218323338878690265	5.504899729603733860017200640868
2.952815388746858005220019549597	7.396817795075130597126644715900
6.021116126194977269392438756768	9.200236419587829672650514112320
7.206789565827297572297993610846	15.691147922939425285449033253826
18.897593758764529070504067931324	6.530667961299415402720569545636
9.654907645111851621777532272972	13.618522478742400849682780972216
12.797725498456914650091675866861	3.339378885679465280844624430756
13.254382193876605100513188517652	8.178885990135148276181098481175
16.971543699747897449014999438077	6.218725855834128068977406655904
4.026318517004147778948208724614	14.707819068131048112491043866612
9.341048505760442210998917289544	12.293781082431550544242782052606
19.168965282674271577434410573915	12.365368707232844869281507271808
13.327427381574510789619125716854	17.302611768162229566314636031166
0.226167671879725640238234518620	7.084990001278606897017198207323
12.539312126539329028673819266260	6.062145502916736816700904455502
17.998489729342189491489989450201	4.164242889128014546429312758846
10.782365246905213140848900366109	9.721521913593020869370775471907
11.576640865907332766937543055974	5.615336407990040079596383293392
6.396940207541202738639185554348	8.255668768611601038287517440040
2.455108240562175137000622271444	7.287919349827610915326658869162
9.839141568735644938215045840479	17.771982032455973410378646804020
13.378441898136063770152759389021	6.339660678208407951217395748245
5.497617198375976954594079870731	7.839778914694661260398333979538
18.903831446931292248336831107736	7.292580118599808258750272216275
0.593673844931740690711308161553	15.465690153720386135205444588792
2.065809348625537555932396571734	17.985526213331578304632785147987
17.555726676167356714586276211776	11.151846100482016410637697845232
1.374971535078274742502912886266	11.019481179488188615778199164197
15.622844388535661153127875877544	10.417466195981770482603678829037
8.549076569666310021489152859431	3.496268363281972213485460088123
1.354200576643008524513334123185	12.742508567124600560305225371849
7.781970723626868036149062390905	8.897724036836402561334580241237
9.994573650084841887064612819813	13.188969709711395594808891473804
0.966512076210572779189078573836	9.642603697875104629133602429647
10.357154306765847806559577293228	7.614269994064345681294980749954
5.994211339393981319290105602704	0.919259775039451554334846150596
19.916273430381192355298480833881	10.655363146269397844889681437053
9.102301787498776164397895627189	11.632215517623883727083011763170
15.156821208729720495966830640100	13.413860174594544716342170431744
11.917146262958134173004509648308	4.184264809853453392918254394317
15.181001543256753549826498783659	11.227111189484189068821251566987
0.125053049623456757899475633167	16.461627931395323543029007851146
9.347373585354462832697208796162	12.710334410710988350956540671177
0.879657381630333912170272014919	6.182768236432039543615246657282
8.648439379322468312238925136626	14.835933839808204126597956928890
10.648493501594222365724817791488	6.019153437278154328282653295901
0.675657040307761302955213977839	8.248778661915855181518963945564
4.976451735793079755865164770512	19.895907262004211446537738083862
8.050834731913528941049662535079	10.278398691735633363464330614079
15.839677057478645849641907261685	4.113550792301087888347410626011
12.180917004533741376803845923860	6.415485862057443533501555066323
12.386822871443449400885583600029	9.352476952281527644572634017095
6.382110862896254843690257985145	8.205253142295852342158468673006
9.842360698911635452645896293689	13.725661343860577900954922370147
11.161965721741228918517663259991	8.367363664472840412145160371438
3.688615439791116834555850800825	9.525475866721226481104167760350
1.244149296733491283362127433065	4.871685638358705716655094875023
9.197969673713441096651877160184	7.219300910349438993307558121160
3.302096601919194629459752832190	11.429426710780106191123195458204
7.486072951702876565605038194917	9.488938344426411930498943547718
17.988030439365417123553925193846	8.609173973310628724675552803092
18.372986700088532074914837721735	14.805095453779806291549903107807
16.452505113640846445832721656188	10.361677859487739894461810763460
5.892290168393223837028926936910	13.571793794204827676708191575017
14.542301653615497869509454176296	17.660143212593535366750074899755
2.126731696352664791049846826354	11.257315300715418970867176540196
9.260352251222688124698834144510	19.598070864910312138817971572280
4.233020405299037669522022042656	12.635274619444174959426163695753
11.694772625827436485224097850733	14.008991000785973923825622478034
17.467297115333114021495930501260	16.803271837100499652706275810488
7.549571673709458252687909407541	7.310020673732400275923737353878
5.729129231191607551920697005698	6.919618033912589893930089601781
6.405607058969910561074811994331	1.580815085594196700569114000245
14.106319350805978984908506390639	11.167555502895105234983930131420
8.301869908940355813342648616526	1.423476490930718707517144139274
12.195430730903533245168546272907	6.304589964704057969413497630740
7.082051863782620415577184758149	4.110567044562515981453998392681
19.416288702064257165602612076327	15.653386305395375899252030649222
10.247100191403289315417168836575	10.717279528228628393549115571659
5.254001858896456766956362116616	6.237341535909933121217818552395
