75
15.700507721177739739459866541438	2.998975132174912516802578466013
12.568289273607092582096811383963	11.543667861928041062924421567004
8.044941483286553562948029139079	8.307088298933340553276138962246
6.389630034483031906233918562066	18.513597508492971144278271822259
0.566627869853711274572560796514	11.987848439827105906374526966829
14.914116129288334633429258246906	3.275610860383452838107132265577
3.054397425411973898690121131949	13.801325295598127596008453110699
2.500557697246396315904348739423	6.649333708353013960845601104666
6.121185861753925649964003241621	5.377495951453919786899859900586
12.599266081817548368348980147857	7.191014539630666391190061403904
12.927684529617286202096693159547	18.014237363047293172257923288271
4.384690649626064029575900349300	16.609337973381503417158455704339
17.437473474706905562925385311246	8.889476749541897149242686282378
8.819794849646292789202561834827	9.675254773976300626259217096958
7.074534410916393234458610095317	9.417527029327310117423621704802
18.608284569963380761237203842029	2.654790332504941119395880377851
6.354205224277970742718935071025	8.773315634455695288806964526884
2.771087002332676796356736304006	16.814164106325591774293570779264
19.531358835091289449792384402826	6.891588254436133098579375655390
15.672449756410912868886953219771	6.140855034955732705270747828763
13.957532197821841180029878159985	8.644556832085076081284569227137
6.285544046916111682321570697241	15.399185448810722931511918432079
14.516139392875199831678401096724	2.300432398216753604458517656894
16.217465121924092841254605446011	12.452314450885168639615585561842
5.252435868055490786332484276500	5.148629942928018898840036854381
4.315946919660202496515921666287	13.835714409830282889402042201255
12.606228374315147533479830599390	6.878175045125866304829287400935
5.231463948933975594002276920946	11.620623851006092408510994573589
14.132558035193159895470671472140	18.010795431929739862653150339611
15.368696677163246278041697223671	5.259876165571020223410414473619
8.434161691452661813173108384944	13.811113550285199380596168339252
11.431000313544315005742646462750	12.638041493992234975962674070615
14.940367741388659084122991771437	12.355168528160415775118963210844
6.164535665982924683703458867967	15.650718148189948664139592438005
13.950331877374058109353427425958	10.055613682233838446222762286197
9.797627715497727152182960708160	5.987082161517806255801588122267
7.155451908950420936150749184890	4.995434863873959407953861955320
11.988604617005474750612847856246	13.851206826228319002325406472664
18.827275064306419949389237444848	5.907575745515586618239467497915
11.284780917831330526723832008429	9.964087658796612956280114303809
12.180729418675143804762228683103	14.406921002115105068241973640397
15.315538904321439162004026002251	3.484582336297824767257225175854
0.608151634219046499651994963642	8.226807826717825733453537395690
19.220521175640719491184427170083	6.451116756977441468734468799084
9.173614210585220973825926193967	12.882469663768096879152835754212
11.494190169416928171131075941958	17.343718274191186168309286586009
10.558688151379145736541431688238	11.597669907184991799908857501578
4.018377746811454542807950929273	7.244231583339301394630638242234
2.225780982340026525889697950333	8.939310529038136721169394149911
8.421414754675414116036336054094	3.120611039455561730449062451953
18.347121549294620024284085957333	1.504621687460534928959532408044
5.631914170273660147358896210790	2.427352990349992190033390215831
12.341569396155172455564752453938	9.915331930821237094164644076955
1.138075401600868730156435049139	13.079481687864687344813319214154
14.323329680461121427015314111486	12.875142095893622240510012488812
3.980628403358100975140132504748	8.376114014705311916486607515253
12.918854333143773516212604590692	14.560615695305887840049763326533
12.961067062597479093710717279464	5.648858012763790625854198879097
0.294550541101063600990528357215	1.800946288220927726797526702285
5.061834344450955924799018248450	10.233324982581070372589238104410
8.728849071420777150365211127792	7.125462740907054559613698074827
11.775309335258178577987564494833	12.739678688759054736578946176451
19.101876834504022184546556673013	4.089494830497742761110657738755
12.300090430993499523992795730010	12.990850268831348302001060801558
16.263643675349808148666852503084	2.479481730939845363081985851750
9.382321237284568127279271720909	7.873514484894271525661224586656
16.662534660895065741215148591436	10.211805771437617806896014371887
8.958250175091325928633523290046	10.983828514818220867255149642006
12.902873265363457022658622008748	7.746799048844419388615278876387
13.323059122541636156711319927126	13.962387336592595232787061831914
15.603778245979897931761115614790	11.450859950476122151030722307041
10.620060199351829766101218410768	11.657929947532139181021193508059
1.008415773255638470118356053717	18.023206023803602704447257565334
13.114766290134246773391168972012	5.952378757454678925853386317613
6.997740376064847112047573318705	4.558683720454157040080644947011
12.249845635659287523822058574297	3.199701649664908664760787360137
7.343579051648813305064322776161	15.705053156095306832185087841935
8.446004618844089151252774172463	11.630974698945070855415906407870
1.057604952271892884141379909124	15.865166365328715158966588205658
12.733920322030201077723177149892	6.758587199202684914212113653775
15.905338381457553964537510182709	8.852992604405768517494834668469
1.440967312209235018372055492364	18.723131689070836358723681769334
7.974705188595645921623145113699	16.764583049435408668159652734175
2.900980747445872864886950992513	9.658120022877637822489305108320
6.295191267026442716314704739489	12.922974793154546446771746559534
4.845652995100718563037389685633	9.163369699680146140963188372552
8.749915172513214045579843514133	2.404283129025100329556607903214
8.625976330653500667722255457193	9.253137657866927767713605135214
10.521011821659751461766063584946	6.482498785585683265253464924172
10.029244238261597388373047579080	10.944476409585764287157871876843
13.364658896194306691995734581724	9.121890866265639274956811277661
17.607666873957040110099114826880	19.967223149855996666701685171574
5.144496882081980082546124322107	2.812701401844977411315085191745
8.813280003030410370001845876686	16.774108861928670677343689021654
2.116546634677400007262804138009	1.343063321662146591961572994478
11.488979374866692850787330826279	1.910472849785902482722121931147
2.989073062339984154789362946758	11.208553270120491518468952563126
0.064206567484017540436980198137	0.996781644649063380825282365549
1.308675879981617384828496142291	4.373829969607610834714250813704
8.528998862111345502512449456844	0.966981425609784395192036754452
12.581107564425028755294988513924	1.949726826710488580829405691475
7.689803339957423489181564946193	5.282685655236619481911475304514
16.185840780729776611224224325269	14.473788714194274263036277261563
4.254186950058722160861179872882	11.296587388964281828407365537714
8.261528032242964059150835964829	2.211087047415387196735991892638
18.444149999980680831868085078895	16.643394906839180436008973629214
12.288886716248933694828338047955	16.302321691292021910157927777618
16.878344992918702160977773019113	13.113296101002102744814692414366
12.488894235265496135411922296043	15.118894530461336245252823573537
4.190224548934150305967705207877	14.507228691058696057325505535118
1.084090424534110752574633806944	10.388402235526367434204075834714
8.273464465493336916779298917390	11.691695542787314820998290088028
15.074430430216324339198763482273	14.646218801656093688734472380020
19.812722688635261647505103610456	8.408540546513807001360873982776
10.757166027015298226388040347956	9.713594816635989559472363907844
5.323587480839421459677396342158	0.782455804667890220116532873362
16.943998380752695709361432818696	16.843901768207544478173076640815
0.508507073716849333777645369992	9.555908764878729755309905158356
13.062145282252217270979599561542	12.270914041679063188894360791892
4.647600421182864316449467878556	1.203675673130172540936655423138
15.964941582305888445603159198072	19.307470379881799260601837886497
9.264038181588885478845440957230	8.960678613296538586041606322397
9.798195735724950949929734633770	11.670732654541287942606686556246
9.801708872208035216999633121304	9.725782168406700733953584858682
11.265710206080832733732677297667	14.869841069998830818121859920211
10.956451340967843677276505331974	14.090958561843379470701620448381
10.990932067268474270349543076009	11.871105659332487292090263508726
14.861262480822297504801099421456	4.706156854844377512847586331191
4.205767718953851819208011875162	3.710206581439813966483143303776
12.464901654746650905281057930551	9.821425783887232086044605239294
13.082337230491217994199359964114	11.165024388342086325565105653368
10.728338793550520335884357336909	4.429818328961390605513770424295
3.439945596270828076512771076523	14.436147153277300247964376467280
13.173762544735335922041485900991	4.247568386601288992210356809665
1.296008388581055825738985731732	15.479244914693325085863762069494
16.781197691325303367193555459380	14.064713262924867009928675543051
4.429649974389789690576435532421	3.946169814835907452277297124965
2.619543088509299622046455624513	5.286967415433557526682761817938
5.144185725758364746695860958425	8.102209421252997145757035468705
18.925778149038414710503275273368	11.735329301679465530128254613373
7.130374673523528272767180169467	7.294083037933254409779237903422
5.594303888562546234197725425474	10.781614593503494603510262095369
6.326437425498427025161163328448	12.352204040597435152903926791623
11.992172382307352052066562464461	13.064228112141508475474438455421
15.788519444881384146128766587935	7.662789549835665070531831588596
10.735455521764256658912017883267	6.355771150192413010415748431114
2.959054532412949356512399390340	17.013866521688772337483896990307
16.945247423545431786351400660351	8.586256758266477717711495643016
4.149730854617521558225234912243	13.275064556086979550286741869058
14.036529017679150399544596439227	3.709661121341981449006652837852
0.873161369968347145231746253558	5.510242235644146724382608226733
9.626244090888260274141430272721	4.753103549539733130302465724526
8.505460188193845638693346700165	11.308763826449409251040378876496
6.977549419481727355218936281744	10.157487020796898136154595704284
1.627524904365348135115709737875	17.563858035713696637003522482701
14.871358453497879992255548131652	10.660900010107475566201173933223
1.776106333644882795397279551253	15.331918999923992430467478698120
8.620105838934986053345710388385	18.649412678117542441214027348906
9.629778052051108261366607621312	14.721624315096297763716393092182
5.047443244143706486681821843376	10.970646308691366144216772227082
18.192750647770669303326940280385	5.440968664418645239777561073424
15.598084099561994264604436466470	4.000123888573941854929216788150
6.156580146122144547859988961136	18.763308576501984248352528084069
8.858484583172275605988943425473	19.403895040475816813341225497425
8.472037600797779788308616844006	5.088593412788313230521453078836
9.561225386645148205388977658004	6.882963957079677896899738698266
11.803038394594050686237096670084	8.732499400783400034242731635459
13.177177534439342920791204960551	8.239873362953712643275139271282
19.811881814099432830289515550248	17.945263042828671018469322007149
7.753731712309722468035033671185	11.211971381245977141816183575429
6.158553111960729076201914722333	11.334873655764116762156845652498
16.831734772412445977352035697550	9.112528254142965522532904287800
3.387487271022316726032386213774	13.322785450655704408973178942688
8.049432683195821169874761835672	13.911919052157966092408969416283
5.985861389872178861537577176932	13.660541874723902466826075396966
13.220371470695495119684892415535	9.867488772401090457719874393661
16.122534625348087899965321412310	13.559000060661293929342718911357
18.684980270528633639059989945963	7.898285013425797806974060222274
6.671275842196378036419446289074	14.010111255732763169135068892501
13.018437324477400096611745539121	17.096332367745404212655557785183
1.621801781962423305571974196937	14.505329413228320589723807643168
11.314435218366883262319788627792	5.170699011835450775720346427988
0.537897327860425988887982384767	14.845622526392173057274703751318
8.400705019345165780464412819128	16.692187175671843846203046268784
14.096690847728696738272446964402	19.211042557488134718823857838288
17.722892168175611971037142211571	0.620549356587398293072510568891
7.420192673732319832424764172174	4.767168292934663043070031562820
1.652316894971580296669344534166	15.596514030914811144157283706591
3.620765497925629183839646429988	8.586169279969089629389600304421
15.620030890728727968053135555238	14.381490541247465841934172203764
5.447732830960505978623586997855	5.114361099715322822589769202750
17.214210921029973633267218247056	15.640337454115194049109049956314
6.764296794637152387963396904524	2.149607785042030094757592451060
16.213909490166297899804703774862	7.645739723170826174225567228859
15.791196438353885866945347515866	8.983430514954260814874942298047
4.461275710803476179933113598963	5.511967683220116320796932996018
9.906550594957360900139065051917	13.920372976041903712030034512281
12.329322906640156176649725239258	5.930574405358289169498675619252
18.322243634636983244945440674201	12.367194274899285133528792357538
12.922636546019720782396689173765	13.356663065345145469109411351383
9.975715443866867815359000815079	14.701409230426495611254722462036
11.070172196565122746392262342852	19.205669008353083881956990808249
2.199143013619143438575065374607	3.296472557989623908270004903898
6.446192685835971047936254763044	7.783387206607659258850162586896
14.732120123416118318004919274244	0.104379937406189782223009387963
4.726755496691191993363645451609	6.123412515701797786960014491342
3.969560941895754702102294686483	18.606915813873570186842698603868
0.615532642208771463288030645344	10.704371003260600758721921010874
13.492395654375322067153319949284	5.348813162758728090295790025266
8.559447041260103361537403543480	4.758619893673762923924641654594
10.110987349753248309980335761793	10.099059646419297209263277181890
18.677410156077755232217896264046	14.823564459432571283059587585740
17.577749167179302247632222133689	4.274517485319762499784701503813
10.483919050298737829507444985211	13.018435104912136068833206081763
8.360316696548620640783155977260	6.102183892048501867577670054743
14.730875586964803147793645621277	7.137522700209550485794807173079
12.053628862430162627106255968101	16.359212883587989750822089263238
8.196590348392660985155089292675	5.289094312254697172193118603900
6.853325816066901055023663502652	5.796295598539023430362249200698
4.366601486736917614450703695184	5.362442755612731204450938093942
5.821554196039206985346936562564	15.742822251180706771833683887962
7.267270748335254992866794054862	12.338576206231838483518004068173
0.274691565656645764192944625393	9.366577455829984799606791057158
7.427212650528783655090592219494	3.649211785103661398466101672966
11.797969340591741627122246427462	7.700439363238096746044902829453
8.964517504708226169896079227328	5.541917478734816882024460937828
18.721923177424557138692762237042	7.962523745278394571300850657281
18.428517124165871621244150446728	1.694265824759403571420079970267
9.784439943200831990566257445607	3.298637295730849849917376559461
8.409975029537896773490501800552	14.422542444538652972596537438221
6.142355422770126693876591161825	14.227284668174892345859916531481
8.403869188466389417158097785432	2.018880222994556383753206318943
12.107194390256099225666730490047	17.454535777183277645008274703287
7.509304547649930938746365427505	1.923343653108860351608200289775
8.127328890659320848044444574043	14.920337731242341305915033444762
5.094071649523181477547950635199	2.371560489896180179414386657299
9.113126058333920198606392659713	8.248155958660339237553671409842
19.699768044764141450286842882633	11.056208523143691735413085552864
8.880174586217780330343884998001	17.190212559540405834468401735649
14.641352318525878928312522475608	9.994068694571522470937452453654
14.275298006306719855729170376435	6.823455312301783592943138501141
4.086083334647676146289541065926	3.110991189021607539189062663354
9.540810406639353757896060415078	15.774576236355176916958953370340
5.883386190444234387086908100173	15.887061514418853391816810471937
14.570742224638394191060797311366	8.674689298719073349275276996195
12.572734094254306214111238659825	11.686021117580015271641968865879
3.300494698913336577561494777910	15.819024804227341363116465799976
16.221987420434913929057074710727	1.388895485911293192771154281218
10.727558119034069861186253547203	18.348181504122432983194812550209
13.100030464771940330592769896612	0.023879458253341923068546748254
