75
13.186976549505592615219029539730	15.319330331693096880485427391250
0.303141059644870480838108051103	12.033195678507942361079585680272
8.005869420582234496919227240141	14.777330866456539482101106841583
7.449125162467405303345913125668	10.945001610099682309851232275832
7.402042744316059241782568278722	0.706418546838653682584663329180
13.468956101774605116361271939240	18.955158078647343700140481814742
10.685304519200716555360486381687	1.599151698942202770581388904247
6.538174338235425153698088251986	0.298897297342060497271631902549
17.493697927689645155169273493811	7.903590892844464477207111485768
8.520884685990550266865284356754	14.118374662947058340023431810550
11.711568678741834048651071498170	12.707368312290755696380983863492
9.902273767721876396308289258741	14.156520401526547559001301124226
12.899880259693004447285602509510	18.140712752481668701420858269557
19.265993013989167081945197423920	5.241991060138699864978661935311
17.818903391639313582572867744602	9.545428829086398891945464129094
9.153839797439877301599153724965	11.337638565931360545846473542042
9.807551856498431419595362967812	7.168008246603724487044928537216
17.518310450632821329008947941475	5.916573018526431582131408504210
7.385828625719552675832346722018	15.820346251035564577591685520019
18.087238735433786018802493344992	3.384926437238404695051485759905
11.753729605310185846178683277685	9.093888571482713345517367997672
10.256329223741952105797281546984	17.534559174235653244977584108710
13.318520774676683160464563115966	12.662590363839431262249490828253
9.616331728673841894305951427668	4.312247808664207759932196495356
17.103585756922033311866471194662	9.684035277955805653959941992071
15.451776532937351760210731299594	8.745682574863275604570844734553
19.891572017513812653533022967167	14.894188163423253357109388161916
2.292494611629313894241022353526	2.046050818452358477372854395071
9.887691705241167028361815027893	11.460806480878838797821117623243
14.376471160442971353177199489437	16.804437673336938274815111071803
16.913386648596674177724707988091	0.765356615420133223892662499566
6.056596291038562007713608181803	10.581455712470905439204216236249
2.705813712272580495721285842592	7.451924553434452924705055920640
12.113860539581775555006970535032	8.362103249824997419636929407716
9.170487526934383737398093217053	10.280638247603988588707579765469
8.664064332897059017568608396687	18.442877508682766318770518410020
7.526398506586731151912772475043	18.666646994942848181153749465011
1.848248768906831429603698779829	18.040989554847655540470441337675
3.142512433544243144467600359349	8.470592424915102114368892216589
14.210684214646207124133070465177	10.103234268210469437576648488175
11.389677786120346425491334230173	15.948677475104208411949002766050
0.230380501453293362601471017115	5.546142518712819047266293637222
6.422988118527834799920128716622	7.927589003796930100520512496587
14.917870163054262278023998078424	19.262078029650169241904222872108
8.684370288608990406942211848218	0.652040386755212253433455771301
3.830073275010326128153792524245	3.647049472382273727077972580446
13.953697812533260247391808661632	10.993444227917962052742950618267
12.090228373885356205619245884009	5.091501386503373360881141707068
11.275869052896396738105977419764	10.586773964405075787453824887052
3.937294681911954086217519943602	8.842499746489957956896432733629
14.423589116881093019628679030575	9.065129340773012245335849002004
11.623643531796684413848197436891	12.873071903303843654953197983559
14.277707801665304288007973809727	11.838039203287006984055551583879
18.223045680986938776868555578403	12.508886571914450414055863802787
19.680334630224990632996195927262	13.011276657266861889183928724378
3.413373631472015112819917703746	11.353717111152924701400479534641
18.612698008302356100784891168587	16.326811815009772743678695405833
11.888873557599358932179711700883	16.684429007748413198441994609311
8.702029633365990335391870758031	13.548292995958288287283721729182
5.391104800661395302086020819843	1.750252198786036217370565282181
4.488143203415757120922080503078	8.390544187744964688135951291770
4.468309497753624626170676492620	0.221305174017043526646375539713
10.388906566204866521729854866862	6.396457966364733849218282557558
12.907901239595908293722459347919	17.084204583404030586279986891896
1.561069095578000442969823780004	9.289311057078863953506697725970
7.998096836030583745014155283570	13.115606356558377143528559827246
1.974364029032001255359318747651	11.635158613142152717045973986387
1.788370916268092969403369352221	2.774647309038357434474164620042
9.389101857369222869920122320764	3.224784695129756073583848774433
9.324880567263615915862828842364	5.909660090217911943000217434019
2.960239210107829421758651733398	16.592489051155169477169692981988
10.476746396164749342005961807445	1.800911600207593110667403379921
11.639365927503275699450568936300	14.324173637446270035411544085946
13.894374122055939579922778648324	12.138288150694144462704571196809
12.902817043873110236518186866306	18.934290484006936594596481882036
4.674362903418069592476058460306	9.346911048807287514250674576033
5.965625536935989181586137419799	15.615359425057798503644335141871
12.078549948002445191264087043237	1.043519869309047720662420033477
10.825727075900562823562722769566	3.606705179436384689495298516704
18.022832161450800469992827856913	14.935010978057940533858527487610
16.861904852104458996109315194190	12.539159645068586712568503571674
5.538796066903953096982604620280	5.247878789770077823106930736685
12.037261443178481457039197266567	5.702037257990610008562271104893
10.841682097705838572210268466733	3.491152221780528641659202548908
10.712570643530819225475170242134	2.394716326118315308235651173163
0.372214183148825483726795937400	12.083692558696721874866852886043
8.773545227732759244076987670269	12.015236915455691502074841991998
19.360975381438308318138297181576	16.587034885872895983993657864630
18.755220275092128190408402588218	17.078470327505812065282952971756
8.008650959080926057254146144260	8.507321871933690715650300262496
10.322329867841492756497245864011	17.163609704509845244047028245404
10.216698522207121158089648815803	3.465958902120132911761629657121
0.587053613824226161455044348259	12.371574963238165523193856643047
10.225366409373721765518894244451	16.516782648270403655033078393899
1.610723863879766071249832748435	11.522029864189484271719265962020
13.439075489388548234614972898271	16.443600117573815566629491513595
7.693977511358076171177344804164	9.388068326293682375194293854292
17.928779732721469741818509646691	16.542395067513261608382890699431
19.187027887182438234958681277931	10.705334359100245222862213267945
1.667279289841754774670334882103	8.907804653446929066262782725971
13.763486330537631374681950546801	9.150058263292526916643510048743
0.742800588847574161377451673616	8.981330785930575544284693023656
1.417707075300420171970472438261	9.761103366879629206209756375756
7.852421689053780795575221418403	11.503299218972177442310567130335
19.564611165594982367110787890851	7.866331257584180391972950019408
12.250194571918649799613376671914	4.811819638754841754746394144604
0.059588777992845010089695279021	10.213324448311190906224510399625
12.257256861003360981499099580105	16.134384666769399530039663659409
11.953481100017144811431535345037	16.504623599766528485588423791341
3.578464371942563282402716140496	14.095752756933322302757005672902
4.223808146859541423623340961058	5.957467418953688031990623130696
0.203045840179525427515727642458	5.654388016061324684358169179177
3.953908740874443772383983741747	7.924041740510834763711045525270
14.657947169086479988209248404019	0.472430247696845384552943869494
17.400391833283350706551573239267	10.697466434842208826694331946783
3.504291440666065682307817041874	0.694065532867458756527412333526
16.694969765192510635642975103110	19.000186672750452032687462633476
8.537751972741403960753814317286	14.089508167440293107119941851124
16.340996638351555247936630621552	18.433273175896829343400895595551
18.866996250329073347984376596287	7.199157230085148739817668683827
9.548901749431486507546651409939	15.213285224403094275658077094704
13.599495462183478267093050817493	9.433322027138112630950672610197
11.990157931865034868224029196426	10.752541726673532807012634293642
3.274951450939764363567974214675	8.799435785982719693265607929789
3.164246119117900768458184757037	0.423430064017795260156162839849
15.343014874177217876649592653848	13.081898177924605519706346967723
7.504431804420800489197063143365	8.537108424248565086145390523598
17.316363193258919039863030775450	5.283852752379983641617400280666
14.634372173406585915245159412734	13.303848316563041009885637322441
14.049611182565529432508810714353	13.555729415236799084709673479665
8.247164624455361803256892017089	12.670124706747703413611816358753
8.977625637334250896515186468605	7.918363671255670865889442211483
15.771820442598761147223740408663	16.922304518932712369405635399744
10.070461989609521324950947018806	9.356841611130340297108887170907
4.768409363828818747776949749095	4.176176147743666078326896240469
15.439198302729948863998288288713	13.392367091400439349513362685684
12.464273155361654588091369078029	8.435684712081544134321120509412
4.774998186278954115380201983498	14.605479153251899049337225733325
5.274595937012349189387805381557	15.735732536636414025110752845649
5.672494732156181385107629466802	5.079937126771016053794483013917
19.324759544054277426994303823449	6.007730353933823153056437149644
15.002387183310613494313656701706	5.235601846774491363589731918182
11.029091619809287649900397809688	17.723971294343481730493294890039
2.442533149134733072571634693304	3.759073883681814720603142632172
9.879128587843426956283110484947	7.228032817715521751722462795442
15.146710811816893382797388767358	16.699621877527555113829293986782
13.351927359709112153041132842191	10.990330619542762136120472860057
2.991692049264810471242981293472	17.580102785610801419124982203357
13.945502706170382012373920588288	17.553073678202686380700470181182
4.100055651704448855809914675774	11.056294493183180804862786317244
12.777052047953953106684821250383	10.899155521777904809255232976284
10.072904607026991641305357916281	10.957949100321153323989165073726
9.039123711903235047770976962056	14.977999335724094365218661550898
14.590198187393918161092187801842	11.755456664620105300400609849021
14.387064173203491179720003856346	11.546592138092812263039377285168
8.334919994234962103973884950392	5.978378587133660104768750898074
3.739054408361949022321368829580	3.732953864657644338365116709610
13.178072182509341203626718197484	7.179272722397019634854586911388
7.932334826738202337992333923467	18.993670115055202529674716060981
4.070202298515381400534351996612	8.154046748006249956119972921442
7.899279644049151727358548669145	1.181508548657870250053747440688
15.822146730271773762410703056958	7.980975268571624425817390147131
9.569320273178918867529318958987	5.620903616254497414672641752986
11.596467857313360383386680041440	9.783821190987101346081544761546
10.758369004678437264033163955901	3.708327177361613991024569259025
11.138444654769331876309479412157	13.542471240366367624119448009878
10.949941016357778167389369627926	10.548929815943818510959317791276
14.658229479294064390160201583058	11.360130198362259790201278519817
13.476558050805738986355208908208	19.388453556845124836627292097546
9.142097045087192341838999709580	13.567569657416958861517741752323
8.348507111646366496415794244967	9.326221041943748346625397971366
6.652506141071755862981262907851	5.543198362986686333897523581982
14.411504824169696803437545895576	13.169627676265406535094371065497
13.006382849794015044153638882563	8.498706573667700325813711970113
19.395007028026341799886722583324	14.462306558819047808128743781708
19.270645131468572941457750857808	1.180774780652720679086087329779
6.658280476840054973308724584058	1.679037195490314715584645455237
16.126859230053923965897411108017	15.950774885137887437736026186030
17.165118076896508370055016712286	12.464839932587535642483089759480
6.777019094974569668465846916661	6.365912310868644397032767301425
16.845434457548421391948068048805	14.639225432925501380054811306763
16.387089825819703747811217908747	5.009508323998788981157304078806
11.192298305319061668683389143553	10.129279727848048864302654692437
9.687188148171848922629578737542	4.217596508463409499256613344187
15.300608266012694969049334758893	11.334253291800104435083085263614
8.929060778665679265486687654629	8.146539180913517697035786113702
14.222920904363119731783626775723	5.361399285954985494129232392879
6.929424006501845312300247314852	8.842948151300925374584949167911
0.897939135071053939896046358626	9.688594286168452640595205593854
13.619180724216388256309073767625	9.840299386658774238867408712395
12.821263231184278907903717481531	2.109250965146322265297840203857
17.842133835093470395349868340418	8.899237572477087354627656168304
13.415810023083963642420712858438	5.434216896194087098592717666179
18.857392022373574036464560776949	8.688845331949448080877118627541
2.039973440115972813657663209597	9.409609840487700438416140968911
8.841528738939521403494836704340	1.301772129879820383280275564175
2.130603363821401252664600178832	7.650037963818281383510111481883
4.356689889458961850721152586630	11.257272570810668455010272737127
6.740607950730405306671855214518	15.156308356452916186185575497802
11.705319760177960830560550675727	10.380015147047142676228759228252
4.762206295341763429007642116630	18.922249075679935970129008637741
5.970207663138697107285679521738	14.772309087973049201991670997813
3.802512195673828365727331402013	13.529426556070378140361754049081
8.473336350447754128367705561686	18.942965597452477766182710183784
11.482306364843541501841173158027	10.039989919419358699315125704743
5.671206236428747438083064480452	6.759942102466141022887313738465
13.738337865117113523183434153907	10.433663111910211895860811637249
11.203521023976612980277423048392	12.740632906070539220877435582224
10.999566301131016743397594837006	8.303160015558866291485173860565
12.199846920114351789266038394999	14.569352342114768816827563568950
3.115916370401390800282115378650	15.685567915982822739806579193100
6.848038550409251357109496893827	13.685474576585580308574208174832
5.907507030004317982729844516143	0.166716650011302647271804744378
15.932490506528830920274231175426	18.268549553758120396196318324655
13.027682040172397393007486243732	6.025937116001552240618366340641
2.228312780737079279447243607137	10.850371600712129804833239177242
16.265779934014091168137383647263	9.331470670832937130967366101686
11.788294909085694328609861258883	8.209461725538318432882078923285
16.792691868804034527329349657521	3.231064551908238158262065553572
0.103154885182521027786606282461	11.515873081729450788657231896650
13.916303128218814322281104978174	1.037732474371697577453232952394
3.629381495685768399539483652916	17.824786788635002210412494605407
3.931637595402398765997986629372	14.883022888358064861336060857866
16.050738825072052406994771445170	15.229403954945397003939433488995
5.186560558882038485251086967764	4.012729219449180817491651396267
3.490382202252472865211530006491	2.231960293200936362723041384015
15.194030730036581999797817843501	6.694571715950807799799804342911
11.661649909902132904448990302626	2.909267492638211827227223693626
7.188116548217402090870109532261	12.054153891415213095683611754794
5.232086024684617697744215547573	7.831288271154503100035526585998
19.996408325831112051673699170351	19.510111209966012779659649822861
13.897633842378722235366694803815	9.663384886321113143026195757557
7.797321528944276103345600859029	3.684372966620335532184071780648
10.567133656714393197262324974872	5.583671921418543071524709375808
4.064239870758028061459299351554	0.046593180763053965165454428643
17.041481464846370386112539563328	10.543394199706424885221167642158
13.351242445041412665318603103515	10.695756150947795859451616706792
7.016055722263539351502004137728	2.079438015781401638548686605645
11.698532411673591369094538094942	12.985855412071439118903981579933
16.953069427703347571423364570364	7.023887258577987680041587736923
12.306095639597717905644458369352	11.986930910187771459618488734122
9.231133972380412444636021973565	19.758104686574942121524145477451
7.643879607443821555534668732435	11.845698860477000380342360585928
10.133219463053213971193144971039	9.292584049263995282785799645353
9.605294586979384874325660348404	0.025576728423025940628576790914
3.610060536026514554919231159147	7.316395740694851212992944056168
14.014419501538966983389400411397	5.778061311934306054638454952510
18.547186133106968952688475837931	3.682100896361701458658899355214
9.049031637485299484069400932640	11.209487571569983543895432376303
10.858456057148108797605345898774	12.327248452775481979415417299606
