75
9.986317047701612992227637732867	4.025592111530091443682977114804
3.749357733078195309417424141429	8.383732047958876165694164228626
15.158027656604417643393389880657	13.886468459568703792683663778007
7.502250830089987054805078514619	18.618094715357571544700476806611
6.428253524671093899200968735386	11.722217525184147390859834558796
10.976784901976852637517367838882	9.932561784663700876762959524058
16.063670725501161484771728282794	8.728756813246716816934167582076
9.772157326881751870928383141290	3.288283108461850012815830268664
15.467238101105156289349906728603	12.402397090015890412928456498776
3.208294209027148902180215372937	17.669937536854902759841934312135
1.085725701422559197339978709351	4.439399460593071999880976363784
12.411487443676747943754890002310	10.840146819302944436458346899599
4.658284975417950057874350022757	6.907366956722009732061451359186
8.383018456281806862762095988728	1.988457960689745007698547851760
9.846568048043192078466745442711	15.370685822255868657748578698374
7.905778669740909592178468301427	14.812923365746318182800678187050
19.197241754228599575071712024510	11.532626571351704214407618565019
3.594500856528265231304430926684	19.796240587637836227941079414450
11.837349214387012708016300166491	19.052546966912366599444794701412
8.647341738430526447700685821474	0.895868332022553559568223136012
2.274181170592204814795422862517	1.316885092289938441467711527366
7.996545002161402848628313222434	8.071882057144744493371035787277
3.004609685342670033492140646558	16.046949357466004926209279801697
1.534880388029000286564951238688	1.641622006983613601960314554162
3.093092081940830517794438492274	16.487506700521691982430638745427
3.127071828322285362844468181720	11.439702109173003563569182006177
17.399850195587706735977917560376	0.538058446916648946967143274378
16.043419658766989499554256326519	11.279338349920264406023306946736
19.450188874797362359458929859102	19.232379281474447196842447738163
9.581207803099115238865124410950	3.062438825037261835859681013972
14.201051023717793597711533948313	13.180441774292070533647347474471
6.260587399252675488980912632542	10.994315030010628930767779820599
2.373807593607755173081841348903	8.096340312561361329812825715635
6.510648656780810838995421363506	12.154274424241812369018589379266
3.583864323944671248511895100819	3.395300848782806468761918949895
16.318691312632239487356855534017	7.662504575623035663056725752540
13.563523794970560487627153634094	15.416633342894066061035118764266
10.582237116952478928055825235788	3.604033290538039224770727741998
10.935515241289859744711066014133	4.229442103024863897076102148276
6.210026870463757120433001546189	18.824523948815361507058696588501
6.512008067502637942425280925818	11.994232412540966947744891513139
6.973161030549309913340039202012	3.030761416613040992729111167137
15.236658420511968614619036088698	16.581863210672953101720850099809
2.695782204789940017519711545901	10.084961499344329283189836132806
1.441269761158599393979784508701	12.718314600159343896734753798228
15.879026954277353667066563502885	9.984100944221093953956369659863
5.002993688920013504173311957857	11.161910006122004901385480479803
17.251652608097511887308428413235	8.806039065309173352602556406055
4.105501276329839299705781741068	19.520839739154929759479273343459
19.623659687860026679118163883686	14.032295810896847854110092157498
8.294975598567404517780232708901	10.117526948496113448072719620541
6.012376035479640279390878276899	10.691996444719407577395031694323
14.435221238594923676146208890714	6.839282511137419362512446241453
3.259956270063335104225643590325	3.659061904619641758529269282008
12.042294180340279652341450855602	9.976952223918189588403038214892
16.266364137069672324287239462137	0.311088410698916462138186034281
5.094456662454938111750379903242	15.335175289009045584975865494926
4.761379965139181713595917244675	19.185737992218214742479176493362
15.354851036082873605437271180563	16.046805088087623403225734364241
3.599999833720304742712414736161	17.964242979284495760339268599637
5.324096085199490069328476238297	9.792801817529301899867277825251
16.626427718884006168309497297741	2.025571421134041649736445833696
4.885455762677051616549306345405	17.428576337209772617597991484217
10.085690438136293067827864433639	6.281352460426567141382747649914
5.049393377614821432075586926658	7.233068359164093408253393135965
12.413336444610807873800695233513	11.109891218096571208207024028525
6.897936624290010421134411444655	10.244528202620751144991118053440
3.649392631483717508444897248410	15.293050503136477402676973724738
14.072115175855747892796898668166	17.567907311442411355528747662902
6.748179113257014805071776208933	10.737596326298325166703762079123
6.747816931322661915260141540784	9.767864609628695404808240709826
12.363795773970677416286889638286	8.945029951095751385992116411217
10.900069011190389289822633145377	19.107044328759172913123620674014
18.835466931445751015417044982314	1.629771960924060181241657119244
15.663889595352721073595603229478	4.726944332826214179021917516366
1.400790545135981446378536929842	13.513237226476221053417248185724
15.533205055146352080441829457413	5.765873465239232054102558322484
18.155192577076409321534811169840	5.688303830111345327225080836797
14.968923162734114384875283576548	8.018946658653256065463210688904
11.732171535604793533025258511771	12.248461659823666636270900198724
8.326843016798811447642947314307	13.463008257427835800967841350939
12.015295573175231780282956606243	4.714954394033379792006144270999
19.543000542231293792383439722471	8.421795354622659601773193571717
5.064279808455154352486715652049	6.803230341227642696821931167506
10.846948145100663296602760965470	10.470315958011797263793596357573
13.402779244458081109314662171528	7.920042810759040818879839207511
3.935405386756412049464870506199	17.851109738487060951683815801516
10.518236167019891169616130355280	15.099131057387072729625288047828
16.459237034339739835786531330086	10.970646434485836095973354531452
17.451696428129459093270270386711	7.137572396391381523983454826521
16.360917152919565609181518084370	6.226108578628325673776089388411
18.332399779568923747774533694610	6.863205490771388639359429362230
3.589202415632883003127062693238	12.320030251571775892216464853846
12.796083969043284156441586674191	5.175151206423927341404578328365
8.484237301988361679150330019183	14.217232201193043650278013956267
7.225284226330119352610381611157	6.195042577127853000718005205272
8.772814871386573898348615330178	9.868966624990992642096898634918
14.889167961195493461445948923938	8.498596624668772747668299416546
11.683132704703124815637238498311	8.861987397395044041559231118299
0.126953082619884582982194842771	5.810498787932367292796698166057
8.640910872421251553987531224266	14.855515817479449935945012839511
14.469254974934493418459169333801	18.737432473375466912557385512628
10.026372626594282522205503482837	8.835238561830360382032267807517
12.117047887449135856741122552194	17.544423884314532813277764944360
10.798413437869392339507612632588	0.479213321319015506105642998591
12.518270063453737606096183299087	5.669897773847175415085075655952
3.241516816405712653192949801451	9.432235453773900601959212508518
13.364988146549599434820265742019	3.091882032121382017919586360222
6.125538715496333885823787568370	0.001232389349663520761168911122
3.791983788889095485785674100043	13.799383653832487439672149776015
2.036144293438392871564701636089	5.337959261131580035453225718811
15.747837742273176786511612590402	7.597889942472444424481636815472
18.624296682915101541766489390284	14.364188556062208235175603476819
5.002906346913562174449907615781	17.100844184533137593007268151268
18.206642314756528833186166593805	19.966807470166415328094444703311
14.037996442065026059253796120174	8.664256077093666519317594065797
12.284799592566088222156395204365	10.456964923512712672959423798602
13.801198807630806086876873450819	8.951556380988602512616125750355
19.983155596838777512402884894982	13.262133603797765957210685883183
9.279043468143541417703090701252	10.045280488761381576523490366526
18.863981148993044456574352807365	17.242081449966718764699180610478
5.566136224466120552278880495578	10.191464516968764542070857714862
8.883113238753924889579138834961	6.954682316237564165817275352310
9.838347334187410808681306662038	2.512148552688472591398749500513
13.026688630507251787093991879374	10.130117609195085748297060490586
11.831660007441653803539338696282	13.210288272503341033825563499704
5.027264397993455702362552983686	13.287036261048598362322081811726
7.941382938007142122671666584210	4.127115774947435866693012940232
8.551052510062268297019727469888	16.784096211643547036374002345838
10.445414003105319977748877136037	18.698580470964557775914727244526
12.477591608099933395692460180726	10.749470679793597938100901956204
19.609271701134105114761041477323	7.300165287978808592583845893387
12.040110253143316398904971720185	8.472792988159415727977830101736
6.281144300060722329703821742442	11.096339236162659602769053890370
16.383413702730457828238286310807	17.464716893281661214132327586412
9.157022106585857912364190269727	8.053623637303436666456946113613
0.039645172908448600423980678897	8.762214554580562975161228678189
8.594116624895900002911730553024	11.677491846085281679279432864860
10.808756419580214824804897943977	16.228180140440777279309259029105
4.425833296307927433588247367879	15.152328707927717132974976266269
13.105732793069439168220924329944	13.624050304866614169441163539886
18.566788401871924918395961867645	17.267222741121805995589966187254
15.281812013069160371969701373018	6.631014132782571124380410765298
11.151054301628118281541901524179	6.577136440539871564681106974604
13.717574511999485409319277096074	9.655385829105565420604762039147
16.277858409895333835493147489615	12.462331795606427675693339551799
3.217276422715086070525103423279	5.926874005916391574544377363054
10.058670606081806297993352927733	11.743012090261482072151011379901
9.546421680393610387227454339154	13.352888424055864291517536912579
11.633125327794317627194686792791	8.578109525902581466993979120161
7.248742768481752918319216405507	2.651174896506376832405749155441
6.963935644332124752509116660804	8.958232751849262598398127011023
14.086133257481197489369151298888	11.117200594501941424141477909870
9.189747469083375364107268978842	12.327527415964981472029649012256
16.203130089580227490841934923083	5.864820164505345267969005362829
18.026978799608023962264269357547	15.072905647601366752041940344498
0.184148874864940026441217924003	16.777817331600733297136684996076
4.705325222776096438792592380196	18.689690105882270643178344471380
11.491709310130787002890428993851	15.623424927718822630140493856743
5.464966857031766878094458661508	4.150618175060929893049888050882
15.193637300850493687676134868525	14.654884413085007111021695891395
12.423577955561857066868469701149	6.941718071620044838709873147309
19.668323382775760421736777061597	5.710956364188138678628092748113
5.013233438821371734661624941509	11.423676457333421296880260342732
14.659265761362664903799668536521	16.359311901072700834447459783405
2.915580331737299246697148191743	10.162145807661515206632429908495
18.468504565832311925532849272713	0.083525973844619016972501412965
19.123153127053384991995699238032	11.886113070802238667056371923536
2.435225233328445426650432636961	11.728288174516139363845468324143
6.689782907080395801813210709952	12.433656054003424884513151482679
12.660324713738853930067307373974	4.166633231063347153622089535929
10.637882381930751307663740590215	18.116197848914033841083437437192
12.620937077781491097994148731232	6.360699298021788017365452105878
9.685605599434049750584563298617	8.635315175743210502901092695538
10.286941035491794949052746233065	9.552049000633981989949461421929
2.742444165300904401760817563627	12.918340455466244875992742890958
16.923273734127661782622453756630	5.986703923050131770366988348542
2.013554792503140511428227910073	16.722038513094172884621002594940
14.496855799044755741533663240261	12.610357127313870151397168228868
4.844616721890496080504817655310	12.106423304281005215443656197749
2.091638682646272506815421365900	12.342930495148689118423135369085
6.834077319723701471332333312603	12.351561411422526504111374379136
7.259954927928051304775181051809	18.292483140826004017753803054802
11.429685932867888809028045216110	5.999305962937765634990228136303
10.092167956774092729688163672108	12.862396075878864465380502224434
3.981646487269075329606948798755	16.648553040322532581285486230627
7.217787885501742550786730134860	13.973025202120799903582337719854
9.574489075054870568237674888223	17.026279748883581532936659641564
7.704158824969393748460788629018	3.650678901213245453050149080809
18.069410055179915275402890983969	15.082393324711588888931146357208
12.777162822236981298829050501809	1.885245374143947216794003907125
12.343400052850229897671852086205	10.169004784554461551238091487903
4.298133287857187845304451911943	13.341528370694684113573202921543
10.610296042725133602857567893807	7.498209510979437553146453865338
12.398254541973187770054209977388	13.224420894344223853522635181434
15.009191277693620492073023342527	8.733639275248945565977010119241
8.466397721718179170125040400308	9.173782762273164692601312708575
5.856070892314790832244852936128	17.972495889112316547198133775964
4.795272061796672424804910406237	2.056102517758827907812246849062
4.636175719644235471150750527158	9.147838482678611882192853954621
8.042757527222905267194619227666	6.473900990478627548441181716044
6.725015651181291964633146562846	12.513268970609544794569956138730
9.390935064473101334669991047122	3.253790442062327592509518581210
15.252703335371769810535624856129	1.185859292829299249660834902897
8.721740492450580362060463812668	15.146155446251025722403937834315
14.704221436705228853725202498026	5.510364683688137255046513018897
10.798205856580390005206027126405	8.762888694651264742674356966745
19.222912793094188543818745529279	4.370738601703119563524069235427
1.676471542638847012085534515791	19.160193007670635267913894494995
1.070362188934879554835788439959	18.138646733436797120475603151135
2.970026109838638461724258377217	8.367559542888582058139945729636
6.067543126434479461295268265530	13.891085194047054329757884261198
12.947487245353515916690412268508	7.195190397068143894898639700841
17.180485537969531151247792877257	10.637596939261561246325982210692
5.973158415018456679490554961376	1.663297763166104559218183567282
12.958762057355009744696872076020	0.774664351455790267664269777015
13.097207161206963377253487124108	11.779794955064993189353117486462
15.733571273214206343027399270795	0.343173808222211107477050973102
17.732592182350405352053712704219	13.895508627137541424190203542821
10.868392517990242751579899049830	6.924381636745781776198782608844
7.748621992965879279324781236937	2.424651558619918212400534685003
4.718246100678740617695439141244	1.748111754027828368407426751219
6.421354814581633263514959253371	18.138471486164707613397695240565
5.376095576365605310797946003731	7.453742605836357171256167930551
15.846565914687545273409341461957	6.743001612831209357068473764230
18.044080947281276650073778000660	17.126587673536942446617103996687
6.121869509846952439602318918332	6.483140915300371176499538705684
17.792078495415530881018639774993	19.625499668789895935105960234068
7.439115579103074082922830712050	11.828853711344549992645625025034
12.958735458753633196238297387026	15.074279860699729027828652760945
0.096288161111203862674301490188	7.411710585103710613452676625457
3.882722643695173836420053703478	6.128898464972088788726978236809
15.389801283456804981142340693623	3.476321760767198121300225466257
17.628989816568985560252258437686	10.454046941267822745658122585155
11.148239420669977306488362955861	2.485962064510456315247211023234
12.846748004482369864831525774207	15.413475932153103187260967388283
4.923645727780258773975674557732	8.233232862604417334750905865803
5.963269414889745156926892377669	5.891513356698167669378563005012
11.774972670454729950506589375436	5.663080099594348659763909381581
14.880730088013720546769036445767	13.611568634969138713586289668456
9.270799744916317308707220945507	12.981456953834479506326715636533
14.186552023737911909506692609284	9.002973116671780573483374610078
11.666293580539168317500298144296	2.871774171421605181819813878974
4.767294157114448260870176454773	1.952239442998621399283365462907
7.212298084407663623096595983952	12.159479400057739084672903118189
6.949097717425115838807414547773	2.855537256106858379212098952848
15.276428371090078783822718833108	11.503780432683953449668479152024
6.825921916925096866179956123233	8.378064624793710279959668696392
12.723264408231340638621986727230	17.161591310484489270038466202095
19.856565752510821454279721365310	8.463740899010593565776616742369
