75
3.393055134256303340123395173578	10.077156177860031149862152233254
14.585673948317730008739090408199	6.749922705288471824758289585588
3.515029513297864838250461616553	14.564593486806687749890443228651
11.561567721973091238396591506898	17.721690999790268961078254505992
4.324953950627087984059926384361	14.675210035887594983705639606342
7.759216517832722814773660502397	5.836279483394385181327379541472
5.003648229847764028477286046837	5.995621032721461851622279937146
14.486222561279188170146881020628	18.802665942494087403247249312699
14.418033681123045397498572128825	11.335168581390274056275302427821
4.459837317252125288291608740110	14.564275454593083480858695111237
15.116002969347803741584357339889	11.880352536356234338654758175835
2.732858080844956738530981965596	19.998227178822663319124330882914
19.287104353089731034742726478726	16.363413213946941482390684541315
9.042579108918918251447394140996	8.963586440001144239886343711987
18.210223113405668016184790758416	0.708168857685382846511856769212
7.626021997964073761977488175035	13.348084799363419961082399822772
5.417149898953423026171094534220	13.108944208810381581997717148624
8.492641498456045212606113636866	13.743510170628972844042436918244
9.257000723674474684798951784614	14.150673299328300203114849864505
15.641776582841256271194652072154	6.280279076536833926525105198380
5.465785716356809764704394183354	4.474348470029235969036562892143
12.506137184696111575021859607659	9.211550633614315586328302742913
10.828671172970137703828186204191	7.592417658343539876852901215898
13.458857858493724179993478173856	10.135236714467978913489787373692
3.293701113181071171709390910110	6.525193907013671079653249762487
7.663160344959475622772515635006	14.286564036928574239482259145007
10.838151179549992519923762301914	7.759596458766713666932446358260
12.829898605785468035378471540753	13.160726705360698218782999902032
14.812068390315644705879094544798	5.962211507119830500300849962514
18.507287897033286583337030606344	6.254104927576365824393178627361
1.688135057616321432760742027313	14.735093636252809545794661971740
6.592158634519117654804176709149	15.916727381372361094236111966893
16.412719043936743190670313197188	13.941122592143724290281170397066
8.003496065743581411311424744781	3.798834110814818920687230274780
4.490959556702017962948048079852	16.046320562903943596211320254952
15.797926826177842940523987635970	7.923670447552434659144182660384
9.456565779021929074588115327060	19.788868073137145131568104261532
2.899074941313325659564270608826	14.186411915597815891487698536366
5.434984386266821232425172638614	13.698572953828493936612176185008
6.755258917266623086561594391242	15.093301290408938086784473853186
4.476979367681922283850326493848	13.767823658855329327366234792862
6.746355667208352002717219875194	12.833125436638086469542940903921
19.330947705241790401942125754431	11.810464931863606352635542862117
17.213768590436600902648933697492	16.417151001383739838956898893230
15.957135873192260788755447720177	16.273697599031091698407180956565
1.736363747554825920360599411651	12.355588951540500630699170869775
10.104539981439625506709489854984	8.810366117019832188361760927364
0.146689045793470640433042717632	0.679979457049862290318742452655
2.544422038357573967459757113829	5.071911066318127936369819508400
11.151030467941751567195751704276	7.882972761152461593781026749639
1.086621461533598065329897508491	5.911810725001718225257718586363
15.759457206788281879994428891223	4.867902967349339249381046101917
17.376479805571761971805244684219	10.537608455067314139341760892421
13.801295782608351103704080742318	7.902137615887038890605253982358
0.929774196331303315332661441062	9.907416112234916028000952792354
2.253723548711504598429655743530	13.986118196325190154993833857588
6.527996776643719911703556135762	7.752587238167864214233304664958
13.864772329617782276045545586385	3.505327486726277363970893929945
3.239535426842970800009879894787	8.581296385047140873325588472653
14.810765390243298966765905788634	13.201170042071060706234675308224
8.275413878776149090299441013485	8.763461486103828690374939469621
16.856142263373897094425046816468	12.231956164212364868149052199442
15.108879261192953435966046527028	2.291094995687307900311679986771
11.019455176138027496790527948178	18.407333521109322305164823774248
4.502083685657854772443897672929	8.954229056486678217652297462337
12.618871927976465840970377030317	14.098503193545816714049578877166
13.582502788464935861156845930964	0.538050551794412967865355312824
12.772988465312266725959489122033	9.386518515442769938772471505217
12.315318131756251673891711106990	15.067785884412106867102920659818
11.906381417952896839551613084041	15.790296812995020303560522734188
16.085819491191141850094936671667	6.068338469509317434358308673836
8.199575739661232987032235541847	11.590382955790170527166083047632
11.980377269985973853749783302192	15.593856031109574189486011164263
4.198196590477434320121119526448	10.724474919354838320373346505221
4.470928192683586210876001132419	14.059683990246941931445689988323
2.744343170852363122946826479165	6.693666517115395286907642002916
18.438975689684834691206560819410	16.753905029285391492521739564836
11.065158724839708526133108534850	15.928428619694660284267229144461
6.752553931581580570764344884083	7.819894770682562779029467492364
8.978946377366147757470571377780	4.203441473712545395358120003948
11.916503596586290214531800302211	11.911130845418277601766021689400
7.987422155805027124131356686121	10.527598707219624429853865876794
11.837415930319052037589244719129	13.964607991363219952063445816748
19.152780311367941123990021878853	19.974308372210941797675332054496
1.309238394500040314483157999348	13.225862909240596820836799452081
10.954366850726168891583256481681	2.811987384024335234755653800676
2.289540164283454970473030698486	16.553382726682340120305525488220
13.282033207342792024974187370390	1.152778563461373195764281263109
14.534882842067618824444252823014	10.339563877771277944361827394459
4.827443237956861032955657719867	9.281783818579381062363609089516
18.720326127246536884740635287017	3.142487735972518514415696699871
13.850038574223418663677875883877	3.743050370542277072161141404649
17.198353043328879152795707341284	2.221473016339019501685925206402
5.181818008493395133484682446579	6.696248525858558231504957802827
9.273479377454920680179384362418	18.367978639827107656401494750753
10.979082450928070002760250645224	19.178969694703376092093094484881
19.822642752832589252420802949928	14.978209567910251820421763113700
8.564974855111453067024740448687	18.456054696336174458792811492458
4.444465602869341225300559017342	18.675995748105037819186691194773
10.570316866349912743316963315010	1.617168000052474852168415964115
3.039722904338773901145032141358	3.390929889555096110598242376000
6.778332973060081201310822507367	1.255327724388688892531718011014
8.751223720650115112107414461207	18.301699638647004775293680722825
8.354814149614732343707146355882	15.223828381622375616188946878538
5.027961959043705242322630510898	10.630830215865454846380089293234
6.638736685836781781233639776474	1.101120847583146655779273714870
6.652545959885305393299859133549	15.584009001906736102682771161199
11.239181198555771246105905447621	8.611582476215772885552723892033
15.122476729025265740347094833851	1.483158619570849268143319932278
10.684459145336335339493416540790	15.057903226716618405589542817324
3.785411967084246320780493988423	13.728776285779371590933806146495
8.502294473368957383740962541196	9.040783395515724407687230268493
6.303008458412056924657917988952	6.017718046835816458894896641141
7.663821931258565811617700092029	12.791838119642715554391543264501
13.954862190162922175318271911237	5.254271740115194155862354818964
9.085000101358604140955321781803	10.440255264798732781628132215701
4.780572813269865051211127138231	13.353791972377836216878677078057
4.976639389933046331293553521391	8.429446815612651633387031324673
12.864679898394683732476551085711	8.484659645849335518619227514137
3.836819982957964114689275447745	2.170840727513772883128240209771
6.519887400009873879014321573777	10.365422420929233382480560976546
5.935909890658110477090758649865	16.551046143542112787372388993390
2.031049075162189687659974879352	5.990420788497660353755236428697
12.885839224169417960297323588748	12.382752213820033659885666565970
2.314578948699925753373918269062	10.556292542022703173643094487488
14.683257908375086486785221495666	7.929615360939631152348283649189
10.292660349487357862585668044630	9.865282863822306680390283872839
16.219796576702862012098194099963	14.547789117116149526509616407566
17.394347804399121315555021283217	14.678182715793822055161399475764
2.242607887111850217820574471261	14.614511504288099530413091997616
10.551003456668953006669653404970	3.456395962424757328790292376652
4.684054989718878125870560324984	9.804718755572110922003048472106
1.742556847318095236687440774404	11.386867070623639008886129886378
6.130017032418660249959430075251	2.785773932764107563286870572483
4.812319223098309173280995310051	10.060280510171033085953240515664
15.214210908926490972703504667152	10.301380011666239511214371304959
13.814878235976017606390087166801	3.586619372829598972884923568927
2.991779079564413912351028557168	12.242267264286258665606510476209
3.669966874468863160529963352019	6.426370108911862111256141361082
18.532240947055797164466639515013	9.221512160074714969937303976621
12.011339733804526019866898423061	12.234775949013112494867527857423
0.072330433072275823747077083681	14.493485897085696123554043879267
17.130395970710807773684791754931	7.128690434143301501990208635107
7.348759933002497746201697736979	16.145639919322817945612769108266
14.537101097126388538072205847129	8.769878109184109149509822600521
6.820388795844058549278088321444	9.096306015223637686517577094492
17.487371065647085544014771585353	0.784556068690347885308256081771
0.996544880355866524723751354031	7.776984668363347452668676851317
4.488234975378226465636544162408	11.063220928709997181726976123173
5.471560822304479820843425841304	1.975077005920912398551081423648
13.427225114444553355497191660106	7.524946718587351313090039184317
9.366624254732711207793727226090	6.021980995521137636217190447496
8.085445223891776223013039270882	7.631509318484862802733914577402
0.218419111204653404456621501595	13.424565401878531645252223825082
6.649077814066651548330355581129	13.033275102870925721276762487832
4.402142459813551234049100457923	13.822514977359523058453305566218
12.278412936531815091711905552074	1.079376791269805124784397776239
1.868690194521120062631780456286	0.901937495542723510766336403321
6.044550973700866691729061130900	0.391950525605034627574241312686
9.227411555496015438393442309462	15.692901071814034708040708210319
4.854718682574274524199609004427	10.931705832031724412445328198373
18.256184498327776566384272882715	8.181928943744516402603039750829
11.337486263981290335323137696832	6.507241710851509708390949526802
6.319181268398700090926922712242	11.193385515044877109858134645037
8.896011058402262250410785782151	16.052994240164942141291248844936
11.509912528291856403939164010808	11.858192789538245293101681454573
14.280534270382233330565213691443	16.767611427526766476603370392695
6.917373086129907200358957197750	9.044815098455327273541115573607
10.576914988469512834967645176221	12.220192634323492342218742123805
13.960000932075136148569072247483	6.827785193790294471227753092535
8.856623241636304655344247294124	15.442367987380041682854425744154
9.266382582307670645604957826436	8.133357936788000230876605201047
13.998703314414807863386158715002	9.414068470356543372190571972169
8.353671246360704571998212486506	4.566884644795955239260365488008
12.581107759998747752661074628122	10.406925142685144791698803601321
6.636579550658861847978187142871	4.515488662965823074557647487381
15.078849762457306127316769561730	6.933823617412523176994909590576
17.764688610345416464042500592768	14.360066521452502286138042109087
9.581088671476624796241594594903	2.355850100579012007528945105150
7.089323301296152735062605643179	9.845336979004585487018630374223
0.119338400222341434187001141254	4.787162365122810570028377696872
9.727240531291757363874239672441	8.138768868957205526726284006145
8.970851885417950200007908279076	6.323969802251876437537703168346
7.285483662924385761527901195223	17.145419521055647038565439288504
9.630125494060800761531027092133	18.036120654043422462109447224066
9.951690022319226613944920245558	14.292733123732077160639164503664
14.802697676808655558033933630213	13.786723113200741508421742764767
9.675789217753603566052333917469	18.208207567649200342430049204268
16.249760247079798602953815134242	9.140712695436128853998525300995
2.763530094616870158574783999939	7.524641772077902857063236297108
13.220720377034474779520678566769	10.923804398345403399162023561075
10.593797028114810387933175661601	10.091230542303133432824324700050
10.381019508627890246543756802566	4.047881485450068872466999891913
15.839407079336204731134785106406	7.933727178095375975885872321669
10.258365683263622969434436527081	6.469420409376335001638835819904
19.505283061771841346399014582857	3.849531804989977601394457451534
11.713675713022787761019571917132	8.408560026893262318026245338842
9.965196684582579678135516587645	9.034313902174732291427972086240
0.960985166904691823219764046371	1.230097538897883424624524195679
12.255673448064955621816807251889	13.418403994437753112833888735622
14.645572324066691294319753069431	7.664474160866177498974138870835
7.140855548136105568346465588547	6.237379832311957805757174355676
19.431882666532121817226652638055	17.740663119782276169189572101459
17.151983602404840212329872883856	6.317743612666209429562513832934
7.765342733354426485448129824363	6.378263987705222071156185847940
4.805592882179865021896603138885	13.341256224803236918319271353539
7.545084546558918248138070339337	9.059093243943195261635992210358
15.222484430842838420971929735970	16.182182080099398291395118576474
9.463431002610494857663070433773	4.201163868250286981265162467025
15.339340489725257654640699911397	19.157718464746054110037221107632
8.402066485995147715470920957159	6.918567040840203574703082267661
9.998758310142994432112573122140	4.270553410106019853742509440053
12.115744703355426636903757753316	6.345658990414728251039377937559
6.157855650161669913700279721525	13.758727780587697964165272423998
17.433544068440625096627627499402	5.040786226359065480551180371549
9.467627696575011242430264246650	10.216804399609809905768997850828
12.242120581459682071567840466741	14.919487016323639494430608465336
3.392889902465207718762485455954	7.849903531330349792938250175212
1.086027668207142582446067535784	17.600715311850773758806099067442
14.104461817603379358843085356057	17.814368384957447233318816870451
11.278574821460978228060412220657	8.893943567960242546632798621431
10.616157719534236036906804656610	6.644617518879786466357018070994
4.706226313218520473924399993848	11.336242524092130068424921773840
14.844772236319130342963035218418	3.519300116218809115764543093974
17.720743223897670759470202028751	14.931375931704987891635028063320
10.021704074373003479081489786040	17.227508813798692699492676183581
14.033762594266780965313046181109	16.535032567616745780014753108844
12.336870585913484177353893755935	2.512110215135548330067649658304
16.550298394409725943887679022737	9.907939105363412934934785880614
11.651783337820543096086112200283	15.058949348353813491030450677499
6.399553230338073106509000353981	9.659145048436213798481730918866
19.082344396103973593881164561026	7.990599540225866270759524923051
13.681498916194041015614857315086	16.821157045164234489220689283684
6.141438394584331383896369516151	13.760712298407888454221392748877
17.845357671004116184576560044661	15.234054116007587964531921898015
14.263507706219490600574317795690	15.061771023222199517022090731189
9.307060845264361503836880729068	9.233210343657937357875198358670
6.688939858369407076565948955249	2.198678955736706797097212984227
15.973646644648031411861666128971	7.659336655284340267257903178688
11.611757676171418296462434227578	11.071319068315963463078333006706
8.660825207242389467410248471424	4.656229218180190976283938653069
16.557513378642408241603334317915	18.152203334668691070419299649075
10.670540225732381145462568383664	14.805033130269237062748288735747
18.147687141123611809234716929495	13.821376693056929951808342593722
1.232875611425763295869728608523	3.612692464481512821805608837167
9.187757557554560250423492107075	9.089696208429163704067832441069
4.498435620052941175117666716687	16.852046659150303753449406940490
0.134662013228059151970228413120	8.232409676600839887328220356721
12.172533737405023757105482218321	2.386370819013170496702969103353
9.394426106669813592020545911510	5.803547944548185455460043158382
