75
6.720636042364941609150719159516	16.831567046295198508687462890521
13.131414456685071456831792602316	2.874015763990917626813370588934
10.140126109401897736006503691897	15.567117136477030214791739126667
4.810620451471836034329498943407	0.842689384586789103082082874607
10.389175479407988689217745559290	5.816667816340765462257422768744
9.043387645262654928046686109155	0.860673497632010509050815016963
14.594091719875695645214364049025	10.482590890521406024049611005466
15.908956168002291065022291149944	19.244411281845088979025604203343
15.263459424707068734505810425617	8.620931667259872810404885967728
2.992243007051905046012052480364	6.878018535306326342038119037170
19.031349874278742362321281689219	2.140980834620213713037628622260
13.030040545069706325875813490711	8.830437961869819218918564729393
13.904028521595034106894672731869	9.469227687760350065104830719065
13.638780331939109657923836493865	9.814085353983077908424093038775
0.935683659416318036505799682345	10.299455183369280675265144964214
13.502614896985209114177450828720	10.354611205758523340136889601126
17.509077961450962845901813125238	4.834597179471507466530511010205
16.078690127861545278165067429654	6.734794215211289625244717171881
9.161485188592450867872685194016	9.221072912381218955601980269421
2.080570380943116859384645067621	15.220835444944167846870186622255
18.354717626128390861595107708126	16.135047069468591018903680378571
17.109711889557747355183892068453	14.116560859862875787484881584533
11.324838578299068814203565125354	3.828476654524194167095174634596
3.014705985061240767208801116794	9.550779598691624627804230840411
5.972099613665676542950677685440	6.395382450179273980950256373035
14.469919450615268630144782946445	1.410851922302359895411427714862
3.572349275538821089526209107134	2.837767054909731356815427716356
1.011168770732984611981919442769	17.007969388504790231309016235173
7.897901024544992765186179894954	7.296432278731394660553633002564
15.091347413465619808903284138069	6.734050563763089414237583696377
2.825462947829441517910709080752	7.303322716068199937922145181801
5.677143869293074018855804752093	13.310723979293573648874371428974
17.065697489287511956490561715327	11.239876037144362896924576489255
16.252790167140819477253899094649	11.179362710629462185352167580277
2.167412805559126631749222724466	13.219760843445214959501754492521
14.549202810232602089968168002088	17.569136823558608284656656906009
6.872937094449824257935688365251	4.666373154210622153925669408636
3.482102306679957237633971089963	15.961210031762339767169578408357
3.325062526321122646777439513244	14.475225320960230845912519725971
11.563651770832827025969891110435	10.909487616087062633596360683441
7.014885451651995396105121471919	13.401359954186371936657451442443
19.705707550707050046412405208685	16.715945734886627604964814963751
4.435512650968518322258660191437	7.301777754644556139851374609862
9.628114934515155098893046670128	8.457077587811246743854098895099
5.606945584260838444379260181449	5.793208008320442026217733655358
1.984422970654401652268461475614	6.936812794893882028191001154482
7.753154285066342410459583334159	11.548113462032098652798595139757
15.069517421475914886741520604119	7.961206450159700409585639135912
9.011889929619350425582524621859	2.063351076008182793941614363575
11.621493880902267648025372182019	16.954585042086748103429272305220
7.399413206922826446998442406766	8.343970293421124395649712823797
3.701188694478298124579396244371	8.706650107655292458730400539935
9.161639933041836769689325592481	3.615163008802497301985567901284
3.780206626243122869368562533055	11.736841358610979213494829309639
9.838780177231438273111052694730	16.845844189174250971063884207979
0.089904621758352121219104446936	15.566643915399946962452304433100
9.413255744500450106215794221498	4.460246867146232752077139593894
10.099448998839861246779037173837	17.623027358683451382148632546887
9.243082263726217107091542857233	15.919384416521603853311717102770
19.041925692139699322069645859301	3.278546674448900688503272249363
11.591363523127849788352250470780	13.007014173289981329162401380017
16.113147868824622577221816754900	7.796793419914445522067580895964
9.645628158338807267568881798070	17.500094151934813879734065267257
5.185239805760786246935367671540	11.338746460073121369305226835422
4.933987037000686193266574264271	5.544229851783728513225923961727
15.349873404656698028247774345800	8.943348183295963593764099641703
12.208657165833942670474243641365	7.689984905934631242985233257059
5.655434371341117483211746730376	13.343872334861805128980449808296
1.688670948345352584851752908435	17.990513875998050963289642822929
4.585937965409842220765312958974	15.475858906104235757084097713232
1.465521394033599378303733828943	9.058563616211369406983067165129
6.345883233896474351354299869854	7.548711921340018449200215400197
16.234256111927013677131981239654	13.170412338041618482975536608137
9.306325782970048976494581438601	8.093438085635092704706039512530
19.975132814488947730069412500598	15.366261546818412497827921470162
10.310096351879529663619905477390	11.387836273889014648830197984353
7.379426099737960598190511518624	8.989543472145234304093719401862
6.184076227129151170913701207610	16.307724141318214350349080632441
9.113930005345276086359262990300	11.724079415927615599457567441277
16.620558651210192380176522419788	7.967151510489468790865430491976
17.667120961598783424051362089813	4.670756539684906449849677301245
18.358042361697219035931993857957	4.120408746225183271860714739887
6.642515154686423173302500799764	8.187913253505271882204397115856
5.794552385173260766748626338085	14.863191968209672921830133418553
6.773982608594252496914123184979	2.669847319211811509376275353134
12.981439843118653953979446669109	15.643123440983810468196679721586
13.778415664679375396417526644655	8.817742183981625458955022622831
4.719997276368900429588393308222	8.097665167328703006432988331653
9.076175976858632310495522688143	2.612418144594840896388632245362
14.330785683058767432385138818063	9.897535098586340396309424249921
7.147265243347454166666921082651	5.530824737163784199367455585161
0.639702371007054182427964406088	6.247576795435280772039732255507
11.294751313006152315665531205013	10.331891135276755733229947509244
1.658848298570468671186972642317	19.252354093629946873988956212997
13.240041073584416508879257889930	4.812276216906820280883039231412
10.395468830320481856688275001943	4.170260073562325864315880608046
7.729935677791384129875496000750	12.894099753398119645453334669583
8.599799657267885422129438666161	9.888120959299346424131726962514
6.901630757004255656283930875361	16.533258861319239940712577663362
1.943262434802988991577876731753	19.354197632330354394980531651527
10.976015004345724079826140950900	1.229901481323528500411157438066
0.786969795423814844070875551552	16.263230222597002239126595668495
7.911032498523541178769846737850	2.369350196705849675993249547901
2.907754459085171383492252061842	10.553040522265551004466033191420
9.874711804371047563222418830264	7.123651003245770496619115874637
4.522071835317259314024340710603	9.916084280034114684099222358782
18.520929832443226104032873990946	16.527729498728952250985457794741
14.366297336430170261678540555295	1.234843467960015317430588766001
0.130735308053269605466084612999	3.244408941168358317952424840769
9.395944092669600067324608971830	11.816183262869991210664011305198
11.613902391348524645309225888923	4.126262985713491815431552822702
7.430375477813948137395527737681	6.554156632692929917993751587346
12.650080791240508659711849759333	10.977647966401404389102935965639
4.268788332946439112447478692047	4.256614802387178819742530322401
12.467217480512532645775536366273	6.568763346227303401292374473996
11.295188148725552323980991786812	11.549313093380920491881624911912
12.517101133360753806300635915250	6.419849385292065946373440965544
2.154263766126367052322621020721	15.282482537431913982572950772010
10.987703421270921921859553549439	9.248117084778556318269693292677
11.300500457817832966611604206264	6.684653434059171672743104863912
15.264996894403491722869148361497	16.280808638092260309804260032251
3.957450148828407954226804577047	12.144293959037501196007724502124
8.134664236198769771135630435310	18.548995605842648615180223714560
9.640525036153544391481773345731	10.313167143117752289072086568922
7.154320952308932390906193177216	17.011895446650807883770539774559
12.731260299472944907961391436402	8.958720956759846032468885823619
10.999918867647373588170012226328	11.238275503207546535122673958540
4.684262967558938228762599464972	17.405181577980133766914150328375
18.695293029159259390326042193919	1.812747479485178558888947009109
6.659002972367153105892612074967	1.485748451633341460365045350045
3.144440563855813941529504518257	1.502481209189520328095568402205
9.564863411524173741895538114477	9.553554181722189397873989946675
1.681989075096884889148896036204	10.810917307854579050285792618524
12.088561834658005267328917398117	4.136770832592195468180307216244
8.734910560554014935519262508024	12.552293876791276616700088197831
5.067231585381854586103145265952	17.089912313649158193129551364109
15.328561892617617701262133778073	14.276497224356884174767401418649
6.921665685620145502809918980347	2.489321941896343481914755102480
5.923466493570013646774441440357	11.612313516388111267474414489698
15.297609383239070268700743326917	19.247393620977842232377952313982
6.755086284721115497120536019793	15.719767872112935691575330565684
4.363745062042402089730330771999	4.511143916733411529662589600775
13.690742723347609555162307515275	12.098813583156429629639205813874
15.730343228037291680720954900607	17.944900633631100106413214234635
16.853372736130523890096810646355	19.825095707117334598024172009900
10.296455714618142351923779642675	10.754401422531543630611849948764
5.557078525053085193974311550846	9.473299092697040180155454436317
10.157338648133528380412826663814	8.632491378196291975655185524374
12.619090575518770336316265456844	10.886449630226843865443697723094
8.448377251738818927151442039758	11.800675272671339754992914095055
13.565362489472681417623789457139	7.697655048351439432963161380030
1.142691294675163504734882735647	4.762120478971866077699814923108
2.167275658313570829704985953867	16.714064038967194392171222716570
15.026270610639748781522939680144	7.282157470141541466546186711639
3.946089491539192195546092989389	10.277904869551717226272558036726
2.631798843066798454515264893416	13.676294197891653681153911747970
7.926044493945116897748448536731	6.580743009068978466302723973058
3.225463360540664403686150762951	7.689036497487736987466178106843
12.125051801886810309838438115548	4.302987686089195129568452102831
9.698075273821583408562219119631	13.410451125963504637184087187052
1.945128272305092664851144945715	16.509580347579984049843915272504
2.745611995818513229039581347024	6.420908022588198704738715605345
9.631843489776112932077012374066	16.177251745092696921801689313725
3.722375380105618525305999355623	17.106097187529325509558475459926
16.242788123335902383814755012281	12.189310203096994200677727349102
8.111457701064402669999253703281	8.538317603839988834124596905895
16.987660555209629364981083199382	12.331458095055941370787877531257
1.087069989495788036037993151695	8.213612796327549148145408253185
10.591341839469569308107566030230	18.468048449739029592819861136377
9.916274114544867401832561881747	17.675080476523419292789185419679
4.837409070090175511325014667818	2.264252715612138366907402087236
19.820487768348606039126025279984	6.409816730570114806653236882994
1.117234078791332407831760065164	9.258352159744493548032551188953
2.708393645179398845357354730368	19.076440308366343856505409348756
19.024208804287972895963321207091	4.920508972479657572307587543037
4.391441192665503479020117083564	1.009741449358068976493996160571
1.056561251468821183152613230050	9.089303491362864306779556500260
13.493256182724859826294050435536	15.794067238214429593767818005290
11.404926194107183334836008725688	15.077774176740035727561917155981
15.963783462406217594775625912007	18.004125121277184007340110838413
7.396694879340024897373950807378	4.355886179333588792417231161380
11.525793695469541688680692459457	12.633154590376644677007789141499
11.416580793286144057674391660839	12.460034739111975454761704895645
2.007627951624202822245024435688	10.463558773644832555760331160855
1.177897559153796791520107944962	6.926037692306300286304576729890
1.972735280435102822593762539327	6.076240405449853554387118492741
12.154977988350104567416565259919	13.083025849380389260545598517638
11.947864243557173580256858258508	3.777920720687715672170270408969
2.992821741862193185568230546778	9.320550835861199701071200252045
14.914806186962760392589188995771	5.366125299201608633836713124765
10.301415875757816920099685376044	8.287396006290951078199213952757
5.081045330940665571972658653976	16.035433224746945768401928944513
11.044689345369068433910797466524	10.395844078515240838100908149499
5.131902602484808006977345939958	14.789864025664517299674116657116
6.932792435193315228048049903009	5.811315866961703768822644633474
13.702375321392583629176442627795	9.350904351675897174800411448814
10.301039286065051925334046245553	1.977136077408815140188380610198
8.842212530201038589439122006297	15.160908055377703362864849623293
9.400164011002569708352893940173	16.635736752279917993746494175866
2.345682561740241034442533418769	8.141251818605603318701469106600
12.218845600275884066832077223808	16.742330755770147732164332410321
14.627385357606968341315223369747	17.162794640197532203274022322148
10.209776035154565221318989642896	14.869554654246048386312395450659
14.739095662920961515851558942813	15.114242478157450477738166227937
7.882865961970711765616215416230	8.447349704646240908800791657995
1.821044367356826398918201448396	15.796455164353821132294797280338
7.216092789068601298652083642082	17.523427792024502736012436798774
14.100530751438828502841715817340	3.990914040873029478007083525881
4.713080154061143112187437509419	11.847489736916150704360006784555
17.104677452399283055228806915693	2.828304668437874092035144713009
13.486948715504802009945706231520	10.780924901598194054486157256179
10.064357393402739049292904383037	11.196106338847723549179136171006
17.480233588344347595011640805751	3.300838573218702443057281925576
3.596736303668273571076952066505	13.119119101161892615436954656616
8.729950462986378667551434773486	12.545352048734601524415666062851
10.051728020496790705351486394648	17.677981996441150869259217870422
10.199450361147247789972425380256	15.612246018986120077443047193810
9.320495305835553523365888395347	9.152569391017134847743363934569
11.256721722007645425378541403916	10.748886120942451327664457494393
9.899669196205341137329014600255	0.027652851812995038471854059026
10.790660461999529218246607342735	9.774613222178812677043424628209
1.215978936342079208543509594165	7.743127751072045761304707411909
7.576775997398863538023761066142	2.316533135888284355985433649039
0.843992071843500113459413114469	10.392226245204430057356148608960
8.019750303548594416724881739356	7.377015192787164110654885007534
9.863821708089338002878321276512	14.097678710310606930988797103055
1.558313579701371409669263812248	14.757306061673059360828119679354
17.208069973277208219997191918083	13.758494330795251414656377164647
7.673365557082766130747586430516	17.289548081930902867497934494168
1.113947288928963885723533167038	19.663558780506111389740908634849
18.455628804807503229312715120614	6.917718150903858109757038619136
12.715017351068466311403426516335	3.752282876783538334564127580961
6.274316164499280645827639091294	4.130872103949416285217921540607
0.172866064287768850249449315015	2.150019096521963213319850183325
0.632017867776966113524395041168	7.617419365783419493709516245872
19.123977821468645998947977204807	9.757953267382919904093796503730
14.260491360984904218867086456157	13.768213949075954971590363129508
10.921434174777802539324511599261	14.733732575417134214035286277067
11.926247721140171620390901807696	14.645499635494273249491925525945
18.859875350974704133477644063532	0.129310474496646676811906218063
3.237093224657916934461354685482	9.436690344450422429645186639391
17.375221948332605137466089217924	16.184294312402325743960318504833
1.377472551027151936864356684964	4.835123213439363354382294346578
4.218717066143430116653689765371	14.412507914954854726374833262525
4.751098631160575180842897680122	1.739610486740460260079998988658
1.286820530455750954956783971284	7.515179643020827526811444840860
7.926539077352083850769304262940	0.829665822750188297618478827644
2.490831319442967206612138397759	7.277103003103876588397724844981
12.772678564469014617088760132901	10.806582169279970173647598130628
6.605925742000993139413367316592	5.298648767812375481867093185429
