75
8.323422839335760770040906209033	5.522106505189731784355444688117
8.477499741906775909683346981183	11.345183950126573435568388958927
9.521913846264919101258783484809	14.453299319214952589618405909277
15.667767789914851306320997537114	11.040028151590169258611240366008
5.654747024270402988577188807540	4.339345700759751345287895674119
10.025380729069498286776251916308	9.057775917265693976787588326260
3.603199829869311088259564712644	12.069927547489513131040439475328
7.254090824801015635614476195769	12.133397294717873649005923653021
15.884403236469978537570568732917	13.988225016197491257230467454065
10.178366717524905737946028239094	8.675124487968297160023212200031
12.664119269753557617264050350059	9.745590877453345513004023814574
12.817039447457631240467890165746	9.837612567695769527631455275696
8.952013949523196956192805373576	11.516054521370982399730564793572
9.858265454151204920663076336496	9.428220750246547154915788269136
7.733763390283126426538728992455	12.797597503726043655092325934675
9.954008118512851055470491701271	11.185223424612880549489091208670
7.847230444984104380523604049813	12.582958333431829345272490172647
7.834573235226443443934840615839	7.281628379226999570050793408882
8.335917227106810045711426937487	8.251251645271917567470154608600
11.871761818039059832585735421162	11.171584581854908435616380302235
2.473908590585400801842297369149	11.497781166098173244449753838126
5.795291449419027962619566096691	7.330014342211223166145828145090
2.113365338427766637607874145033	10.185286390772889220102115359623
10.769987097530703934467055660207	11.277251754545373430005383852404
11.440086159497703022225323366001	9.381783178245990839627665991429
9.910995104459562554666263167746	11.441661895108961033429295639507
13.991789195414341406831226777285	14.850606274093902214872287004255
17.319111730001001348000500001945	9.780185788779309774554349132814
11.503399314642587469847967440728	10.620211686414474883122238679789
10.966710786114015618863959389273	10.361944195949501335007880697958
10.056291757638820882903019082732	7.510843093437204132101214781869
6.021553184579610196180965431267	9.498866981732822623030187969562
10.451409859331134200033375236671	8.200062012893919671796538750641
13.938513904285706246355402981862	6.296057101868088423657354724128
15.319246333273980553713045082986	13.095334221227101778595169889741
3.363074134203078102700601448305	5.489613800361174078545900556492
8.081187662591135634215788741130	7.072415244437124215437506791204
11.040233920284935109634716354776	8.780522721653422735244021168910
11.517429174087016718885934096761	17.690680519732346454020444070920
10.906622975365955596771527780220	12.154507483618218088849971536547
8.733066798314823131477169226855	7.056219608480905236547187087126
11.950075498783387928369847941212	10.118427134038210368771615321748
16.735828701296362908124137902632	15.711875360283212188505785888992
11.901877344846759854135598288849	19.022223048982262127992726163939
7.015459135488465669538982183440	9.866803708607362111138172622304
10.108771567903747978789397166111	10.153470103564131932216696441174
1.987830931922486499274782545399	17.081069848203014771570451557636
11.233515648255323782223058515228	5.833531006450351164005496684695
12.731944935346486857952186255716	16.359520308413738831632144865580
13.317965214697530029752670088783	7.943131496236786048825706529897
8.130595257071952630667510675266	12.926259149444151219654486340005
12.738165321696500953407849010546	9.307965560566405116560417809524
10.798636248151773031622724374756	11.206111499844642054313226253726
14.252102466203719899340285337530	7.682318746066648884607275249436
7.423008539628762392226235533599	12.128632302730428804693474376108
4.605666541881491049537089566002	13.432542682386531041061061841901
14.172012659709944060182351677213	7.452436266007893550522567238659
7.917823490651239026760777051095	11.889489120921874487635250261519
7.625748419786466669734181778040	12.155552609547179088167467853054
11.032104652506870223760415683500	5.239263766462023852454876760021
7.959286227046134420959333510837	16.390553089832046396168152568862
9.717183157725166608997824368998	7.032067953835125173611686477670
11.096503948824622654001359478571	13.252728892016909512108213675674
8.045870155630884923425583110657	10.372794825065978940870081714820
7.564380982442860279491014807718	10.563345205531527781772638263647
11.239218954523177984583526267670	14.542123392838153250750110601075
13.407835754260110761038049531635	5.467619620333714181015238864347
4.962158845168865184405149193481	10.010624415559448152635013684630
13.221691348650685071675070503261	11.391092539074005429711178294383
8.049606309288492411724291741848	9.117186057688364542173076188192
7.468277479463424128880433272570	4.639710870960589872424861823674
2.680568284351628527417688019341	9.327199640240774414223778876476
6.208920973146483390792127465829	8.889515308680767446958270738833
13.226652097636572236183383211028	12.158857502165099973012729606126
14.527791777916458926256382255815	13.679598157112666356738372996915
16.759761490066182432201458141208	14.377042492329159983910358278081
12.979882709888162395373001345433	1.898692586360938960865496483166
11.395329996592890253737095918041	8.866147493059749251642642775550
1.554374532231662442427477799356	0.373720287189122757354198256508
5.852895213283237474399811617332	11.432258798589082005037198541686
8.620306628190373743336749612354	6.332019082597077463958612497663
13.173543643140490644327655900270	12.424131246423057106653686787467
10.599228831434530206934141460806	10.517328950194391623540468572173
13.568082126331423964415989757981	13.616661660212425744020947604440
11.353740672488187968269812699873	13.751084939885361180245126888622
2.551580076637226746072428795742	8.455111000328162873529436183162
7.067486255699026109766691661207	9.264447455258700614422195940278
19.958240417175645120551052968949	2.792344383655741779648451483808
4.026623241423257226756504678633	6.629245555464311934201759868301
5.208068695134115522193951619556	15.654217160803503006150094734039
12.067089376239126252698952157516	13.421824613697030059711323701777
10.059776199791327755406200594734	8.446873728870246011979361355770
4.579975729030503650562877737684	12.300832960225719148183998186141
13.520483041290896508712648937944	12.693670108315528111120329413097
14.136217788343298451536611537449	12.912443894996503246375141316094
5.235004603576619786053925054148	8.096268891817542723288170236629
14.023091909031741408853122266009	8.793921446456732127217037486844
14.444917591212121266153189935721	8.896298312302535649109813675750
10.965209929357738971589242282789	13.190457311491577740980574162677
11.460483624887059406205480627250	13.753173729934065505631224368699
17.616338282551872396197722991928	15.968600861872381813100219005719
17.010914366512132289699366083369	13.760587983209290996455820277333
5.518091440463934738147600000957	9.152056362847162063189898617566
7.023808442177537969541845086496	11.823254988251216346384353528265
13.198082063802315744283077947330	11.165998514200250468775266199373
9.809659613650200782331012305804	11.131662381718054888324331841432
9.501926166459917055817641085014	10.915309350443589408996558631770
12.946395983867038381731617846526	4.542072124015613887593190156622
11.369501314204935482621294795536	11.438408063611772647050202067476
11.988140364788193892309209331870	8.603379669332504420253826538101
8.513483368853384192220801196527	9.876442659582215455316145380493
9.807862138537677409999560040887	7.235572447118562067203129117843
13.422278535975463498175486165565	6.759970519637167996052085072733
12.933105207741363074092078022659	10.773618555257099771438333846163
5.635724528297158641976238868665	8.723537924774987573073303792626
6.239817353038310088209073001053	16.118188469090682701789774000645
11.612059857639600579659600043669	5.754104088519403248369599168655
10.769547929976850397792986768764	9.827626570083051404935758910142
12.297800360715967826763517223299	10.904700301941016249429594608955
15.586205519318653500704385805875	13.058730803303577161500470538158
3.482285373163686692521423537983	9.556435132857282965801459795330
11.551823513906484208746405784041	10.156890071512220785621138929855
15.269580993607945629264577291906	12.311096114200829276796866906807
8.256638652840543102229275973514	17.717949324899528562582418089733
13.067849321935083750645389955025	10.499290696224740315756207564846
14.824834270838842087414377601817	7.668430410583350287367920827819
10.394122619768211279733804985881	9.784483852834151562660736090038
12.796401093396720938244470744394	10.467934940013996936158946482465
12.993379468618863725737355707679	8.338288178735101752181435585953
7.714226524454548261644504236756	10.170889074310020205871296639089
14.386273596554078224585282441694	5.080922604100085671063879999565
4.442801639754867970566465373849	3.555654221642504886347069259500
10.113042008898220913692966860253	8.325147247584970600087217462715
16.930899936969357355565080069937	8.846377850655452235173470398877
13.427886117331702564570150570944	10.508760997975873152654457953759
13.875201312277100740288915403653	9.088293914528037475974997505546
8.654460933774965170073301123921	7.238891162410970636642559838947
8.503444629824466360901169537101	9.675426503930747657022948260419
9.827376291103089300804640515707	14.217293744481050765671170665883
7.594740992881540364578540902585	15.980265134195102305625368899200
4.795266283558395237207605532603	14.700568781327541856285279209260
6.482338386609139746497021405958	18.170213737776251150535244960338
13.654957840514359901362695381977	11.702173811843792350373405497521
14.467890994244037017324444605038	4.841766884412435523188378283521
9.641976174957770595597139617894	6.276687103124887201488490973134
7.420856484780372852583241183311	12.347680330325795594603732752148
4.336299703492192847420483303722	14.682848302693267683594058325980
9.836962567362515841296044527553	9.852621436554143130592819943558
10.152781041183725818655148032121	12.503552403046294116961689724121
9.367230198072522995289546088316	17.785512661313880755642458098009
8.312483268489781806920291273855	5.225940561621301050365673290798
7.482137488372235800682119588600	13.196272787436985396425370709039
12.755842623300306826195082976483	11.633000640937600778102023468819
3.253161729977332328189731924795	4.064856350023841713436922873370
4.959782728102525517499543639133	12.490767202633350052565219812095
2.298578237210849195548689749558	5.354161457774296195566421374679
8.766727171352350467259384458885	3.078939468686354707926966511877
7.236766349969981249046213633846	9.337493059360083336173374846112
10.431935498732492817453021416441	14.342761600116698872398046660237
4.732063090322103704465916962363	13.095177063153528251859825104475
15.645712414762151354352681664750	5.559579815422725168616580049274
10.644761714241553818283136934042	12.867561430077245177017175592482
9.444129308559658042554474377539	6.394767144104351430655697186012
11.713724912856433135743827733677	12.988524801819105292111089511309
12.732863208994292136821968597360	3.125584463507831145534510142170
3.812398160055638918208842369495	9.122749690777951059317274484783
9.632556350348020046681085659657	9.077680210095486756927130045369
15.030796196709841794358908373397	6.575935096546729141664400231093
5.741855371622050618896082596621	12.162221818830380115628031489905
14.097808268485472638076316798106	13.357921532587102575462267850526
13.427801917869501835411938372999	12.373641332302998563363871653564
1.385840944266178098587261047214	11.418443308776010880478679609951
9.404742213584317056529471301474	11.208864815658369451512044179253
16.426007190168142813035956351086	15.419349124528096695030399132520
2.887497269220459017446955840569	8.903141350236541740059692529030
8.129366839943484635000459093135	12.490265714867538449084349849727
13.660351474274149197185579396319	9.560078580556480076779735099990
9.027168673432843348791720927693	11.345749968815617592099442845210
11.225666032897766655196392093785	13.631280972971854481556874816306
17.094211238265927477186778560281	13.015126939406073347527126315981
14.599463113962229954267968423665	11.178879357042321274207097303588
4.689489162219495632655252848053	11.569388000999714094518822093960
10.864525810633308466890412091743	14.474242314080003168896837451030
15.403088396213423294511812855490	4.572332181848063115126024058554
16.120615746544377344662279938348	7.856891430201921266984754765872
14.238047140139055812824153690599	15.829579793056851144683605525643
15.975843706540249655745355994441	10.677314234268175496822550485376
11.242005967504827168568226625212	6.506806653236777648885436065029
11.073045742783577338741451967508	14.990762686428009686778750619851
9.488311666153592227601620834321	13.440996943196362067851623578463
9.455240829523397394495987100527	5.798400534622065727319295547204
7.537656053249787824199756869348	15.187693442582645531047091935761
7.628601646661663515658347023418	16.166374916303183795207587536424
15.131558746681626814734045183286	16.333428695354371029679896309972
7.573837806201128231009533919860	6.645298324282832069798132579308
5.276489655116961330350022763014	8.893697899106895121690286032390
6.060402041654858962260732369032	5.634728045793076844915958645288
13.272554177165893918299843790010	13.740860953798668120384718349669
6.175764059873051436966306937393	11.137552411344890046507316583302
7.639517233675015006610919954255	11.111074602529876997891733481083
4.043838522862663431567398220068	11.043059283491899691398430150002
10.154649746227695672473601007368	11.907450165953465059942573134322
14.973055553973903641917786444537	10.339717102349133881489251507446
6.326385970862633989497680886416	17.240592579278562368472194066271
10.968970908561257004976141615771	10.093907608287233657051729096565
16.816215989775017192187078762800	13.481318536725680701238161418587
9.279931143264848358853669196833	5.942358554697058536930853733793
6.985232675288909121036340366118	5.148201484106864178613705007592
17.556874795095751551343710161746	7.987951350955601270698025473393
12.719211137866768268622763571329	14.145131625882729764498435542919
14.410522931800779034006154688541	14.789904371233905777671679970808
18.500509502723254229294980177656	10.426824535095256862859969260171
6.457728564309023866485404141713	6.885580677446958119958253519144
6.233065875092004937130241160048	8.388791394278365842751554737333
11.391077762491999436633705045097	9.200466153969999894002285145689
6.440908748765644453726508800173	10.960805945507484437939638155513
16.695493351725193775791922234930	8.036453494266044828009398770519
4.394162106676178680686462030280	17.418007145337298879894660785794
7.021366866965580655346457206178	1.664081872586613997100357664749
10.466128202780618394740486110095	8.775825084826806232740636914968
9.214287465387076991873982478864	13.353514566524061990548943867907
10.545443221547316170472186058760	11.573027882352581841018945851829
13.031900933794370089913172705565	14.174974129823514346071533509530
12.604219831043280919402604922652	9.544595512700249528847962210421
12.909981096579716819405803107657	12.644118620875840264261569245718
12.358652462970443508538664900698	14.182595793236369985379496938549
2.469780712731729721554074785672	13.606410326628310514252007124014
13.639913718732836755975768028293	11.750491566892790729070839006454
10.907621286500809532071798457764	12.704052061251818628306864411570
12.379912697757038841928078909405	8.400747026499619352080117096193
8.029386609826234533215938427020	14.319893194278801473728890414350
11.240442919870348603694765188266	2.255180318445544784822232031729
2.844658457531949125041137449443	8.767260965524350524447072530165
13.820197055915290462735356413759	5.084590398070353955972677795216
15.579517942212191883299965411425	10.865597995525851260367744544055
4.829941877408553629891230229987	9.871646753064947432676490279846
11.619684240524660978621795948129	3.162603429479851513406174490228
10.915389222945018232735492347274	8.644661326846433624382370908279
10.853821829464180837021558545530	5.965054546216090436416834563715
13.005044017285314339460455812514	17.459123024586439498762047151104
16.446198619721599243348464369774	1.793654724548950696316751418635
13.199093536208920340868644416332	10.587368582266815764114653575234
7.424257526855017275124737352598	4.830166460540772810361431766069
5.248989071168491449270732118748	2.481044476760619232891258434393
4.784212812153454841279653919628	12.050273142305217177749909751583
5.331299080927863975887248670915	8.946990942590899109632118779700
19.453497289369117595470015658066	4.973923507226985840645738790045
7.976714604619905557569836673792	9.384740358192694031913561047986
12.761962112377162270604458171874	12.846928360774349187067855382338
5.418514087025634751171310199425	9.783571014453427139301311399322
8.502346599247616154571005608886	11.778880089512380635596855427139
10.232554055208696652812250249553	11.285553668199504784297459991649
0.654543058695400858937318844255	10.006299866005907261978791211732
17.105793236266041645876612165011	13.001323984666045774361009534914
9.987280024681970402866681979503	12.689471789036115723092734697275
0.790358867172987089588787057437	4.345511343656571767724017263390
13.196047641778626768882531905547	3.412768549039525645127923780819
11.909222728187881301664674538188	3.178980093377190563330714212498
4.873260571465013235581409389852	11.247760304210556725479364104103
10.448960906662868808325583813712	18.876206633772799392545493901707
10.269027758842261377481008821633	15.385521227785549314148738631047
10.800110797356653691281280771364	4.537548348306553513964445301099
9.653843869141073952278020442463	13.605634858420286192881576425862
15.116295158612661708730229292996	18.237073668880611876375041902065
3.939686147733784338242912781425	7.404386320280111455360838590423
14.907855888866716753682339913212	3.507825334856846666298224590719
9.632394268091358568995019595604	13.750478415676559151847868633922
15.210303377811994707258236303460	15.676054719705840412302677577827
16.653517919276147551954636583105	3.641604751159236208479796914617
6.891458221731271649446171068121	8.912795282556167819620895897970
8.190408565175761879117999342270	12.955732881503752906837689806707
9.625749375728798185036794166081	7.461047945587088392471741826739
15.793103157987518514460134610999	11.884139919396968565479255630635
13.922730512615652642693930829410	4.982895234269907547286493354477
10.672014550011621025760177872144	8.499245171123041231453498767223
