75
9.664567634266640894225020019803	14.914328296715293475926955579780
5.773733032569587031446189939743	10.555391600901289805847227398772
8.153008212622381734036025591195	12.251109859740408225547980691772
6.936308546455283163822969072498	14.283345755500937102056013827678
3.970138197591364992433682346018	5.287348132637309738868225394981
5.293814991364077293667378398823	9.247972813057646845891213160940
9.496615501352810184698682860471	5.431318030898229842762248154031
13.725884026609422861042730801273	9.967001220780696613132931815926
5.094042289549586044472562207375	14.156504991512075974924300680868
6.314038893278427266864127886947	13.716883002409950620403833454475
10.567242854865160239796750829555	12.302336796029504029093004646711
10.887450471369128024434758117422	10.152748996080388721452436584514
9.945623723005258653984128613956	14.322116077695350000453800021205
7.129688731608571750086866813945	14.276150711184509844997592153959
17.843734737018323244228668045253	12.411559115969033939563814783469
1.201527677843722941020132566337	9.953113948234395991221390431747
18.809867742323035599838476628065	7.499654682580039199990551423980
6.951361410860330103389514988521	4.250630494595609043528838810744
13.626899927769857256976138160098	10.296208163729898998894896067213
5.927431315079012996704932447756	11.274188994839917654644523281604
11.003690549176228685723799571861	2.410779989164224978992479009321
10.101395624897032021749510022346	1.786138341838576337750055245124
14.245282949267231487056051264517	5.652752798883329710122325195698
7.683139051500355698465227760607	13.145328900194247268018443719484
7.038088183496576277775602648035	3.771084824555679837487787153805
10.674181835298478304707714414690	3.947313180755655181997099134605
13.674040451437425858216556662228	13.234749598920902968757218332030
9.601269281462100124713288096245	17.936313935182937484569265507162
12.410590468316438972351534175687	10.303744456471843449207881349139
7.806831414824248582817745045759	6.355251480526836971307602652814
12.715665055673257555213240266312	14.875260417767318443793556070887
3.757566501730054575602935074130	5.147421140314773602142395247938
10.884987246851338227315864060074	10.664037348169136620867902820464
8.476036503532910160174651537091	9.079942862748222154323229915462
16.884899821736695457730093039572	15.645429031302130695735286280978
9.183923766110689612673922965769	11.692783527760047590504655090626
10.244232297237251927413126395550	7.844612165174718931837105628802
6.942180288831165668739231477957	10.894468932782420012017610133626
7.562633298607062570795278588776	9.519333703493186860100649937522
9.518507997679705567861674353480	9.219114982604702746016300807241
8.629479754658301970948741654865	6.363899032880762085540027328534
7.255897603542509344265454274137	15.835117733930033523392921779305
12.120268983976940191382709599566	5.127649813991419947001304535661
11.342199852798133363762644876260	12.067010672008887439687896403484
8.311084924814192476105745299719	10.952346240910756591802055481821
9.963706313019375926387510844506	13.020918735830935730746205081232
11.065942453563158309748359897640	0.561589303645066095782567572314
10.807534226679759825628934777342	5.171504288775469859729128074832
8.709969759731080785059020854533	15.044128338402563471731809841003
6.578544239794259063103254447924	3.844050290927937929552626883378
1.744678375173263518149724404793	13.893360828824185659868817310780
5.011765192756225673065273440443	8.414070940264084086379625659902
15.334065855763043373372056521475	8.831406573279577898460956930649
10.294167396098831801509732031263	3.825768922139160643780542159220
13.147058083788875748609825677704	9.007787744064170709634709055535
7.823776537083198867605915438617	13.105053229665319491914488025941
12.049751302304748890037444652990	15.074280246467051114223067997955
3.483053960680277505446156283142	7.474756966998166163307359965984
7.658965985675097343232664570678	10.700956464969086923133545496967
8.109980233735219812274408468511	7.094328903025439281293529347749
10.632063907024184246097320283297	5.145744078892570350092228181893
11.466356171421216103567530808505	12.319536520184826144941325765103
6.126611807646341389954613987356	8.686128604236515116099326405674
16.083386401959401723615883383900	6.967756806237706435069867438870
12.627477290616761607111584453378	11.587582990405536520484020002186
17.155025251905399841234611812979	10.333952528135704085343604674563
9.712178368490889113218145212159	4.959376498884590311888587166322
6.600670380111511192922080226708	7.754758508183910770128477452090
5.838393050836735653774667298421	6.560853089992434661326115019619
10.639693539155185675326720229350	10.331571682828478486726453411393
18.079789334560572910959308501333	7.356191545333059522704388655256
6.718151714130912388611704955110	2.956104252520855624197793076746
11.521027127705529835566267138347	9.131332282533202615582013095263
2.423865863258306774241646053270	17.515444518050298228217798168771
14.921910528110338134410994825885	10.090401226049699801023962209001
13.634459932257781744624480779748	8.444584459868085701828022138216
13.009331741807717008896361221559	5.907417360150575724730970250675
9.021208295152881362355401506647	11.630572378704933100834750803187
11.421597300250798667775598005392	10.861769589332229912770344526507
16.290168974977561333616904448718	5.768243801462904940535736386664
6.476724927190540270771634823177	4.430049069176422271709725464461
7.180654661809021455098900332814	12.860264236919523028745970805176
9.008841202342983578432722424623	11.222699704745501492197945481166
11.172936340282394240830399212427	13.449949143872196088977943873033
6.999510082711124070442565425765	7.250110027334025097900394030148
10.454453063206235796656073944177	8.108908120195007285246902029030
14.330552830991258872472826624289	11.037281465176892680801756796427
10.961321091798954086016237852164	4.817339570757710909276738675544
4.209096286302126621592378796777	8.494679257530743043957954796497
7.238381352188557826821124763228	3.950692497977722261737199005438
4.397000487582099381711486785207	3.023002203040165980496567499358
4.002546636902006405023257684661	10.590102680243548505245598789770
11.194241787662559062255240860395	11.545382418793694867531485215295
8.303782910110694359673289000057	8.932543495058741456205098074861
12.382190964390936471772874938324	10.855492669060362587174495274667
14.406629144878969839282945031300	7.003379352435365134965650213417
8.677902191062717207614696235396	15.958662187991443204282404622063
5.753191421392265247902741975849	6.879693166279582605682207940845
8.982724314710857527188636595383	12.471550360380906141699597355910
14.446140838785414217682046000846	12.569325549581261469711535028182
8.588837228966287540288249147125	12.320997667721787394157217931934
8.851895843966460120100236963481	11.989830507519025459828299062792
13.119677902132512059552027494647	10.996785596983331245724002656061
17.845389779986490452756697777659	15.968857899798724275797212612815
10.722953338690770053176493092906	4.001423335989995777595140680205
1.455281675742275737661657331046	8.631706079201391546007471333724
16.968515003365030935356116970070	10.170478617627242812204713118263
7.878806957567064728209516033530	12.165104659349808002843928989023
7.113881730218073684568480530288	9.636092274170929172782962268684
14.609296562089877369317036936991	6.344510920411714494093757821247
5.435066593864008588354863604764	11.158367788556400768129606149159
13.010591723741235625766421435401	10.665043563186472397319448646158
4.647306382290636861398525070399	14.248588201481755532995521207340
7.716348175702314904356171609834	15.277098078899745914327468199190
13.608359504093593628226699365769	9.702682402722308196985068207141
8.332515130748680221017821168061	6.321900047657520005373044114094
11.709370406284543619790383672807	10.222523470262297351496272312943
12.630361501342354912935661559459	8.240559169838274300445846165530
9.358685253533497672151497681625	0.959393327151019548182375729084
12.388526822844522001787481713109	10.484595026738256606790855585132
10.785626721959813423268315091264	9.133003347821375683679434587248
17.834532033826942409859839244746	5.027622404810150769094434508588
19.369634201890253422106979996897	2.937822244795270876238646451384
4.608095919709432664035375637468	15.293190343063486125174676999450
6.692736890201846478021252551116	10.173670150744383633423240098637
8.218504348053535579765593865886	10.791059503605263003578329517040
10.601517129532641803280057501979	9.461749571485851717511650349479
7.921380782003399900759177398868	15.304043297283772773198506911285
9.059940679976618227442486386281	8.304000972152300263928736967500
9.414046961338840446842368692160	8.512197331370888520041262381710
1.348402527281223228783346712589	8.984827720126988381821320217568
6.939963920084399440213474008488	8.589065617696027388205948227551
7.201377734120208984336386492942	5.356439854665694610957871191204
3.143075279828825507877354539232	13.922569642263701084061722212937
8.548272227465796291312472021673	11.144509933990567773776092508342
8.506702117610412727799484855495	12.747187399357532200383502640761
9.196083971461625594656652538106	6.201924842184038944026269746246
5.067716058974839121731292834738	13.832163758984476586988421331625
5.019741765660624466249828401487	8.564289872428560101980110630393
8.147853165502025873934144328814	15.642621722722847010800251155160
9.705314320576526654349436284974	10.437996860507507079773859004490
12.144770009567988466869792318903	11.810580371855802894742737407796
10.803007545574784487030228774529	10.980210474008261556377874512691
11.871218447032116927175593446009	10.757686342117359856729308376089
18.272096468476306085904070641845	4.251523787098172135756612988189
8.362698193711985084064508555457	11.409475841033968279703003645409
5.150810244352649114318865031237	17.029100604533457641309723840095
2.705971859066790941028557426762	14.109894260341485860976717958692
15.666910332880128464694280410185	12.796244963782928749651546240784
11.354410373735948525109051843174	11.725533606494096261485537979752
4.710986591615585084014128369745	10.269445151448751474276832595933
9.249782267288182424636033829302	17.763019496118424456199136329815
12.905722780070295385712597635575	2.420220270425562425486987194745
3.895828218307834767131225817138	14.082985533109072306956477405038
0.638249147648700443369307322428	4.092934319421290823015624482650
11.581384357457450207107285677921	12.737254504410506328326846414711
10.422619750755423240207164781168	15.139994749767986093047511531040
5.340675092769134657544327637879	7.872763166758113939636132272426
10.636068660306687405636694165878	14.765034324231415041595028014854
7.922712422384639907591008523013	8.128072590679723319340155285317
8.164348592783872149425405950751	6.885015014955824241837945010047
12.108279435059740691826846159529	2.494060942189483931485938228434
10.868787280308906062487039889675	11.376687783667879472204731428064
8.464873964219425062083246302791	8.285874608094671245339668530505
13.710137627153946127123163023498	11.111580000744524454603379126638
10.822726092998333768946395139210	11.289249962880067101878012181260
10.473578932701089527768090192694	9.164334840806725779316366242711
11.434878414388053968764324963558	6.528733526458010416604338388424
13.805522755085370079086715122685	9.142448124371544082578111556359
5.490448130301630591532102698693	11.370990237852588222722260979936
10.027645708453789552550006192178	7.229652261182430095232120947912
11.299584307328496279865248652641	8.742728227545477182047761743888
12.972592521261617548589129000902	2.764909540284883782135239016498
14.825030322910613733711215900257	13.598950109614396097867938806303
6.525059377608339872267606551759	10.573191351097937840108897944447
17.658071020570190512444241903722	11.818442818111467573771733441390
11.756074063419877262504087411799	11.144132620038757153224651119672
7.082320306684053434764791745692	8.685740526146307871613316820003
3.764685024028685766950275137788	12.626899617526374797193966514897
13.612519750529541440187131229322	8.235253040555171821779367746785
12.788539363055797082324716029689	5.842693128467755236954417341622
9.882539156832503834948511212133	5.572181628510647577456893486669
9.365995990629420120399117877241	8.508477457566279156253585824743
18.667588987249374099519627634436	12.284095578662769909783492039423
12.598448501169265512089623371139	13.653081527647080051224293129053
11.049012610631336883670883253217	3.703208770982060471510521892924
10.276165917236339097939890052658	12.065964466090548512511304579675
8.023240337003707978169586567674	4.977994389114547502117602562066
3.496125521819689829783328605117	9.505251002282166794543627474923
9.367887951485723618816336966120	7.466595121233057241738606535364
11.656259431187560693388149957173	5.819993884593639421609623241238
9.227862103739820298642371199094	13.477602037230326459393836557865
6.536455283080115918892261106521	2.339404301430702659558846789878
13.008743296377048181966529227793	8.638182362836243299852867494337
13.067228819202201250959660683293	9.612923342956692707161892030854
16.160653247456515657631825888529	4.714419711487451536413573194295
9.622405823687868675619938585442	6.894715656017394778132256760728
4.445818648123343486133762780810	7.557761947851938444387087656651
10.704713210809549295277065539267	4.649191963910513258895207400201
8.032089777704110034051154798362	13.711156088854798085208130942192
12.522539083128124914878753770608	15.871039581713855426414738758467
13.990329111476032863947693840601	9.138126670289835828953073360026
7.777843164149416566033323761076	13.194790398544594012264496996067
8.489308718299607647850280045532	0.530937237290176611281822260935
9.596947943517838197635683172848	10.234264101990655504437199851964
9.878333842316488144774666579906	14.757401848543674205416209588293
10.329629551562337752557141357102	11.092425152520515752030405565165
6.464368926268861947903587861219	12.675745543414203453380650898907
12.623367906710937447201104077976	7.794116398094045550237751740497
11.351332484144235124290389649104	3.080426645978219468702263839077
8.975077325710239861678019224200	10.751126550879737564514471159782
11.835180519466479864831853774376	9.555068731821204863763341563754
12.092134867587223112650463008322	6.481535571591791722312336787581
14.565488599048492801557586062700	8.107899483277641650147415930405
11.819193455391522107333912572358	12.038271905668434413883005618118
9.808213166517823822232458041981	15.501476380032729096569710236508
5.710400026894303593394397466909	7.272780630570255588907002675114
8.906648063182622365729912417009	6.989773514425150935380770533811
9.749489158295356006078691279981	0.209579803907368855675485974643
19.438746061155807609566181781702	10.715915265288032287571695633233
16.730976173419165320410684216768	8.031135671837139611284328566398
9.781522688921642227910524525214	11.029421930575264099161358899437
13.850709698579438011734055180568	14.066514811147341035280078358483
6.392557941816690458836092147976	10.447356105717014784772800339852
12.424472604578022938426329346839	9.434410244095261077745817601681
14.501264006497812886209430871531	6.095107731826916008799344126601
9.341745318108351625596696976572	9.128652270069066432256477128249
12.000839056972237628428956668358	10.357921260030584775790885032620
13.479435085220909940062483656220	8.281087337884976307122997241095
6.015973275406238052198659715941	9.116425156235159477091656299308
12.994954236547396675405252608471	13.283164087561791788516529777553
12.190441242826501877516420790926	5.861806941325782283058742905268
9.017058215438037649391844752245	10.588684099395910820362587401178
8.273818961288995410541247110814	16.470382738341605488585628336295
11.346799872279882848147281038109	14.098459697261603196238866075873
8.326467295782862265696167014539	10.239180099558156555872301396448
8.609216866475145835124749282841	5.415021093213014502509849990020
10.047674156053123084575418033637	12.690311153968549362502926669549
9.821294999830705307886091759428	8.252025138770544998578770901076
14.303223785641566934145885170437	9.978843384046774289686254633125
13.567975599741812331444634764921	4.310788738839668177149633265799
10.941511540843471550488175125793	11.708043123381642658387136179954
7.075293709063927849456376861781	6.433986917174704167621257511200
9.092375815842528297139324422460	14.216989813442143741895051789470
11.887242103536047821421561820898	12.091101315822092132634679728653
16.496910213226154695576042286120	7.343258719344347262847350066295
15.095612541005916540370890288614	7.059806444741857589519895554986
15.475601788560812366313257371075	9.391110915050187912811452406459
16.538872212737295797069236868992	11.395954761990003234473078919109
9.182696148930244106622922117822	10.818649220927923693125194404274
2.500390320291010937125975033268	9.662295585867150649050927313510
14.656551526933125018103964976035	18.377906645825202502919637481682
13.085119703823686165833350969478	15.013661180962426300311562954448
11.190959854820903274230659008026	9.649692971839968436142953578383
10.409542676673277483700985612813	10.723771428683248174706932331901
11.401269372995296080830485152546	8.418829703112933771080861333758
12.815523984136833135494271118660	4.891672475846817746969463769346
4.456415263146152661022370011779	9.755142260157882105886528734118
13.642325769080812847278139088303	7.442101310056577823104362323647
7.063307803562576481226642499678	14.092764575979112251502556318883
4.824526935703111085729233309394	11.554315484690791393518338736612
12.040094307782744920132245169953	13.742030823790093663205880147871
7.967254120146282758696543169208	10.254376591976987143084443232510
4.035776354382305086687665607315	16.099318697028763835987774655223
12.512740651101937672251551703084	13.756393782778690848545011249371
11.694123095047233462651092850138	11.788677406648590206827975634951
4.797644184756043372885869757738	8.054090390898370088734736782499
16.802318427362159525273455074057	7.381094107923180658303863310721
7.055091233747495138572958239820	6.590516919329171940944434027188
8.108282112212121361949357378762	17.777312706873914294192218221724
4.694011750407798722051211370854	18.135785331501992345692997332662
9.108043686659517135240093921311	11.947908432769617448343524301890
14.472597052532954364778561284766	14.625696102460583603033228428103
8.126446644365243443530744116288	15.177509432596574256990606954787
7.406389669761693994587403722107	14.193078044964668293914655805565
