75
1.335837870549203998393750225659	12.573876858056477701097719545942
12.121509885327450106728974787984	18.884241199061687410676313447766
17.682951835144343988304171944037	3.276621531448699720101558341412
9.825606722207066212604331667535	8.366162649757292513186257565394
5.534519829072137575565193401417	16.359795528540470144207574776374
8.638422924133852376371578429826	10.197350326510093765364217688330
12.935787630654935753682366339490	13.106949506757366918918705778196
9.000425144917347353157310863025	7.812026745492699042472395376535
11.154798042538370594911611988209	9.549524950130363620814932801295
14.788903544935010359040461480618	7.871173827145868884258561593015
8.523297142399428594217170029879	10.435100980564223860369565954898
8.775161423544785677108848176431	0.977605003895966717664123279974
7.369808164632752678357974218670	6.067049938714792922667129460024
4.609049126613508740035740629537	10.994629392149185775906516937539
11.752815382494425477943877922371	14.146692134851576838627806864679
6.501427852944063445761457842309	6.537419837562447710865853878204
7.338916026446398177540686447173	7.509846832251117376699767191894
9.643447746104094164820708101615	18.410268130565324184999553835951
6.494735857716960047980592207750	10.698652691890544019770459271967
8.570565922768093258810040424578	13.527927687695143532664587837644
10.338312175884562194028148951475	13.570277242413233409479289548472
0.423222461112240821989871619735	8.248628488010533388319345249329
12.364008386910985137774332542904	13.301984822060141766542074037716
16.452020852887322632795985555276	19.135645929679466092920847586356
7.378353459169646910709161602426	5.856191813159983716730039304821
8.453264288886778388132370309904	13.680312371883626809676570701413
11.603156793950414993332742596976	12.140451750137927433570439461619
4.856231069959639157218589389231	6.616000754090637592241819220362
10.439000299163092577714451181237	13.013110303332586781266400066670
9.826194133520875340082056936808	10.457914375882932489503218675964
4.550256215571887530302319646580	12.456213516157660592398315202445
11.025968523566747947484145697672	8.009662618378634135751781286672
14.804450825472944330840618931688	8.830814844316199341278661449905
16.739280666409033671016004518606	5.263326121476803898246998869581
16.288538906958734742147498764098	9.962170092329349913029545859899
5.273322860685302870820123644080	7.414726407095033167138353746850
14.085591074694477242701395880431	11.550736364579829995591353508644
11.785952861427190896392858121544	10.835597008834128018861520104110
12.034862511838081644555131788366	4.563973759496505522292864043266
15.153277477642635773236179375090	14.549876326667352088861662195995
0.601656666867187439606823318172	9.820369363912190507903687830549
9.035711881269802958627224143129	16.296868468851368305649884860031
11.789413348422622007660720555577	12.237070799694066636220668442547
16.202214240947263590442162239924	14.216262663883119543584143684711
7.861033666924816643017948081251	7.313741380504710676291324489284
2.346328446201090933698196749901	8.264107860385593085084110498428
17.964587138733044469063315773383	5.410242446615892042416362528456
10.522489386093431207314097264316	16.010884883160084513065157807432
8.858739040986343127315194578841	9.595033169395891903263873246033
9.250443661574644593770244682673	2.573409835188371630465553607792
12.651222922738760701122373575345	12.215111248933494536572652577888
9.167269273752115310571753070690	3.605755430987001020071147650015
12.402021035624898104288149625063	8.171098658547819582054216880351
4.441818268541377179303708544467	9.437282287683029124991662683897
3.073518973646446106329221947817	13.887731126818323446059366688132
12.192571612614038656374759739265	11.330156933978837940912853810005
12.135601572381787605081626679748	10.058704194175570378888551204000
8.113220215415365643707445997279	12.846846559114013075486582238227
5.817524738051202071176248864504	11.736409744603719218503101728857
14.010956130569308442090914468281	12.573953242386435746880124497693
14.171908781757370121567873866297	10.017447303956586779349891003221
13.088331626699137189007160486653	13.348037028154564609394583385438
7.110794471107379166596729191951	12.685118854493268258920579683036
13.400284819094867572175644454546	15.954534249617127628084745083470
10.565277253060809670159869710915	9.248709543411980149585360777564
1.147644921769611414674727711827	10.733702062571376600885741936509
4.108964186833420129119076591451	7.934044240788556301424705452519
9.432880467017506376237179210875	8.959322757974961248805811919738
8.969866896606379924605789710768	13.236892840739393761850806185976
6.285572464205923637337036780082	10.841601681756927177957550156862
9.012192884303205531182356935460	11.995970735644487348281472804956
17.107707963129325179352235863917	14.277196133474809869312593946233
12.871384245301594972943348693661	13.921647740486701394502233597450
7.597200161636729731640116369817	7.848349419974546492539957398549
13.159719093185662686096293327864	6.001711822008132024564019957324
3.299474847456225212738445407012	7.950206184138572496067354222760
10.595320905322667570658268232364	6.163941943562565306535816489486
9.580503551420159524809605500195	4.061089249769425535419031803031
9.248755363974799692527994920965	10.662622132832975552219068049453
15.461343605739779505370279366616	10.248333564842702969599486095831
9.121240318159719251411843288224	8.125236080796165438755451759789
10.949668926877805574804369825870	8.919485907194481200122027075849
7.369467709030013580218110291753	8.982789397928469199428036517929
6.926958698431448624432960059494	14.130129463111945398168245446868
9.290401882776610165137753938325	6.993028313621449498782567388844
13.352381825619804800453493953682	12.459005412349368313584818679374
11.989547303685235135617404012010	15.226961411906550836192764109001
10.615510773312722747618863650132	9.483157422397471947306257789023
4.850299570842175889140435174340	7.592930608674328674112530279672
9.551452085440315542541611648630	8.656255408469364809320722997654
10.529417015460301954021815618034	11.270812667043280441703245742247
11.270970931287608962634294584859	11.723925976116143843341887986753
8.959390674429945633505667501595	16.921121837180116642684879479930
9.559299107314130239387850451749	7.475434363409222626728478644509
9.102008601516539343379008641932	12.165705455766705256337445462123
7.208626254536159905228487332352	11.718867586509579936659974919166
11.911692046287150503758311970159	17.348027356465415493858017725870
1.945197016763941633143986109644	10.007409847873713459875943954103
7.429649251908538865052378241671	8.310481291929516345362571883015
9.442757766564307431167435424868	10.872284140088661175127526803408
12.089939346225035521342761057895	12.155598801555234089732948632445
10.188610851528654421827013720758	8.638295941628003404844093893189
9.361783147819901174102596996818	9.642816591631961031794162408914
8.175013802501156945368165906984	7.909052517733345055717109062243
10.661190471567021376131378929131	5.785274631508713127914234064519
13.062248208160507800812411005609	12.399573849638427347485958307516
14.758999159465755468545467010699	7.656917223042420062029123073444
11.340886348439219943884381791577	4.054797874474532548561001021881
6.686012881453818224031238059979	10.406802228939065813051456643734
2.472212170672762887591034086654	10.081551826882970246401782787871
6.006916165931738049721388961188	4.954227934457255955180698947515
12.211627412712349638468367629685	11.570498620892571750573551980779
13.668144612902725754111088463105	16.010788233633483912399242399260
8.696661138847392891193521791138	6.519598416562884857228254986694
4.494839474970325987612795870518	12.442336480652965491344730253331
8.723095645616204762973211472854	5.535979977399964724327219300903
8.309363169915906510709646681789	0.554252467405715876225258398335
14.379604326586191476167186920065	3.821753378782965171467367326841
5.552849281195331165861261979444	12.024802540846678766683908179402
13.607705220249457056524988729507	15.648080396787744206221759668551
4.734319408095092107657819724409	10.783731268685837534349047928117
12.317364992408856849692710966337	13.294176886776090995567756181117
12.060131216401416054395667742938	9.502146666391322327172019868158
15.558396371130729818332838476636	6.971079333667281829889361688402
6.685523966911862459028270677663	7.686219725033904381916727288626
7.706324786436405283041040092940	6.156684002507152975169901765184
13.714371551850071284661680692807	1.677412306632247052107231866103
3.357587395188452283889546379214	12.277499378653462969168685958721
10.756851398129777308554366754834	9.502621923754688282315328251570
10.742216358563894118560710921884	1.096527732826610090910435246769
5.813955810212428687577812524978	8.238245566738248371052577567752
10.222248269264497366748400963843	12.543936885734963126992624893319
9.049789541319663399576711526606	12.820897288393087620761434664018
10.359344732892139973046141676605	8.892444635435911237664186046459
13.623372820772043922943339566700	3.946504563380610619560684426688
13.458968740594455582026967022102	12.721992262904356252306570240762
11.156811363898997413457436778117	11.841307505131371868856149376370
6.858781006185263429131282464368	13.444720171705121458671783329919
8.959050612344171327094954904169	14.048244042692104471825587097555
8.716986431930644485532866383437	18.061207952240646790187383885495
4.308787060142428515518986387178	11.214227315033035381475201575086
3.342157121521583285073120350717	12.980767800399533484778658021241
4.066282038906908979924992308952	7.094797657745640862003710935824
2.630881325253274560793670389103	9.087720087080827013892303511966
8.977519217325294675902114249766	0.989311777325211139100247237366
12.401390831234010647676768712699	9.812774266764131780860225262586
2.676482916644563836428005743073	11.798301700943127912069030571729
15.155241081333606700809468748048	11.144864044287546178679804143030
10.491654014057196775411284761503	8.629803621159377158278402930591
0.124804446447674521891713084187	15.932956681415047839323051448446
2.008773769242180762262250937056	4.482892401254059855375544429990
9.938299982237040808286110404879	6.377636332857539613883091078606
5.578696382649555474131375376601	8.873277832776961915328683971893
8.975268556988895696235886134673	7.945090890098592595336413069163
9.572813246450378343865850183647	5.871336642736150857047050521942
14.165696767128682864722577505745	2.725611582294799717374189640395
11.014383195350079702734547026921	14.287873431279901836887802346610
6.059505353250309589441258140141	13.301004336071649447603704174981
9.615348186994040702302299905568	12.600548753772450538690463872626
15.126660569454241311859732377343	9.099668695761437220426159910858
16.903469333772822125183665775694	7.651534203463972616532373649534
6.446917145613365818235251936130	12.128907705648424908417837286834
10.790504702376878753966593649238	9.134323229738322780235648679081
9.401708974751805669711757218465	14.728444839196285442994849290699
14.232108484798033032348030246794	15.143784714256641521501478564460
8.779845092744571033449574315455	17.408533093661834101339991320856
10.921283969228596788525464944541	7.591971809216421007704411749728
11.998288475145121978471252077725	9.516696543493054605278302915394
13.589223745110633245758435805328	11.659387947641723926039958314504
11.776039944878107235126662999392	9.398501350414917965281347278506
17.591465097497703595763596240431	3.118967437296676692426444787998
2.137066418226098996058226475725	13.821591951824501620649243704975
4.944724931548997837182923831278	6.455994346146633589000884967390
15.926215276944574839035340119153	10.601360741592996461690745491069
13.103097060009826435589275206439	10.471204512086654148106390493922
8.881529822286509556761302519590	6.924085041581943045230218558572
11.518469519338811579700632137246	11.270159631248654719115620537195
11.565064640328820644299412379041	15.709430026947146075144701171666
6.162043028805721078811075130943	14.699264452848488815561722731218
12.607637407244137506268089055084	11.322988522084235896159043477383
10.922446058732003137947685900144	15.438620744700722653419688867871
6.578805762868610074178832292091	15.958447769252275705298416141886
9.690145850529518156690755859017	15.509412621257300912702703499235
5.611027981553652566049095185008	2.853651840445946774593721784186
10.109920816988459790763954515569	13.346013525776573516168355126865
9.374714136120998020373917825054	6.892544374022306463700715539744
5.004281209123240259373233129736	11.899697254703706761347348219715
10.701475820406345818014415272046	17.789343702073370678817809675820
5.341644175498160507231659721583	12.438865074098185203865796211176
9.936460078115317173796938732266	7.804997043308812720852074562572
9.357054710817434894920552324038	7.514334509035123232933983672410
11.518919371717609934080428502057	9.469790638891648626440655789338
5.236670891563731444762197497766	8.061802083738326629713810689282
2.067358461626750631978666206123	12.787532083822609862977515149396
13.804798711787588771926493791398	6.483833626225912638574300217442
9.900723874378819289177044993266	3.691880365463050317487159190932
2.483960116820552066485561226727	6.019254116295911671841167844832
8.848046958539962147938240377698	12.831839863331854445505086914636
12.559523173060496148423226259183	10.970029962516603561084593820851
17.248675014784591752459164126776	11.777867819710909458308378816582
17.800471798476877438588417135179	13.464130437890295510783289500978
9.923349644151555182247648190241	14.471360091696389815751899732277
11.062846063668370533150664414279	11.764519293273245637010404607281
7.976709559561360407542451866902	12.462057655886210838502847764175
15.840997504875382162481400882825	10.214267669000946625601500272751
7.282824711796441974342997127678	12.270647398866534771855185681488
6.691092955690903565368898853194	6.517100282201334415788096521283
12.255175134474308507037676463369	8.574470639628181345415214309469
11.816894278247399796555328066461	11.242977530735942082174005918205
7.381270428028754437832503754180	12.695410166818856367854095879011
7.886135937716147736864513717592	4.717216841368014002000563777983
13.175870402913890444551725522615	8.155137765410316319503181148320
18.372186398092711812068955623545	6.876117475414931234922732983250
12.795383888131700800272483320441	9.152436036928108364918443839997
5.828759686043518684073205804452	9.228048171701630053576081991196
8.183924337985926555916194047313	13.739924116038203294465347426012
8.689344950666329836508339212742	13.073695399492327950952130777296
15.395204510644109774375465349294	12.770572689625204532148927683011
5.876403177275691724901207635412	2.099081848384058979206656658789
8.786510521155555863970221253112	8.103431608593719914779285318218
10.083727950075356716297392267734	9.105595922238471473519894061610
8.186670275112007288953464012593	2.179630533782785484220312355319
11.240518146914848074402470956556	8.256760242738149457863983116113
11.521512959912200813050731085241	14.653373485854260138694371562451
8.815420170680557276909894426353	2.836134150578611290427488711430
7.073296973586160163449676474556	7.284815696120173988958867994370
8.177151681003499206212836725172	13.676421891086395277170595363714
4.188816997714830847598932450637	3.831419895832873123708850471303
7.443329403367997976204151200363	5.594148923310031662481378589291
10.887709323715137443855383025948	5.067668617418616072711756714853
9.919329072115441903179089422338	5.754852285652244603397775790654
14.682416566178526196040365903173	6.791615011456653583366005477728
11.303288321097930690939392661676	8.677804195332928571815500617959
2.947444288309174709183935192414	12.951819540885113113404258911032
7.679728613599509756681982253212	6.537086368971631422652990295319
9.631655476150495331921774777584	1.610239676139453735004281043075
7.105078808241625409891639719717	2.233611801704533661450113868341
12.344474043501033833081237389706	11.222242962847428060513266245835
12.349653330981594123727518308442	15.871795483449304242640209849924
8.683110348075915752019682258833	7.390938106220309222749165201094
16.502230258216773250978803844191	4.216669863538523799206814146601
7.650732218107844317955823498778	6.602290116927377994215930812061
5.857099145606769141636505082715	6.759367984281409391655870422255
10.591634606039797006360458908603	5.121070553790397994475824816618
11.308956905239577750421631208155	11.509077789564592819715471705422
12.917660358484507554521769634448	11.353672637360419983565407164861
8.957490457274966288991890905891	8.711296383475701787801881437190
11.920235809826992934290501580108	6.961914466194219386352415313013
13.591081489713268126706680050120	9.551217837472201210857747355476
13.050781126250004859912223764695	7.667266295847200652247011021245
4.557656009139769537341635441408	9.642493666894262460687059501652
10.620070871081701113780582090840	14.054829036865081448581804579590
11.722233940681233477221212524455	13.323488072945629312471282901242
11.465235836576795236396719701588	10.389462577027224199355259770527
10.602142526988703963297666632570	12.891815221667165758390183327720
7.557520440918935378249443601817	8.938536429358379109544330276549
18.457716912489146920961502473801	9.328532218070417769695268361829
10.524513992912472915008947893512	10.919245664384028771110024536029
9.841666031010861459549232677091	1.819457423819992314406590594444
15.573665781319210310584821854718	8.712273201531509414508036570624
5.499801423570589875566838600207	15.967822551542177222927421098575
10.619108933405790651249844813719	10.341410838348442879919275583234
6.719599065580443841838587104576	14.627466359922502547874501033220
16.341075076971883106580207822844	7.108054250524795669718969293172
9.239857446072990754259990353603	19.377687309368262447151209926233
8.883548636438945322879590094090	7.024131413350330532807674899232
13.083890438750318097049785137642	7.098826334911107593939050275367
9.801891154256955118739824683871	12.110405472477006938447630091105
9.827589170146827868279615358915	13.248609266738041512212475936394
18.221689514570631018841595505364	10.668165061787238556689771940000
12.527636686602640736509783891961	12.409678014459212036513235943858
13.928099227220391398418541939463	13.685592800419694725633235066198
10.082048909830778171681231469847	15.084732038126000830402517749462
11.781931996621638703004464332480	9.625303919636522209657414350659
4.336283765464824746516114828410	14.786396843920375232528385822661
