75
16.516601914161807229675105190836	15.544921004277309606322887702845
9.835444117031487465396821789909	10.690651383793607465122477151453
10.798576465608459074019265244715	10.955164532221640882880819845013
4.263808073425678912826697342098	13.185560956673871402244913042523
7.679556143888611074999062111601	10.489677612015016805457889859099
11.395180261183252667933629709296	9.309321538313348298743221675977
4.732821037101391681289896951057	8.024531707787703638246057380456
5.050369208278128851929977827240	8.286564773281117624037506175227
7.877314187105612930395182047505	8.738046004133526167834133957513
13.094261381583919501281343400478	12.610136927874927792458947806153
12.565184754908731434852597885765	14.594773796255395836851675994694
4.860313776624168191631270019570	4.149995911764876588279093994061
7.172216103394506880874814669369	0.305814162915504894613150099758
0.042965690170083448151672200765	8.929383737723611602632445283234
6.289641947332426319405840331456	7.370817814998382289104483788833
7.909107176659849081090669642435	11.278326366825087490042278659530
12.659829778910724584761737787630	2.502345707538171204475929698674
9.521189083509172590424896043260	4.069991093454747854707420628984
4.301138685726685118027035059640	6.967396753905370054837931093061
5.774360861886082219029958650935	4.515947410811389950424654671224
13.570613840598646504531643586233	14.800859588374390085618870216422
14.047963477426176126527934684418	10.620678813355945990792861266527
15.591842456941792605107366398443	15.001113012333490814853576011956
6.024766653804265459370981261600	12.664824671502362463115787249990
9.056033762009022325401019770652	12.330722439636135234763969492633
9.661953495833220273425467894413	9.011526426295516145614783454221
9.073588448748223456163941591512	8.343082341120462430694715294521
6.685739538637082368666142428992	5.812387733593156191602702165255
8.650746928985412864676618482918	2.504503054008662132901008590125
8.945843849518759327565931016579	7.340386790633984581688764592400
13.304585411663136795823447755538	3.465214633208153927057537657674
10.355825994200619888374603760894	3.488369890605404144423573598033
12.986198071829946343314077239484	9.154344096786559248357661999762
9.920371715076353069662218331359	8.821199782592055171903666632716
8.753597169590927151716641674284	8.050548703460366439799145155121
5.734323038090312962822281406261	3.606102172716139975250371207949
13.772021397325232783259707503021	15.900782971542898991401671082713
12.177523104851360358225065283477	9.926283656666702981397065741476
17.990497813383239389395384932868	5.456875565261617211376687919255
2.391830249941986785700009932043	2.121772528609347396866269264137
11.799654427544712831377182737924	13.233908806873770913625776302069
9.856384546174902894222213944886	8.254504528085583103802491677925
7.141904319511285237354059063364	11.234902563183741364127854467370
7.133163921886543690220605640206	9.252826352766030382213102711830
3.384211031895500099153650808148	16.235714130583176029176684096456
16.330111708257959435286466032267	13.949819962064037071058919536881
11.906035613198497458142810501158	14.487614296834113503109620069154
10.502258306512345598093816079199	12.845826228707718286159433773719
14.146921459755469996366628038231	4.773360270250861070451264822623
1.672582267786623333449824713171	14.716689502146891754819080233574
4.360473520366505262302325718338	10.554060700113558013413239677902
9.371453659847457373643919709139	10.269691732102170789175943355076
10.824288559702207379586980096065	11.050309991625599792541834176518
16.461680449300143180835220846348	6.276476423416633032559275306994
3.676052434614101471765934547875	13.952793658618157124351455422584
8.005886323206821586495607334655	14.460467557836711449681388330646
15.463965219325441324826897471212	8.615603270072487163133700960316
12.008461101130768255984548886772	6.921341175963647174285142682493
1.810733380266674075187438575085	7.297579152921175094093086954672
5.388593535968661640822574554477	9.783070297079781596494285622612
13.163343508812696214249626791570	13.180319651915468170955136884004
6.962529044316767112832167185843	10.252753336638170011951842752751
4.213392945068739514624667208409	7.700802082922860947178378410172
9.684776898934131850182893685997	11.187968553625472267754048516508
9.423429095026067514595524698962	12.319899961322072101665980881080
5.308508305998793197488794248784	12.913782341590597013691876782104
9.658019968272974153933319030330	13.395830557517344416851301502902
14.954275112935356162324751494452	7.816000394188016286989295622334
11.756355031723497717166537768207	3.266498551905237412995575141395
11.173571600927031610694939445239	12.632048832933497450881077384111
10.879948648571060587642023165245	11.256840180823592945102973317262
8.070664626651208095609035808593	6.247028411417014481799014902208
12.965764076999427345526783028618	12.198766158647426749439546256326
4.696414710196828323773843294475	12.638241460993743459084726055153
4.453305176503730145043391530635	7.647346408541023876637154899072
12.305633162602960695153342385311	5.444954196503283938568529265467
3.862877388122884170229554001708	9.168086217261128822997306997422
13.270680034560463411708042258397	14.504084618348036528345801343676
10.681223704090086812357185408473	7.955155063340280996442288596882
9.482455010951873930480360286310	14.249777269260121670413354877383
8.924737034325362472486631304491	12.029448982889631380999162502121
8.786904176836817015328051638789	11.758679702577410353114828467369
6.822055367218467836210038512945	6.813690270651020952641374606173
15.337816599722270183292494039051	16.352731486076674372043271432631
15.559835295756796469390792481136	14.242306190335453308648538950365
16.746860131364705637224687961861	8.445185132498696845004815259017
7.149922077895372041211885516532	10.400026041322291803226107731462
6.294108427900208191374531452311	12.061252204373710483764625678305
8.310064849064735525985270214733	9.855517078582426648836189997382
10.811891778151219156711704272311	10.170998015949132664559328986797
13.126502426083268559864336566534	7.906527804463317821159762388561
10.995743768013783281389805779327	10.666520306483121771634614560753
7.632718557424419181245411891723	14.045901356646105284653458511457
4.102894274048885847605561139062	18.944448260114718607383110793307
13.021784471141149452932950225659	6.401198454403273174762034614105
5.184035515042115349615414743312	9.061852712475999993557707057334
2.687402725543842407773809100036	8.633947675228322182761075964663
2.032300030195428597323825670173	13.993313853463787310715815692674
10.068212777480123776285836356692	2.629430873719073247229971457273
6.852461573853758203256347769639	5.314452082361284190881178801646
3.147454971566764569956831110176	12.195648623033447321972744248342
12.286860612346682586348833865486	12.242905069300800136034013121389
8.135870375791000697063282132149	8.220387374306298511328350286931
3.726095401681114083203283371404	18.005190363643691853212658315897
8.544171200321438064406720513944	4.188468741029030439904090599157
9.492848890798125438550414401107	11.641381648133608095463387144264
4.721710277743241590542311314493	15.241205353240870223885394807439
11.368839176396788204215226869565	5.964189336389531526094742730493
13.278076908264402788972802227363	11.775944993125557758162358368281
1.521318938410660237536831118632	15.305599688214524434215491055511
10.648670879655545817854545020964	13.926510464262705113469564821571
13.512403655271809199689414526802	8.024000065663072334132266405504
11.739084254392263773070226307027	4.100133814584523861412890255451
11.537398601226596994706596888136	9.277420989200191314694166067056
12.127758875863143828155443770811	14.398055969811021981286103255115
11.387749020089138696221198188141	13.945719403767544264383104746230
9.410701683198787748096947325394	12.601212489090180213224812177941
3.387561523976245325684431008995	12.632760625781621399710274999961
6.109021157473243590629863319919	18.826386600295048623365801176988
7.031436453919559070868672279175	8.467657961483176620731683215126
6.370201146166207806231795984786	14.348288817279183149366872385144
11.470886214996649954400709248148	5.053779295902723234235054405872
5.167169950935025291016700066393	16.913170825438932354245480382815
14.325680428873216243346178089269	5.543265941073442171216356655350
6.830922555803255136197549290955	6.857087418154648617019120138139
11.484371295420331193781748879701	14.722876987045735219794551085215
8.647686638674455750219749461394	17.128032879352709016984590562060
4.181391545404035348099114344222	14.307079676220311625911563169211
1.967461089382192440666585753206	6.849237322257191173946466733469
15.404808816668925430803938070312	10.701481587809121620580299349967
13.839087396124050144408101914451	12.506713120050493515122980170418
13.967319273433020043739816173911	4.681003912890936646817863220349
13.380182275001942571179824881256	8.247991091746250447158672614023
11.538487108962131699740893964190	11.620448977552149116831969877239
13.543516823513380487042923050467	16.691875159437657316630065906793
4.916634406202690321663340000669	14.825853155234447910970629891381
6.175686889937662016336616943590	12.208981007187048817286267876625
5.822751709784436791039752279175	3.546316202378529958139097288949
1.482394699385315206541235966142	8.897078458146552293328568339348
8.976589623138425011461549729574	7.964699673989811934404769999674
4.577751735140431321724463487044	6.724903625216064995129272574559
6.483644201227994230407603026833	18.672495036574112248217716114596
17.385097857666309550950245466083	16.239958198650047194178114295937
8.246554470395224711865012068301	5.501398151604215414067766687367
13.236874935465513303256557264831	11.104121390218661957760559744202
10.478236557413884710854290460702	13.663006063994846073228472960182
10.839675376098071524211263749748	14.966674297447539743188826832920
10.292243778246209728877147426829	15.761422866147201560238499951083
4.106585768514277035023951611947	5.758302697624135824128188687610
12.477080271208937034543851041235	8.806078115379929016626192606054
14.643586418582184904835230554454	9.464864939861534764986572554335
2.992892908366616921966851805337	4.585846256849683832967912167078
6.155322561965189009924870333634	8.713851082975388351314904866740
8.401685821047577107378856453579	7.276689535121683150009630480781
18.268613872937010000896407291293	9.648727072841271734660040237941
19.465836778286032426876772660762	5.381241710203150674374228401575
9.440869160025441075845265004318	9.845108896451117530546071066055
5.717478026146472380730756412959	12.261584529264890619515426806174
11.990423492617013678795956366230	12.435919951658210180767127894796
11.338110500953138881641280022450	7.294436339679483793929648527410
7.664154565701924326504013151862	7.403494231503158218288263014983
8.404538898953488157417268666904	18.498900987668619677606329787523
9.726646985976843851062767498661	1.544438231756300794472736015450
11.808628783329632838672296202276	8.947383896221456467401367262937
8.940240760518628704289767483715	3.427856061956401134693805943243
11.342856113202985923749110952485	10.714502127599974556915185530670
6.436764217603975879455902031623	5.993254818739809586247702100081
4.781077186832522585291371797211	0.379535715543793727988486352842
4.795624554429159580593022838002	14.395330467791328743487611063756
6.663685318251648226350880577229	9.681659829854503129809017991647
8.704293183938542455280185095035	11.588391140677478219345175602939
4.224246735853388834414090524660	9.886700802647265362566031399183
8.430830653745504221774353936780	9.619445458551439287475659511983
12.443215520396476492237525235396	13.439884658511410009396058740094
8.008526581792569487561195273884	4.751619354976812203972258430440
12.094070547063758169770153472200	15.005728063547326911475465749390
3.625932827074236364239823160460	13.978972817195025157843701890670
14.775164915864813508505903882906	11.997563608000231027972404262982
15.878069568723095272844147984870	6.275019311564811630432814126834
10.190004634991652210374013520777	9.172841233109451763994002249092
9.497860489105887538130446046125	13.975307065026823849507309205364
6.511079917181564979955510352738	8.569874314020278660564144956879
9.051146552265377565049675467890	9.672516546089573452604781778064
13.385497987332337643806567939464	5.568746852916399703303795831744
10.093978262267739864910254254937	13.326854690269582803807679738384
12.343817686235105668401956791058	7.641304277574734626909958024044
9.691510891013185968745347054210	13.917859971377460226449329638854
15.729228770434939832512100110762	10.439443532360215272092318627983
10.456601398361470955933327786624	11.325663840410205907005547487643
10.497677232413041181757762387861	5.533656512364554025396046199603
13.800288033043106139530209475197	15.350267471918687789411706035025
17.242366562995389500656528980471	9.069467254604809625107009196654
9.946555580341996716242647380568	5.824197409627476673676937934943
10.924410967486940293724728689995	14.256684825050996323625440709293
2.933331637748432640933060611133	6.089033207851912266050931066275
7.770118743430373342562234029174	13.717944848649510802829354361165
11.492159031219966180970004643314	14.556777578862419630922886426561
10.681403968320665853752871043980	10.463523078125092524715000763535
7.489675732259845730709457711782	12.280988072022665846816380508244
7.548486314089644544367274647811	10.874074637621230721151732723229
13.621317873122913866268390847836	8.944907789356339122832650900818
10.476084005860251124886417528614	15.094869062168868367734830826521
14.685998832827770854692062130198	7.890447852351092805633925308939
7.540600393225254549633973510936	15.325549618621117531347408657894
11.816915835005296742110658669844	8.814398819520677719197010446806
16.923930736365452531799746793695	10.843110386055746729994098132011
18.521921850790121766294760163873	14.990189098952837909450863662641
7.855176739655065354384078091243	5.370201460573867713321760675171
10.455537135423076833262712170836	9.597451146532872456873519695364
10.344667784031416957191140681971	10.753728235222174802743211330380
15.183811379432949451029344345443	4.812558500825327101324546674732
5.569259988507842429328320577042	10.629670304941448932822822825983
6.140804779403181257180222019088	14.470780515581985525841446360573
9.428266618260185083499891334213	12.604204500571944080888897588011
4.998914767243301859878101822687	10.564496990839595369493508769665
10.968080286787124322245290386491	11.911440356924060779419960454106
1.902159583659289054935470630880	16.733015503248996225238443003036
8.446512783025060144836970721371	10.155383655518949836960018728860
8.017485083040201132575930387247	9.479049305675184555752821324859
10.109239364571216412969079101458	8.329699507274497705111571121961
5.661231932593699944789022993064	17.007631936173950748525385279208
13.189960765099813855272259388585	10.897906822154318717821297468618
14.529398744085138872605966753326	14.839355949557695879548191442154
4.376624593557034259561078215484	4.329995010688596934755878464784
11.140343458518270125523486058228	4.873160258049930249057979381178
9.895127593146668232293450273573	11.898308655971190361810840840917
14.318700312105267613560499739833	3.577580602332715464797274762532
6.787764051383369690029212506488	10.383335365878595624167246569414
11.691917114934245347512842272408	8.219254564904456827889589476399
8.329573089035429589443992881570	14.436583754127596534999611321837
8.983084821989097079608654894400	6.340965476413456869408946658950
7.962793174624619219059695751639	10.964259868508207773629692383111
6.262570054285378162717279337812	13.235958770268043238615973677952
9.038720818164204473532663541846	9.562634981815834933627229474951
5.761553678984236093185700156027	8.814358395248254041121072077658
10.464975279847998024251864990219	16.346098188655638239197287475690
7.249216353806620105615365901031	10.011228678216959053770551690832
17.794974719323601419773694942705	5.910445565854375082892602222273
10.236728762414651683343436161522	12.192794936467947763958363793790
9.365385030083919204457743035164	11.931874325674483472425890795421
5.478649429517253643950880359625	8.359071559143668395108761615120
13.283486358653121328643464948982	7.916836298737833566008248453727
6.045114826001992014425923116505	11.296264915344915280570603499655
14.425637757094721180806118354667	13.793022375162159676165174460039
13.244312607972617001905746292323	12.895749042640051840180603903718
18.879971540036201815837557660416	10.465529897143696302919124718755
12.258022215244130492806107213255	6.181460638201603963182151346700
1.927770478501990680797462118790	14.140263721635554006184065656271
8.452948139044517361639918817673	10.543641221014416586854167690035
7.148011397522692433881275064778	7.185946740904647356273926561698
11.099717624473733224021998466924	16.980363387985207168640044983476
5.825091757427505179123272682773	10.248038911315514809530213824473
8.698160612836099758737873344216	4.738155943072893450107585522346
2.054805675798984765378918382339	4.186675322664325626931258739205
12.860751885942587335875941789709	10.248361125382558611818240024149
12.743622840200464096938048896845	12.067043136216193843779365124647
14.595763336420709777030424447730	8.736644169859095754304689762648
11.899110569237093315564379736315	14.938091437659767990453474340029
8.833727308337078198974268161692	6.218954597692901486993832804728
9.155064351045933079831229406409	6.953757502961340541958179528592
10.884966493939568721316391020082	6.237946646810174300412654702086
15.756135612506929177811798581388	10.074113346030701521272021636833
10.044322601746149103973948513158	9.842768920369078244902993901633
6.305009208143597554396819759859	14.574182524652163905898305529263
9.671603328279260836097819264978	8.060259925905683076052810065448
4.202505802004020907247650029603	12.334261257292412850006257940549
9.920156370398490963680160348304	19.586891606101978879905800567940
13.016414947181123906716493365820	1.589466726433974130827664339449
12.221473428163596608442276192363	11.745097130171368249307306541596
9.337618946190241686622357519809	13.348126292376512935788923641667
11.570556505112390865974703046959	10.332488271939528345910730422474
9.761455724600649475064528814983	7.125822712992638585660643002484
7.280851597216464909934074967168	19.606919631257348157760134199634
8.466522894076344840641468181275	8.579387812481863662128489522729
2.829062413831159972232853760943	7.738113771241141414236608397914
