75
10.248063126725472926636939519085	15.168701128130926747417106525972
6.537118507771735309574978600722	13.773714625378593368054680468049
10.830280098600530536145924997982	5.250455288562907441018978715874
7.099038282489033235833630897105	10.250855808947017422383396478835
6.157312027268467602425516815856	12.264396868401963303085722145624
9.850186140495067022015973634552	13.464471316041757731341022008564
13.283938355421437194081590860151	9.552392749752886658143324893899
14.640183995812160233640497608576	1.010290331482801562401618866716
12.936407410464560996388172497973	12.885865827697537966400886944029
7.995929104063292491844094911357	8.947064593037168833689065650105
10.884880322699668653285698383115	8.407727647438870022256196534727
10.848258213254117876545024046209	7.320115165381153587986773345619
5.394701993840446796468768297927	8.099333147584960812537246965803
16.107477893654888134733482729644	11.506653829521866327922907657921
7.693274151654305725855920172762	2.208457819736729277337872190401
11.091748916564371896242846560199	9.682925176736764782958744035568
6.042451537936877947743141703540	5.941284718720967639171703922329
11.302971875329271611576587019954	12.375654786997198897324778954498
9.341915565458835501999601547141	7.385838839571793990046444378095
11.743197041326144614004078903235	10.519352031518284462663359590806
7.178723741216249010221872595139	12.979353791337759460589040827472
9.880074525282463326902870903723	16.712816804190794073292636312544
10.863801610088366089712508255616	11.016366073248976320542169560213
4.932420299956163489696336910129	10.159448072785279393315249762964
7.604723051074024908757564844564	15.020976723990257184482288721483
8.776094227695507399289454042446	8.180775728573749461247643921524
8.993732587816440471328860439826	13.279476539232435428061762650032
10.318924718251210492780955974013	4.740741310516908058048102247994
15.020625874874873773023864487186	18.029443930259276385186240077019
2.256942743395634387582049384946	12.087548935093050062050679116510
10.385722803747640341498481575400	6.604883815551936265819676918909
6.905479357529396011727840232197	10.596183611024221349339313746896
13.677221535370144067655928665772	8.850818446370896097619151987601
12.163079372496168772954661108088	8.057255954716676882298997952603
14.359916842444700790792921907268	12.167823354158601389940486114938
12.984420600952850222142842540052	10.641762467655759394347114721313
9.443242341138748940920777386054	14.964593929084959000874732737429
8.516112808426401059591626108158	7.159882960920470829080386465648
10.275004542604456503340770723298	5.397745050554428658529104723129
9.678121667992684251657919958234	9.579432826244849152885763032828
7.894523217006499393733065517154	11.376686518221827526531342300586
5.726537456086895794271640625084	13.022894980741931192369520431384
9.963175309071203855637577362359	6.370150282527289320455565757584
12.615074841326642030026050633751	7.431319391187630962747334706364
10.158757200068691872729687020183	13.428693321079780531590586178936
14.596248025416272753318480681628	7.940011975309944958212327037472
2.145685588546726307868084404618	15.351375347379470071018658927642
6.977105851849576545475883904146	9.516017880922399641008269099984
14.960141345027569315107029979117	4.851286214621675974001391296042
12.741646900577681122967987903394	5.265864828510852468923530977918
15.051187373554725468238757457584	16.256168849517756314071448286995
2.393148870869458377796945569571	5.288847172648033279074297752231
10.618882933418943181891336280387	9.725608347327897362788462487515
11.265149232172220195025147404522	9.663653759878098270519330981188
14.477222741251937421225193247665	16.492246918502331709532882086933
3.906381140338872626216470962390	9.935639977828159885575587395579
2.693947047352477142112547880970	10.576955146064703328079303901177
17.274508731670440653260811814107	14.739494875691102393489018140826
16.095153541386036266658265958540	7.298338649187159354880805040011
12.343299944964497782962098426651	10.204585963830602679536241339520
15.177993528440239856536209117621	7.732092107729519270264972874429
11.883601365944699068677437026054	12.745071135331656364542141091079
5.734364814459925518974614533363	16.791909300057188403343388927169
10.694790557470549074992050009314	12.572918339076032623324863379821
13.512049903389886651439155684784	8.521087980263867933672372600995
12.195613162576595556174652301706	9.364852333197912770401671878062
7.783370232144914524496925878339	19.750329092018667154206923441961
10.180243631287741123969681211747	8.558053851118705424028121342417
5.760285281201481311086354253348	0.219975765591390981512631697115
17.428177222837955895329287159257	7.456818663451924678042814775836
10.562164738785442708035589021165	10.204390928456634313192807894666
17.422781361716360493119282182306	5.962261898291320250109492917545
7.563026239138485706803294306155	13.682814117895324201867879310157
6.279619957806634289454450481571	0.325342827852514560049712599721
16.531870216583229193929582834244	12.044700119651496450501326762605
10.458338782738840322394935355987	9.124429467484912237296157400124
2.877356391381044709021352900891	6.593352482260607771991089975927
7.703738676878753466326088528149	6.008904477648268738221304374747
14.138087153415714425364058115520	10.772614838278094850920751923695
14.700638343248462192036640772130	8.172461744585101328652854135726
10.303433737952289561690122354776	13.603476621610244734483785578050
9.025335926490235749497514916584	8.470927361723687099015478452202
9.367334890276978853762557264417	0.834479932438346949652441253420
19.448592625103650277651468059048	6.696855872908175300040056754369
10.714138937049636268739050137810	9.720775763632442334483130252920
12.522198182156900614359074097592	11.421180646221275267748751502950
11.009531204090997391631390200928	15.063580345607189059364827699028
6.484419838862526930256535706576	12.004194736070108007197632105090
10.708244203434094998783621122129	13.961383274091890172030616668053
7.196317603316545685743221838493	7.062578154715260403406773548340
1.142579759151354679147516435478	16.717593248152770257775046047755
6.099849924036046644459929666482	10.188765449098086790513661981095
13.722146308742251719081650662702	8.896845461798843501810551970266
11.346590831419861800100079562981	12.442552529435944919100620609242
5.674750199644018167077774705831	10.550880947517773833510545955505
13.304150569440263751630482147448	5.074832099437446508716220705537
11.806780610254286045801563886926	7.293461389780134140892187133431
13.625967348604207884932293382008	12.673660915133115878461467218585
8.629416526137934084772496134974	9.350562565450875496253502205946
11.811220922843906677712766395416	8.715953885595997263635581475683
12.313380600339698389689147006720	11.940799331974284669399821723346
10.755251674008405871063587255776	5.031111206208103148185273312265
10.426206760039518073313047352713	16.818015371779978295307955704629
6.739691471148214318986902071629	12.485698453977992272712072008289
8.250055443419526568504807073623	9.468623635685400330430638859980
7.778016039133976988750873715617	9.170251591372959865111624822021
5.443925761459799339547771523939	6.546404462324255213445667322958
16.049701023115062525903340429068	8.998269620312546734908210055437
6.827297071911457848614190879744	11.685412299532710989069528295659
6.459878999223843010213386151008	12.473631395868334692522694240324
11.583676364728779262236457725521	13.016403541414215183635860739741
8.439175770196637671460848650895	9.847387574621476957759114156943
15.548543142258381521969567984343	8.137696999453426727200167078990
7.846236787352815156282304087654	7.443909380705418854518029547762
11.623872429205627909709619416390	10.473665358038566353116038953885
5.305062829347340525032450386789	18.705222437734668972098006634042
15.818568830310194783805854967795	10.672009434560685292581183603033
4.823839689357554583182263741037	10.813771722166190869529600604437
10.838282943765790378165547735989	9.140577408556515237592066114303
12.602582935258194396510589285754	12.950401824085783886175704537891
10.022085065429498840217092947569	13.496338017801189579358833725564
12.016721870988057219165057176724	15.566983275998449443022764171474
2.443545455296050938898133608745	15.309765420200378116533102001995
10.391880676034324082479542994406	10.744534884770793325969862053171
8.446745887687692189160770794842	6.985058884820610991539524547989
12.516659265871897588340289075859	4.682942600851544234785706066759
6.533446645629277682587598974351	5.858027227614035936653635872062
13.477097060787556870309344958514	3.610333550519289502744868514128
4.021279331985154747997057711473	9.516311645781339478844529367052
12.206721761134710746432574524079	7.752574321209426244649876025505
8.843476340548349412529205437750	16.513734387006639536821239744313
0.955044191033220357667232747190	12.224869819947226545764351612888
2.886648913051801379481275944272	15.439933550814439300324920623098
5.692911367690835611199418053729	6.105357973801128323998455016408
13.009297471331551676598792255390	11.231751146481586900449656241108
4.403181192497753748682498553535	9.560022210307602463785769941751
8.064095481101023921155501739122	13.253934638578547478005020821001
4.364535143733290212253450590651	6.797949849698706970002604066394
14.990853858018738264945568516850	10.975667229091557786091470916290
4.208962419645023267378292075591	4.924366827562983495170101377880
8.316267887668733038708523963578	3.013869965137426554235844378127
6.856859961857130869589127541985	13.515939656738114038603271183092
13.985134977707406989111404982395	6.667617548183810249895486776950
4.563572850030038985380542726489	7.173096185276799374719303159509
12.104081669683861122166490531527	14.972250254222704057838200242259
13.906232064167767248363816179335	16.360009740724603233275047386996
7.016583064558705729041321319528	2.655352360881122031344148126664
16.237598931954835279611870646477	7.224008417483402055836450017523
14.500395221227520892171014565974	11.127874329132151132171202334575
16.810603144589560287158747087233	11.519096201734900120072779827751
12.844252382701228043515584431589	1.074714129561177955451967136469
3.048076548976008659508352138801	12.237011701327801915795134846121
10.576006659771083562304738734383	16.807181038615659929291723528877
8.963754070868573009533974982332	12.228873781647592977606109343469
10.918154273296485357036544883158	3.301568957369126700029937637737
6.777255182961752666415122803301	14.081480815220746904969928436913
8.733690228728775650779425632209	16.302944807540203697726610698737
13.668475991132778446512929804157	7.798232368447579609949116274947
8.005682650195373284418565162923	7.671751046526566142347292043269
13.953154767778054079485627880786	11.421507469371984910821993253194
15.269302285261455054410362208728	1.470711516571441279666032642126
12.731839908751862111557784373872	14.875127529096666023633588338271
9.999402771007275703141203848645	12.261196140938370291451064986177
2.425911677177422731688238854986	7.832280496018121596080163726583
9.232453624536471892270128591917	11.212052793829322183682961622253
10.763518096735936069308081641793	9.546351711714539334252549451776
6.404255329561946652461301709991	6.715286099774066208567546709673
9.417382236959253916097623005044	9.130981634175277861231734277681
9.764081290389215794789379287977	5.745994413426050329007921391167
9.250784966001287301651245797984	13.259937580339959950492811913136
7.570319624776355560413776402129	10.143869539360164111485573812388
14.029369785320419339313957607374	9.953631328491299612437614996452
11.102014468001614844183677632827	2.183637317265542776567599503323
8.932637991922126374788604152855	11.910484247913464272983219416346
7.647371752632015073913862579502	8.538014391757865695353757473640
10.322248607637924067148560425267	1.667449112203179595326218986884
12.438056862795296098056496703066	4.532431887014889859699451335473
11.978508238021928988814579497557	9.188137746957798057678701297846
12.173577889577408939203451154754	7.460558066668912857721807085909
8.708905951408357992704623029567	8.428824113091295089361665304750
11.062983523467529778372409055009	9.658804430912198313308181241155
4.835369212666612348527905851370	11.087690657275178551799399429001
15.195408983566910166018715244718	11.979703420250148226955388963688
11.419735245095838038764668453950	7.516112211963203115772103046766
14.795727756721099410697206621990	8.518018090749251314264256507158
10.730760692458671812232751108240	9.184619641839265824501126189716
8.802286496537476523371879011393	4.600037396898857267046878405381
8.614184760425388276416924782097	7.263766249464136848246198496781
11.404563491473329150949211907573	11.124643144798477933932190353516
7.596041943271616858623929147143	17.480541590592359568745450815186
10.502953332977138956039198092185	9.451193156419963159464714408386
17.953144264269930374666728312150	13.610490950349420913312314951327
12.314400369857633421588616329245	7.058445572839183057567424839363
13.810834925733141531623004993889	14.264109960170390678513285820372
8.413291501342788691886198648717	13.205204373295911679520031611901
6.854591881427387178860044514295	11.454601183195647351453771989327
0.556007062454396461248506966513	8.234703884166540532874023483600
15.371954191000112288634227297734	12.337185175075793708288074412849
11.907491778951268202035862486809	4.093318451460073781333903752966
10.978658459276223524625493155327	2.808767960319476841846153547522
8.494980748502658940424225875176	13.532612504479763160247784981038
11.313198605644522842794685857370	10.590478479296132618969750183169
12.438489162564472678695892682299	11.027426514207345320528474985622
6.262465217018361229861511674244	11.091414962338346228420959960204
10.538383066879818628081011411268	11.594698292324476796011367696337
6.144226745688660784594503638800	13.545987723645261269211914623156
4.443868806706237073456122743664	11.369803086017945759067515609786
7.757897963331604529457763419487	12.403986635928351489610577118583
16.453835730195557118804572382942	13.224644706379454106581761152484
6.128305459265693144743636366911	15.819998541432696015363035257906
8.646351947844033603018942812923	11.284028078871649825032363878563
7.667487043866668017244592192583	5.851786663458857340458507678704
9.650700420939910983975096314680	15.785172215253748362329133669846
7.148109702064339820992699969793	9.675591910059267775068292394280
10.364381474365478297272602503654	8.485806844309148999627723242156
8.066392822807699758413946256042	15.319217362936136339612858137116
6.280123643783477760393907374237	11.592458586764490036102870362811
15.621408605735817687332200875971	11.819091567989158164664331707172
15.606169848697991398012163699605	9.904931767636057315939979162067
6.759928874644062446463976812083	9.040144254816960156517779978458
9.878405573552862861674839223269	16.770890373261547523497938527726
10.842419953042256253183950320818	7.515337451961265458066918654367
12.672730749621324619624829210807	8.399242288727442939944012323394
15.197842056256170906181068858132	10.981416769940411271022639994044
5.091398557884263098571864247788	11.033654359458568094964903139044
9.142681850081316952127963304520	10.945225278286038417263625888154
4.299342645571684329297568183392	8.128531572309588781877209839877
7.569776985147180781154929718468	15.695221533953048975718047586270
9.593746403443903503216461103875	13.487012559583028803444904042408
4.924420105269895486799214268103	5.699991512735059551175709202653
12.404046630957630270586378173903	6.812849103616254176074562565191
11.076418063994896812118895468302	14.528041650141524598893738584593
5.965889005899712493885544972727	11.674874104048640788278135005385
3.270850697070426527091058233054	4.165472114675873527289695630316
2.727013742923746875135293521453	7.706947708296382870685192756355
9.425434073412990443330272682942	7.089012735970383616290746431332
10.059815899662670091174732078798	5.913637906139892486123699200107
13.400309746527351961731255869381	9.469242450973316849172078946140
4.365340328705459960190182755468	9.317791919584191617786927963607
9.248836494409502506641729269177	6.950468836477432965637035522377
6.934588510741551914406954892911	11.857234025574008740022691199556
6.564455241434180798876241169637	3.570092056250313561349685187452
9.805986320516971943561657099053	9.322933882853060794104749220423
11.497758387973519234037667047232	5.139004727523411197864788846346
17.026078660164113642849770258181	12.767213916822832686648325761780
7.788405799750464097996882628649	11.997084504018626915922141051851
16.408109147354835499754699412733	3.601216495814066220759741554502
10.926568643130854852074662630912	9.952553367075463341961949481629
8.913514164161492558946520148311	8.667961114874897177173806994688
15.528024623640117596323761972599	13.311148753888691231850316398777
7.596417250162952328196297457907	8.010740231453228332725302607287
13.396763005124986634086781123187	3.916721394304756742599238350522
8.012346934186764357832544192206	9.070985274134818254765377787407
11.272593281388987307423121819738	7.914428227219114653223641653312
8.186571806354400848704244708642	14.431745564457347796860631206073
1.710528161069410302275173307862	10.258933944946315719448648451362
13.915638318172199205946526490152	9.871594772055980016034482105169
5.315511345795944642134145396994	16.855216476295066030388625222258
12.010764550993688004609794006683	5.788217534037684686154534574598
8.815588537973331639818752591964	4.641381339151912754914519609883
12.230076555018957407128254999407	6.901042934897715142028573609423
16.547385861805768314525266760029	7.135811099952658054235143936239
8.665512438851056487010282580741	14.103220631099496529259340604767
11.181143609391490656435053097084	4.183905691470449994540103944018
9.658722076427627811767706589308	15.324192186640310353595850756392
12.947497875123481492209975840524	11.838630896429048533491368289106
13.826540883959484773413350922056	16.224844159737752846695002517663
15.416017877717466788567435287405	14.112055340124804558854521019384
15.992888608224109958655390073545	12.381284064706328251759259728715
14.862161366576433607633589417674	9.506076722813697088554363290314
10.689888936229701599245345278177	11.517041084532477768220815050881
18.000660121346577113854436902329	11.146521323287299054527466068976
7.488945220882950337681904784404	13.235625348873051976283932162914
12.633339852592801122455057338811	9.749502883448709411595700657926
8.019426039134117445428273640573	8.942113388545983809763129102066
