75
10.029437741044732845807629928458	10.251659439646166660509152279701
9.077863190153427908057892636862	9.561575882980619667250721249729
8.300880419854365754872560501099	9.721137093074105450796196237206
8.953018182036165839576824510004	10.029494824076390813161197002046
9.396066326253889045005962543655	10.363207429104072332393116084859
11.196199975630110046154186420608	11.843241823191799966252801823430
10.820074548284209114967779896688	10.442640046875546033788850763813
9.742835294697215431369841098785	11.868887221096068529391232004855
11.123989504199954581054043956101	9.406525367022382511095202062279
9.203711583995364264865202130750	11.597018096376466189667553408071
9.936695165646632688094541663304	11.327485418494937619016127428040
9.359939036036379889083036687225	12.906076738963289329831241047941
10.499784394856744640378565236460	9.188340852638170019872632110491
11.435768964021633564698277041316	9.742455713480909551549302705098
11.111429826803536968782282201573	10.113577730131650511680163617712
9.676344197436621996644134924281	8.588354487416804516897173016332
9.860145313525901400453221867792	9.353761946833529350442404393107
9.198867136494625285081383481156	8.559835304876360240200483531225
8.474916871156647601992517593317	9.067824279504192119816252670716
10.076543706781858844578891876154	10.541133651388804537418764084578
9.351862329944394147673847328406	9.785533404750784924885920190718
10.330905722806157598370191408321	10.026650808393574365595668496098
10.855722886499398427417872881051	9.540040402293090693319754791446
10.574183588843714787230965157505	9.412158773312242487918410915881
10.587797525371342999278567731380	10.053332812959263620200545119587
9.950715103685235263242248038296	7.924235483377515265601687133312
10.164827722889166139452754578087	10.465944638584977255391095241066
9.119619852058793441074158181436	9.502523137204333281147228262853
10.746140910492870901293827046175	11.885716959647817603240582684521
9.470910016780113238610283588059	9.793457368802183538036842946894
7.804983878390448381878741201945	8.635323322928263323206010682043
10.660871207922504311227385187522	8.112494433757081679914335836656
10.878466388314199875253507343587	11.813575022754465138064006168861
9.126948682080778141312293882947	9.786405293974585362093421281315
9.131560654878157379243930336088	9.730101382113268471130140824243
9.875375750634086458035199029837	11.146328415942674538996470801067
10.052808912925867090848441876005	10.438753249187369576134187809657
11.223723726553057389310197322629	10.780455400876023830392114177812
10.686853634409146707184845581651	10.409981774946182042640430154279
9.623207123688393593852197227534	9.835252940889423811654523888137
10.890011240790089530605655454565	9.825837168216065009573867428117
8.498066851062713311648622038774	9.536320071670816744813237164635
11.823786882355250327236717566848	9.042177899843114374789365683682
9.606954732536859609126622672193	9.634589262962395039835428178776
9.956092643268311448423446563538	9.589178397089890282245505659375
8.530160680163062281167185574304	10.922478779586793251610288280062
10.355759272239847490482134162448	10.070022777354425969065232493449
10.885811683514930336968973278999	8.135109103435187449804288917221
9.623447995466785087614880467299	9.941091308992001884803357825149
9.205976033527420554491982329637	9.850518562719585702325275633484
11.503434476039153366855316562578	9.271675893195716611216994351707
8.582681575901776938053444609977	8.371841920038185946850717300549
10.371167894292845801373914582655	9.161353704251029128613481589127
10.201271788757544811687694163993	9.757200748117409005999434157275
8.993118808544766196177988604177	9.915494809152562538656638935208
11.494105364076920849925045331474	9.773590198054096234159260347951
10.863928551425855673073783691507	8.805939381802232901463867165148
9.438328128062067889914033003151	11.204795213144313592579237592872
9.907253936642842262472186121158	11.090157622190890407409824547358
8.628304717450177463433647062629	9.861431539336862783784454222769
11.454639739659199904053821228445	9.907659049280436391882176394574
9.925451992334039630350162042305	9.841262221890579198202431143727
11.138810295566953456614101014566	10.756735442070171515638321579900
10.342730475896901864985011343379	11.219089570401170163904680521227
10.257376839317789318783979979344	11.985528723843399845350177201908
10.266405796642606773616535065230	10.181375875655394480645554722287
10.611942976913658398530060367193	8.977493307863383620315289590508
8.688682741419610167099563113879	9.582335880346020573483656335156
9.257250474716498089833294216078	8.278151984472534863357395806815
9.015505729192840433938727073837	9.963644085563108987457781040575
11.304534420610504952264818712138	10.988840203093873881812214676756
9.229769326097182258195061876904	9.723340264524088283337732718792
11.636534704745349344534588453826	10.643382243387730312633721041493
9.638323271170396111529043992050	8.259475862805867762972411583178
8.849598028981176867091562598944	11.883823586257605597893416415900
10.319357422216640429724066052586	8.967774271642634076329159142915
9.893282914977802988687471952289	10.436032144271349508812818385195
10.520076619250964711227425141260	9.024354161089702230924558534753
10.731513199937090519142657285556	8.673261135859148041049593302887
8.806924549316194728021400806028	8.952182989601109142085988423787
10.324202402360418417970322479960	8.900006287400611171278796973638
8.913927439993003076779132243246	9.785005222889912701589310017880
7.249907843608127677725860849023	10.320754506016411866653470497113
9.499790170886011964057615841739	9.851273733846163338512269547209
10.688331677472318048671695578378	9.901706911035779157259639760014
9.454751347590788057573263358790	10.332974877490780585276297642849
7.983505497422267893625758006237	10.656231237037795622768499015365
10.153287653716768446088281052653	11.557552600914446472302188340109
9.730058574874583143810014007613	9.870106763466404586893077066634
10.404499023067835139499948127195	9.279229643051294829092512372881
11.190304981902947645266976905987	9.959815729792309113577175594401
9.777278863206072756497633235995	11.919425061373040364287589909509
11.941638015332515010413771960884	8.079621053831337107453691714909
10.120304484982698411954515904654	8.059456606870035955125786131248
9.811883013542177067733973672148	9.812360796648091465499419427942
9.229675772434422498236017418094	9.253466974612045703452167799696
9.234574501287514891600949340500	10.394603084260801040272781392559
9.240826636921291026283142855391	10.891370339481769136114053253550
9.288438746132628764939909160603	10.820776141852309848445656825788
10.948745973456521340949620935135	8.652789752663867517412654706277
10.907797909164493432854214916006	8.835367013988726370143922395073
10.266117290633406611277678166516	9.476300786146392596265286556445
10.280210661832677843108285742346	10.679307891990319490105321165174
10.187732152957766018630536564160	9.846706092770221019350174174178
9.729425988466406494126204052009	9.691111261601999871118096052669
8.580950088161209521331329597160	9.340758717586620463180224760436
9.052254214167515300459854188375	9.466793057164290203786549682263
9.822588990276187814743025228381	10.802533507732526629752101143822
8.348116067264145456761070818175	10.371288021189972283764291205443
9.699087243325200446975031809416	9.327939911886572232901926327031
9.550740955679060562033555470407	9.165680768284040880189422750846
8.353820742515676300854465807788	7.049895545071329649999825051054
9.333339275038529336825376958586	9.046102964488627051764524367172
9.344208483740898074643155268859	11.153542957129017665351966570597
9.360099272313755491836673172656	8.815962898880085774067083548289
10.648713206089469807125169609208	9.157791375208180539857494295575
10.503643835773281978163140593097	8.398691877540429118198517244309
10.484487967966414245779560587835	10.093775853303974088248651241884
8.567137955015494910071538470220	8.523340965362745436095792683773
9.478114399441333048912383674178	10.086377418325804811161106044892
9.267485579039384191446515615098	10.257268230825378196868769009598
10.030172719376006185143523907755	10.356354535610869049833127064630
10.795050348266459039336950809229	11.455435548954069346905271231662
9.682244987761976062756730243564	10.813162166683101261810406867880
9.389568816439883391922194277868	9.783074702901480179662030423060
8.681005867705900769237814529333	10.323485917394185307216503133532
10.221168746050246056711330311373	10.229662059858128486666828393936
11.233995239202549498713779030368	9.559646783383660917365887144115
11.250409166469310662250791210681	10.312487014434060128564851765987
9.180401386362483151515334611759	11.557230844160800486974949308205
10.357517733830675865647208411247	10.095881566569444132142052694689
10.099678553436568506640469422564	10.808231487616355437353377055842
10.873661064577735402281177812256	8.634585252602926530585136788432
10.643116216669630702540416677948	11.201186783948784864151093643159
9.469871204917996720951123279519	8.339080328949915354996846872382
10.849551308734621812845944077708	10.565745651721064390926585474517
8.510992942491872881305425835308	9.632761586186168401013674156275
9.728729559638955137756965996232	10.049979702065588327286604908295
10.123378510697488508185415412299	10.537890465704425224657825310715
10.813569457766453396629913186189	11.500819863974202306167171627749
10.652947347113151721487156464718	10.034991520037511492091653053649
10.799090941021376011121901683509	10.389802924320948207537185226101
8.657657795234888098434566927608	11.320134043882248420231917407364
9.465988433431720139310527883936	9.299438137507298307582459528930
10.817522816185654477294519892894	8.983679768162314616120056598447
10.210645024017766857582500961144	11.006975189420172611676207452547
9.469179205241452734753693221137	10.561077534516613241066806949675
8.178855275957841897138678177726	8.236305633321196140173015010078
9.514507796408890882844389125239	10.219311179157966051889161462896
9.286025532818531047496435348876	7.604869220011696739902617991902
9.317916501712920407385354337748	9.911544320970246957358540385030
9.514666761234137126734822231811	11.179090052965246826488510123454
9.694369986681188322563684778288	8.849164231291192450612470565829
9.787333719234982964962910045870	10.936164572133320049829308118206
9.576363946611238020523160230368	7.779766122532572936165706778411
9.413106338146425500212899351027	10.957712359760925835416855989024
10.534196281679548690135561628267	10.587192508693023640375940885860
9.058659875085899315649839991238	11.336945294780816695379144221079
10.393389168143301048985449597239	10.674312795255710639708013331983
9.955568845739637851011138991453	10.575119349924804623697127681226
8.574601576692140625368665496353	11.090585492887514718063357577194
8.853141155240566106954247516114	9.926178947445571054686297429726
11.649837278234812742994108702987	9.970910668135948284884761960711
8.885833320017392011891388392542	9.333087274853946624375566898379
10.943851102284426701771735679358	9.610929253771850255816389108077
11.293823932105299334693881974090	9.438706804463834032503655180335
9.023481303965731115113158011809	9.733918786235655318250792333856
10.648340867631009842853018199094	10.935099557016535243292310042307
9.940325305203810302145939203911	10.002072033212717983019501843955
9.521181545868984130720491521060	11.006296184938349824733450077474
9.636581094262064439703863172326	11.258146878152318848265167616773
10.430625438024851092677636188455	10.979446225088597799413037137128
9.246621874353294856518914457411	8.630396096559914909107646963093
9.246892884185013983255885250401	10.262512446811081545661181735341
9.764089389112182715280141565017	9.117935483963538700891149346717
10.157881966817793539803460589610	9.616818277752740229402661498170
10.112021105843444601646297087427	10.291222981072637665533875406254
10.206101386169368794298861757852	9.695930071646049697164926328696
10.056899880563532789778946607839	9.569418679056662213611161860172
10.447920584924592191100600757636	10.213735641916491303504699317273
10.495813430470835925234496244229	10.667545080622048203622398432344
9.777413557381837705406724126078	10.686110078887905316946671518963
10.339279941670014295596047304571	10.025856527136696172419760841876
11.186808930046048260464885970578	10.372786633545887369223237328697
9.238465588353655277842335635796	8.351886052408248772849219676573
8.824284247825941562837215315085	9.811667164415721842374296102207
10.607599321039849371572927339002	8.318188718591114749756343371700
10.678776075907745024551331880502	9.543318395324329017626041604672
8.623184116732753423661961278412	10.114835016197142536498176923487
11.320193933940842612173582892865	8.081527105535872834707333822735
8.905844838988492995213164249435	9.265632798894346322526871517766
10.973665206507625669019034830853	9.309246930826244437184868729673
11.360630251433768478364072507247	10.530306348687355821880373696331
9.576130000268129549567674985155	9.436883577229455255519496859051
10.871080621601208804349880665541	11.052354491051808338397677289322
9.375437881054651256818033289164	10.731231255715059091926377732307
8.616363891266349384068234940059	9.497546445998500175278422830161
9.922708317068250849501964694355	9.702702295026021772628155304119
10.574871363461021189777966355905	10.185503689862672516142083622981
9.301430932116907968065788736567	10.167895128871915488844024366699
12.345028719023806829113709682133	10.203749725483827859306984464638
9.975664193634328213988737843465	9.126523966570857737679034471512
10.400684448175422147642166237347	10.368126345326846404759635333903
9.925254257863727502808615099639	11.677702875129128301523451227695
9.780165234659252249116434541065	9.464295841204863890538945270237
9.590912838691327380047368933447	9.095436624242537959617038723081
10.823758982575517606505854928400	9.515010555967664984677867323626
8.557403265975274564425490098074	10.766576547696033117063052486628
11.606393563496331111650761158671	9.917276469897741364434295974206
10.653050792663904644541617017239	8.176497317921127105933010170702
11.144387670178319993397053622175	10.846335481078089202355840825476
9.607958125271697014113669865765	11.360513413036743557427143969107
8.886085662218494718445072066970	11.092337994673732382011621666607
9.972942970260561423856415785849	8.667294343098157938243275566492
10.186504054672424146588127769064	8.391942453546841207412398944143
10.691226511275095489850173180457	10.169499362757120408673472411465
9.032590167422084093118428427260	10.917531701711306268975931743626
8.582787648198660690468386746943	11.291507725399206663041695719585
10.838207457929865284995685215108	9.571218462811410532253830751870
10.179595048703001580747695697937	10.515797494241883924814828787930
12.044335982595246292703450308181	8.990930767414718971508591494057
9.139379723691067880508853704669	11.175679805306623748606398294214
10.887516194951995629480734351091	10.121917965904689395983950817026
10.231153642874732057066466950346	10.467358005241088392267556628212
10.025988836601587905761334695853	11.911511557946070638536184560508
