75
10.757430498512368544083983579185	9.182608646127304652395650919061
9.531652843226897431350153055973	10.884829732327519380419289518613
9.766301026700203280483947310131	9.242102986726292712660324468743
11.668139696076567091154174704570	8.840387335620320641282887663692
8.604774017265214069993817247450	11.809181696930197702499754086602
9.742344078790164729753087158315	10.573652853211150670631468528882
9.525659429006935852157766930759	8.715475694594838174111828266177
9.747584597447815468740373034962	11.281438937976318470646219793707
9.634123601226939115349523490295	10.436402001311511966719081101473
8.673511925668019983959311502986	10.801467805310720038391991693061
11.215518524100099639895233849529	9.708349989422954351425687491428
9.777511045376748199942085193470	9.811387976533612942375839338638
11.056856639192979230301716597751	10.257422544852440537965776456986
10.866681133104194145744259003550	11.072736487342506705999767291360
9.923734969052187437910106382333	9.912023960059707761161007510964
10.343634616807879211819454212673	9.723430816535817200474411947653
8.652829036097118731163391203154	10.335567724064878447620685619768
9.447707639672591639623533410486	8.449460760802343983755235967692
8.716059567137916630485960922670	9.252244199301745908314842381515
10.676263295316825718828113167547	10.014916532686607197888406517450
11.819080101358157008917260100134	12.160347944671981323949694342446
12.253228364652454018823846126907	10.716133464349891113442936330102
9.706597350153131742445111740381	10.424742452147931714989681495354
10.289080225193472983846731949598	9.154045695800128612518165027723
8.385360927116787266299979819451	9.434126635142861871941022400279
7.790499880064780668931234686170	11.201941557802937765586648311000
9.415785260938939416064386023208	9.372551681010873991795051551890
10.001227703915343880680666188709	9.289332605612010240747622447088
9.692115125658009588960339897312	11.398217616753321124178910395131
9.404818118512119795582293590996	10.418575169090043885944396606646
11.279161483782205621650973625947	8.769744894328500350866306689568
10.411784271295310588811844354495	8.082938069183750684487677062862
13.133022460050710833456832915545	8.438100274131622668960517330561
10.871535591630694383979971462395	9.279646546317794175706694659311
11.112677314926624916324726655148	9.728977084232948158160070306621
10.403225264362593094347175792791	9.047766033681979180869348056149
10.381338911765299215517188713420	11.659151675603792952529147441965
11.697216130915414566970866871998	9.277673166487435452154386439361
11.159273094845342910730323637836	10.460727869922353150400340382475
12.368113494069175928302684042137	9.700397548853418427938777313102
10.464117040142511427802674006671	9.500219058044944375751583720557
9.809098746720355421757631120272	10.125637021815983018768747569993
8.218274526835994464590839925222	9.174916560815534083417333022226
10.623885814147811856855696532875	9.886812761924568704330340551678
9.029206944708134230381801899057	9.912482418911920944992743898183
10.726821337077240059443283826113	8.659844282525103409398070652969
10.774485740142338840996671933681	10.946217247037443698332026542630
11.910906837346065145766260684468	10.450879958517790058181162748951
9.508410311024439565130705886986	9.341569103198597900927779846825
10.597813999001038709479871613439	12.224096599066784918363737233449
10.339355298735279475863535481039	9.486012916306178155423367570620
9.725399974328183816396631300449	11.759533207472196991716373304371
11.793540335348783543167883181013	9.836360752995028988721060159151
9.103297688669302445418907154817	9.866465507316210192811922752298
10.586096959672744333147420547903	10.773239165529199468096521741245
9.957599730084574218835768988356	11.859305479889272305626946035773
10.300068467295787399962136987597	9.554957390679961193313829426188
9.816848359763305609249073313549	8.969044641854790000934372073971
10.348007406836028820862338761799	10.801085506917601719578669872135
10.295624445092835586024193617050	11.074066414345168141153408214450
9.719382475230746720740171440411	8.474436032774150362456566654146
10.244684518519880711551195417996	10.578925034846555774947773898020
12.125550968037197563376139441971	11.206489037140748621368402382359
10.020250709541249634071391483303	10.119483524187124601212417474017
9.899804028216619755653482570779	10.267207125885672525100744678639
10.769032090097708120879360649269	10.626465255104989182655117474496
10.006329044322816557155420014169	11.512856269780419538051319250371
10.129488994348081476459810801316	8.952526247263225656070062541403
9.620746961481048131759052921552	10.567192324064802022576259332709
10.715671475202709572727144404780	9.260807263071979988922066695523
7.087899586626527970167899184162	11.370270468660597984467131027486
8.885476305481168068922670499887	7.535006720593173668021336197853
8.606922756763733417528783320449	11.341231653202950013792360550724
10.963458103459055692496804113034	9.379132069360522905299148987979
9.574985272787325030208194220904	10.908882495046597682630817871541
10.616491151047648955341173859779	10.684483016099598273740411968902
9.954193883097412154370431380812	10.482360946800886480900771857705
10.657366558666339528826938476413	8.817872614326226710090850247070
9.079452263065562078736547846347	10.146321791995474015379841148388
9.768615750807155606594278651755	8.109224681067461304451171599794
9.634647075637706947759397735354	13.571415564379313067888688237872
10.603718105676286143079778412357	9.602503423735260668081537005492
10.741534837882047881407743261661	10.618743036452729100460601330269
12.475871101316165834305138560012	9.383607722888125834970196592622
9.018792751090110471068328479305	9.126945179350530068518310145009
9.284636177618613928075319563504	10.014341268774080262460302037653
11.045927496112430077346289181150	11.311847629094090805779160291422
10.068491906931088308851940382738	9.267384178095257496465819713194
9.200537433109936102937354007736	10.613639265189128479960345430300
9.294245092386981710319560079370	10.223349410230191836035373853520
12.061880352604061883425856649410	9.661700260081806490575218049344
9.947708367669349627249175682664	10.175781483661774373672415094916
10.612904123319733429298139526509	11.497416291535296650749842228834
9.637750239547992592292757763062	10.340748003132810950432940444443
10.486740995107055596236023120582	10.456170399258196468394999101292
9.991309649919024593600624939427	8.831722695901220276937237940729
10.389164579969268231707246741280	9.034525914035848259686645178590
8.751691599941432642140171083156	9.835432087681946100587992987130
8.966400659533421801938857242931	9.895269110181802219017299648840
10.517394368144412197807469055988	9.868245121896057625576759164687
11.315487964517970453925954643637	8.613562726799520063991622009780
9.276534517859076345303037669510	9.089674607791371485632225812878
11.163910034102849877513108367566	11.052332053681455548144185740966
9.419167297927439008731198555324	7.908764516346662887258389673661
9.698833989328470295276929391548	8.792064028474555925640743225813
11.186840553516157470426151121501	10.952634720125553613456759194378
10.187658928669037550207576714456	10.621423379330952485588568379171
11.376615284455604992785993090365	10.552596707874519310621508338954
10.484456478705164172993136162404	8.616795732314491473857742676046
11.221463351239167494100001931656	10.971313975750149438681546598673
11.201552178381358970682413200848	10.248993674186730018504931649659
10.048634834759523570824057969730	8.988559930613224224771329318173
10.876932587367798888067227380816	9.791675508318292031617602333426
10.654663555741359814987845311407	9.601072841915959443781503068749
10.450838582248891839299176353961	10.278359479499398432267298630904
8.225965414198029179715376812965	10.588878301976748730339750181884
10.771377481181092505835295014549	8.317332903340966865357586357277
10.663347788879008248841273598373	10.775126432806482412729565112386
7.582144503591980111423254129477	11.222435578736913441844080807641
10.173124746143344054871704429388	9.435960024786181676859087019693
8.760765779670972364101544371806	10.052008904564891267341408820357
9.488085872351534888480273366440	11.800491150655453509443759685382
9.958444762405950001493692980148	8.957082962710956053342670202255
9.940228442843862310951408289839	10.752735665835608358520403271541
10.534028359752584336206382431556	10.301224324839003188003516697790
9.942919638318780783947659074329	10.354672107055611363080060982611
8.989316464069380785417706647422	11.231306433780702036528964526951
9.722931370374721993243838369381	10.870167544838187367872706090566
9.329785075414093853396479971707	6.913022759274930706396844470873
10.939784033732685486484115244821	8.385430892185890883183674304746
11.122353714549820580259620328434	8.342642864893861087693949230015
9.827239222217258429736830294132	8.843453671318112441213088459335
11.677141333356654939734653453343	10.178017504444742513669552863576
10.542418271252445904906380746979	8.243931506122438079842140723485
8.879193398687982963224385457579	10.350664968884876415700091456529
11.299284178311332027533353539184	7.901575029561885621376404742477
9.257177275983138997617061249912	11.065934997423116925574504421093
10.704145080089960018199235491920	10.459982681724127928646339569241
9.801333988848080380762439745013	9.218846835218812429957324638963
9.901661889013588790930953109637	12.620706441470673553340020589530
11.282235264997384049934225913603	8.257496168550401804964167240541
8.079519270751745807501720264554	10.857912713837487572732243279461
11.465644880591366217004178906791	9.746478712327128590686697862111
11.306720709299211691245545807760	10.518354999021024553940151236020
10.226231710907436323054753302131	10.323197629772973726858253940009
10.568739641910898541254937299527	9.457525917244369750846999522764
9.114598518069032095922921143938	10.133737307055735499261572840624
8.536165190032919625195972912479	9.495018412042609767809153709095
7.699419781498427539645490469411	10.954211766773696012933214660734
7.711867595075862169551328406669	10.571556852761027300857676891610
8.930717899431202866367129900027	10.618741220477572184677228506189
10.883094538927368333247613918502	9.611820987526431991909703356214
11.626849368117611049910919973627	10.070894887527225947110309789423
10.964611279605694704741836176254	9.665980900824980182051149313338
8.572163504102055853195452073123	11.701316809575951438660013081972
10.017409385801320453879270644393	10.211616011024247541172371711582
8.889650950616200475451478268951	9.380088928381569601810952008236
11.363120802624656846546713495627	11.050614593204315383445646148175
10.026051230002272163233101309743	9.502754098815206162953472812660
9.719261643527943306253291666508	9.758053965868812795747544441838
9.557227602453490789002898964100	10.561192138457306199939012003597
8.997403801692199110107139858883	10.176678331117090081647802435327
8.806170264465578156887204386294	11.255313482731205354525627626572
12.063382644421393408151743642520	10.707218645412073243505801656283
10.718055507504535839302661770489	10.614293696813977163628806010820
10.763366695302210018780897371471	10.136821810412495636910534813069
8.768687386443101416944045922719	10.194593136888821405250382667873
8.903131711422590299775947642047	10.231319525511830548225589154754
9.524262619614123792644022614695	9.342213516106962600815677433275
11.261883496285001626802113605663	9.774948997338173128923699550796
11.186510056125481327171655721031	9.573567848824918513628290384077
9.562555097049466823477814614307	10.243245595990465801605751039460
9.452354173785249003003627876751	12.831526155973975278357102070004
11.059999950336614205070873140357	8.939082766258456658192699251231
8.503656470342297879483339784201	11.114586632598049575904042285401
9.778046813254094971057384100277	9.189813853774765561865933705121
11.478843885536598179442080436274	10.368607957692958621009893249720
10.125970462844438912952682585455	10.257945111858843389995854522567
9.236802090043786606088360713329	10.673690706939288119770026241895
9.417839638738803031969837320503	9.600203241317123215026185789611
12.149051337947126327776459220331	10.088850000645141591348874499090
9.406423959824506297877633187454	9.984974089205437053351488430053
9.988084302697044947194626729470	9.769358584691529401311527180951
9.837583445554825445356073032599	10.563725074791852520661450398620
8.631310906334718424659513402730	10.086809892174875002979206328746
9.935894932831093484537632321008	8.322548910683426726109246374108
12.329186866126148558464592497330	10.813063289530665755933114269283
10.306012308412116240674549771938	8.516153861100718813759158365428
9.279471942461716693628659413662	9.450465981985582075708407501224
9.873143936599566572454023116734	11.317332295397799057923293730710
9.546973767222763029849375016056	11.699379178092874198569006694015
6.069323656269708600063950143522	8.256458510240422654646863520611
10.392530541970890212155609333422	9.307435090130713462031053495593
11.274569625691926333388437342364	10.328720852676489982968632830307
10.195374743960949004417670948897	9.924357829532716834819439100102
9.892170858956832901753841724712	10.240337920605609767221721995156
10.051664000613017790897174563725	10.328519984372409368234002613463
10.604807029220042480233132664580	10.848444977645423037415639555547
8.648492189660037965381889080163	10.539557810788158676018611004110
11.214207433156269999585674668197	11.096778818939181832092799595557
9.848208242032676196231477661058	9.730252022109354470558173488826
9.288644323206556308036851987708	10.812636831779581569890069658868
10.795621259574810224535212910268	9.191361707223327570659421326127
9.274818444978253140220658679027	10.704586225081559547334109083749
10.876370427868137014115745841991	11.193041038690408228717387828510
7.542633539995778235720536031295	9.505898471399870430786904762499
10.086501018378204008740794961341	9.051786577289387736300341202877
10.745120509245902340467182511929	8.754754724400598320244171191007
12.757931681291054815119423437864	9.567493953229114111991293611936
10.329664053557468861299639684148	9.260472318067087371673551388085
10.011408581895196334698994178325	9.316334783316110090822803613264
9.670201457394313138138386420906	11.712391740618972590937119093724
9.914593122025644689188084157649	10.533587019846393673105922061950
9.941103623903938313333128462546	9.220110899884103261570089671295
10.559504877949940748749213526025	9.416316905739256171159468067344
10.086288561254349360751803033054	9.256349361960998223253227479290
8.984015796118281826920792809688	9.797632992787567829395811713766
9.675706928469509193746489472687	9.081377702810241814290748152416
10.645389180597305767150828614831	10.300482813939844106698728865013
9.774258224614371215466235298663	9.709912700868478907523240195587
9.962463572557849644795169297140	9.645429312595789284046077227686
10.114600466875312889669658034109	10.731968585845706343206984456629
10.167352893960460491484809608664	11.810686084747745283607400779147
8.323409262569342104143288452178	9.064983051095095945015600591432
9.053774234747466564954265777487	8.525219170294583648228581296280
9.740305081274248877321042527910	10.450433010849769388528329727706
10.424796132158784089938308170531	9.518363084952547126249555731192
10.662226367027690443478604720440	11.855690342772527756665112974588
9.172594420655343583348440006375	10.160732718803483720648728194647
7.944125516773421047389547311468	9.303775567766015441861782164779
9.904904758905773931587646075059	10.823595764045919054296973627061
9.440756130133733492471037607174	10.649408172937009808833863644395
9.882264955715752918763428169768	9.875836026996891447993220936041
10.242280943727964270806296553928	12.544226374216487229773520084564
11.064401582834099357910417893436	10.998848350766639470066365902312
11.593288087241104378222189552616	9.155571610916966918125581287313
9.582157654160328164039128751028	9.071888911228937146802309143823
9.636122422363539996581494051497	11.303263753476080921700486214831
11.170804190698206070919695775956	10.405388988212488143858536204789
10.301975668052245183048398757819	9.047508480675796604941751866136
9.476264082330844829016314179171	10.393332587747606154948698531371
11.665232635350022860620811115950	9.326096230579686618966661626473
10.529521474687655313573486637324	11.077058537293494211439792707097
10.093780875077149161711531633046	10.471812754154257163463626056910
11.177796160292700733407400548458	10.212570541967430415297712897882
12.881697267284707209000771399587	11.553939831426573547901170968544
9.847014558332787714789446908981	9.690641465720730707289476413280
9.710482079198849092449563613627	8.247716867620644265457485744264
9.153591719792217418216750957072	10.284623897326662600448798912112
9.733565229039374600006340187974	7.584424384918129646848683478311
10.373477810208703076000347209629	9.223350650892516711110147298314
9.795530390074254967203160049394	10.185731648085891265509417280555
10.439427879880069482965154747944	8.826786539915900675623561255634
10.584490361001973823817934317049	8.994279315667110807908102287911
10.314455080574616019362110819202	10.301595082366596045631013112143
10.076019945583059467253406182863	8.619204855102132967203942826018
10.753727945248380493126205692533	11.606250002914594077196852595080
9.899786918767182086753564362880	10.898320741952238321914592233952
10.481659840086598123320982267614	8.423267305634512425172033545095
9.152080634831534666773222852498	9.701272555035021838421016582288
9.854452536277072738357674097642	10.390574689661782770144782261923
9.494578108666011928562511457130	10.029439434396564934104389976710
10.067441029232051974418027384672	9.796813728399611065356111794244
11.019058113260632225660629046615	9.355507629424884896707226289436
9.732328470985004642557214538101	11.471499810135838970381882973015
10.473281167974795025088496913668	10.154092248566836786949352244847
11.259569245416724214692294481210	10.072306210296126494085910962895
10.361181371992069344400988484267	10.748843986360203217600428615697
10.247346580299982576889306074008	10.389085590943858861123771930579
9.243964755829619406313213403337	10.913584462139338526753817859571
8.824555020300572039104736177251	12.063520178352638012597708438989
9.419005980175290559941458923277	11.337320021776623235609804396518
9.476462267609042200433577818330	9.367460999976593427618354326114
10.942424027613391501745354617015	10.138369106310346268173816497438
9.363611011676093554001454322133	8.992878659126507301380115677603
9.043251967018942849563245545141	11.796352441727872673027377459221
11.053229262685880129879478772637	10.082064832695781575466753565706
8.364034442149652193165820790455	10.931557361827428209721801977139
10.321175713996787237647367874160	11.056548384052010902678375714459
12.053559398777956346293649403378	9.300913660363384849460999248549
10.703033681016975720012851525098	7.925347951572168980760579870548
8.276497422827398864342285378370	9.013879132763761958813120145351
11.138777168600347167171094042715	8.744468845625707587032593437470
12.372149144774496676291164476424	9.609148563711439550161230727099
8.998118148253475112596788676456	9.846373813758662052464387670625
9.585228255760700477594582480378	10.636292380078781860675007919781
8.176579627654994908425578614697	12.201612927719590828701257123612
9.854210541969214531832221837249	10.022154700800607329824742919300
10.518295038926819273683577193879	11.507335264695981891236442606896
7.835492454875108592204924207181	9.183693902105128259449884353671
7.906711790738540912570897489786	8.721891093891997570608509704471
7.754789943870213697607596259331	8.994566128840467911231826292351
11.209874297522031127982700127177	10.478613616377540296298320754431
10.165777184160775803434262343217	11.020676883721009176042571198195
7.915430963670400998921650170814	11.752860468797722504064040549565
8.640745219948437139123598171864	10.639709556730009509806222922634
9.624337379846423345952644012868	9.781945361832804053392464993522
11.219332312977654098062885168474	10.131747409343340393661492271349
11.104345907840475149441772373393	8.376354219381003218813930288889
10.581141819982919471954119217116	8.700985810970395917252062645275
