75
10.430502212828066888050670968369	10.266359633820227870160124439280
8.979851308388580477526375034358	10.657598530633205058393286890350
11.392641477122145587941304256674	9.761828248049965850441367365420
11.250418279252651032606991066132	11.039428105494357268412386474665
11.409678416472385009683421230875	8.461422865163905626673113147262
9.948404777094355111444201611448	8.562616452354346208153401676100
10.880221126532093833816361438949	10.340346049399908423538363422267
11.416100410256730057767526886892	9.048129334953594948842692247126
9.870244632634571857465743960347	10.249706210746166945568802475464
9.506115966151147844698243716266	9.336571514962862750053318450227
10.344564310079395141883651376702	8.736040015311358430949439934921
9.782620440858256216642985236831	9.078314957538134777337290870491
10.097566858945562273675022879615	9.691683746875899174710866645910
8.787551685016284253038065799046	9.018818805319515519158812821843
11.263992922800042606468196026981	10.238790481464439707792735134717
9.349059185695651308378728572279	10.297634681120591437775146914646
11.897143705357352772011836350430	8.810287681628839351333226659335
9.198471462005938903416790708434	11.103959480385238833832772797905
9.524794564284817965926777105778	11.251088797173991906674928031862
9.999813921492327395412758050952	9.481070983162579679515147290658
8.523626411110424072603564127348	9.073781795069193023550724319648
9.211313315925846012532929307781	12.333252495688883598745633207727
9.196454384837972284572060743812	9.764193299468432840626519464422
9.148579105635812780406013189349	10.195662828193999160930616199039
10.228237704843531119536237383727	8.296778983162715448429480602499
10.315881073070544360348321788479	10.521938209491393578787210572045
8.729919135671716290403310267720	8.865043695533380230244802078232
9.410482183139485812262137187645	8.627699215567997015341461519711
9.852811230096401473588230146561	9.985363989444971721809451992158
10.083792255202160603744232503232	11.243452669421058587317929777782
10.381150680451836976203594531398	10.181124358011453878702923248056
12.009611395066484007543294865172	10.760018274860643217039068986196
9.422350520963423292641891748644	11.964430581766292149836772296112
9.038895713185278069090600183699	9.931643556607751222031765792053
10.117165615553346924571087583899	8.433905853924935414056562876794
10.663654176133295692352476180531	11.708736987188153477745800046250
10.736993208175299230333621380851	11.901459425969880712159465474542
11.353667493529917109640337002929	9.676078514832056498562451452017
9.109790993757496124771932954900	11.589179072557655558739497791976
7.150215718887848126428252726328	9.396143275930628036007874470670
11.007320432341797911135472531896	10.799760967083038565306196687743
9.912031773065521633725438732654	9.066735919319450331954612920526
9.781907431264448504748543200549	10.176945435080053670162669732235
9.777159065569076545898496988229	9.275484226029321987994080700446
8.672571566741650528342688630801	11.536403608827461297892114089336
10.704091310223226685138797620311	10.109476072951581571146562055219
8.940983509304258447514257568400	8.793304388799965565226557373535
9.622861759229959233152840170078	9.675713620197861075666878605261
11.105978854021619994796310493257	11.495855353064360571124780108221
9.394696163497236796047218376771	9.766085174566500270998403721023
9.966043107656485489087572204880	8.951192336115049386080499971285
9.613934483669950736839382443577	9.536781612212955394625168992206
8.313528331643336599654503515922	10.116810966500445090332505060360
10.231736705540491527699487050995	11.356578640437490435033396352082
8.722338895125368196659110253677	9.249396129361825202863656159025
9.651054022954721034466274431907	10.240731243822351004268966789823
11.109434777512650072139877011068	9.666964517167585313472955022007
9.675350819484156872363200818654	9.064319242116924968399871431757
10.207282042309252290124277351424	10.046480677530167824329510040116
9.660835779613774931817715696525	9.441544926723253183808992616832
10.728510211507932936569886805955	8.381344054454007874710441683419
9.721606364105138453624022076838	9.873434048612681479539787687827
10.988396322986417885658738669008	9.325180161673079837214572762605
10.202996886740255177983272005804	11.139467757544901260757796990220
10.727329063639844619615359988529	10.592439930543044113164796726778
7.846705993002107248912579962052	10.215525273720833965285237354692
8.798892528028602555423276498914	8.733704676544277845096075907350
9.307733704155769061117098317482	9.638748193490153326479230599944
8.604134673482402462241225293837	10.653460397445442708885821048170
10.035009532056500702879020536784	8.543114754924175713313161395490
8.670592077292964106050021655392	7.706731035598394896624085959047
10.248630404014418715519241231959	8.867821530707123756087639776524
9.552581183664209163453051587567	8.864005764952899824038468068466
9.660690205439230737738398602232	10.813940587357425471282112994231
11.140416051095769489620579406619	10.207607024212803636942226148676
10.143152100642812030173445236869	9.728954151590711418862156278919
7.925275029940832993702315434348	10.702918306401501880031901237089
9.738103112742408029589569196105	10.666154382693729729680853779428
10.047218064823072225522082590032	10.978164445376810576249226869550
9.123683112817897011836976162158	10.964558433542801907378816395067
10.426517012368906378583233163226	11.767459045330456390843210101593
9.665530479750492176549414580222	11.407891223619694542890101729427
9.735566434424971049566011060961	9.276251634373224419505277182907
12.077478402651291133906852337532	10.444674899498084030824429646600
8.589624046598098416893662943039	9.842206541511567152724637708161
8.708259001821197387016582069919	9.911497237539299121067415399011
8.722264541166255824578001920599	8.660661214758151871251357079018
9.729562258443676725505611102562	10.316009424245651260321210429538
10.176454231206561118483477912378	8.677714367211679657998502079863
8.855136571043740190134485601448	9.424784414471666593726695282385
10.067145197505073639376860228367	9.916321942718726134557982732076
10.131916546661981826105147774797	8.531616560913738211979762127157
9.708941962927861268894957902376	10.558836307667881726501946104690
8.843101026278878507014269416686	10.590337942786263170091842766851
10.489851610959217254048780887388	10.853450262746086707466020016000
10.030451930649881830959202488884	10.247169237226263049933550064452
10.636892827678417816628098080400	9.983369240776553965588391292840
8.774224309013359146547372802161	11.152615086235439179063178016804
9.461351859518387641401204746217	9.936484472316600147223653038964
10.496964477752300126667250879109	8.854514986891857120099302846938
10.175993771060339199152622313704	9.834807543048297517884748231154
9.102808951273388515801343601197	11.138950227378190405147506680805
10.015481585030482136744467425160	10.155614452715724382869666442275
9.097513677885798344391332648229	9.571288934153592720122105674818
11.053430505097727731822487839963	8.944045751050678561000495392364
12.338119437481607221229751303326	10.008967902929130744382746343035
10.707403824554489801812451332808	8.283858216764242499152715026867
9.019617610926827566686370118987	9.448067555209684442729667352978
8.738790024033400882785826979671	9.478081241038994519954030693043
9.361659799515290814042600686662	12.781066139508114432032925833482
12.520333536521874862046388443559	11.010049546962818567408248782158
12.367412424082379729384228994604	9.489578518951381269630473980214
9.435501476717892188617042847909	9.696721798286699112168207648210
8.967894330197582419827995181549	8.473164517707461484974373888690
9.858793166391631501710435259156	10.575567070326275853631159407087
9.296693259082164928486236021854	9.318396709538900424263374588918
8.901765641837016573845176026225	11.302708560698519590914656873792
10.758663451310482628286990802735	8.859537562261456500323220097926
9.970926095421514645522620412521	11.567084859133174745693395379931
10.155533374013586467299319338053	8.111954976613448664579664182384
9.948683893608198047786572715268	8.496835381226913952446011535358
8.718827669375755817782192025334	10.321899025648560765944239392411
10.290615141233999452197167556733	9.786314142528841131252193008550
10.904812412694864676154793414753	9.951199753921285307001198816579
11.368487651430069007574275019579	12.695591555841007291860478289891
10.995750560911401905173079285305	9.286402731293280865543238178361
11.174213351974772834296345536131	10.509177630125840607888676458970
10.156238502871977047448126540985	9.176449575353395005095080705360
10.964438828199678965802377206273	8.688423048119007674472413782496
10.066488458187842880420248548035	9.544938066082790939503865956794
9.125918653671345026623384910636	10.308602330371051891688694013283
9.497504502950580018705295515247	10.532587413443280865976703353226
10.396590100658228195129595405888	11.316075004598687314683047588915
8.946181591954026401936062029563	10.294578126309479770839061529841
10.144145980426834796617185929790	12.196133807082411237843189155683
10.663598739695590467135843937285	10.102480449197416945139593735803
9.372064508424559292620870110113	8.152604372970266410902695497498
9.304736918412860546823139884509	9.400083488329848080411466071382
9.186407432048831367410457460210	10.567916754956847569246747298166
11.282362906343593067504116334021	10.935971680952350837401354510803
8.893708634096526566281681880355	9.687241474651736794498901872430
10.470568671505471769478390342556	9.441486524221472720341807871591
9.264494069364562989221667521633	9.210007538250847503036311536562
9.471097381808716519913105003070	10.676853594542048853099913685583
9.620914696687506761918484698981	10.317145185684974961759508005343
8.350365429215528934037138242275	11.069679550448899618686482426710
9.022476512540450244159728754312	9.550858985436100567767425673082
12.568308867651236226947730756365	10.363048450805997902079980121925
7.717789651092740399462854838930	10.120373703446302826591818302404
9.858503755505026333594287279993	9.321875470509482397574174683541
8.098272335552035627870282041840	10.225970354441985321614083659369
10.144791545276602207081850792747	10.612637463390504066751418577041
9.356695315206385643591602274682	8.831962731535160315843313583173
9.442229148485061784867866663262	7.898034009241779784815662424080
9.622196895458985821392161597032	9.827031833089369783351685327943
8.094156337549293311894871294498	9.909922307194072743641299894080
9.493324714728300861565912782680	9.998333443903383965789544163272
11.102607243529551084293416352011	11.720038208821636160905654833186
10.082583792395737987135362345725	9.051458403931802010333740327042
8.317853951826057468110775516834	9.607230659886599966057474375702
11.363811171455653337147850834299	10.233343193750986444001682684757
10.434964108440460961446660803631	10.328416728692392467792160459794
8.416468867165384892814472550526	9.757932704742632523675638367422
11.289004753558906202215439407155	9.558643909309443742472467420157
10.346448196912575667738565243781	9.880168209065024242931940534618
10.742329831321278277300734771416	8.526048965388381972729803237598
10.173892697282562735949795751367	9.197958586082636500691478431690
10.007130511808922435079693968873	7.948770695048637868751484347740
8.647892908412471157930667686742	11.660276907474957042154528608080
8.006331534733782007151603465900	8.968805725693563601907953852788
10.890126046794758707392247742973	10.216847072125938566955483111087
9.497283838345209616704778454732	10.792552335596944601547875208780
10.918784435883619465812444104813	11.375109282191674608952780545224
11.948808696970981912954812287353	11.007078491268018183291133027524
10.884812246710849237274487677496	10.913231918546131282710121013224
11.348858852735979496628715423867	11.196508062261040450380278343800
10.318350906113542109210357011762	10.563693084485672457617511099670
10.175623256610599298710440052673	9.677936175116748529489996144548
10.285611893972559371945862949360	10.821684902694757468566422176082
8.060525684029284931852998852264	10.195036206270115641814300033730
8.831097450488453404204847174697	9.521314417227047854908050794620
8.919393859264122426111498498358	7.277763499774558830779369600350
11.548690397240653382482378219720	9.784988527728380347525671822950
9.227370025780581741514652094338	10.140330580910088542623270768672
11.110021899807140499660818022676	10.440958401389675458403871743940
10.360951519033609002917728503235	10.004649313779420793935059919022
9.661713173820064781693872646429	10.649021380612360587747389217839
10.817896679152646299826301401481	9.997979225159754790297483850736
10.667675281203056414369712001644	10.933798128903323032545813475735
10.428532681974180817974229285028	10.543397467564039615695037355181
9.848662825131571096903826401103	11.225642363665308209874638123438
9.874865905070837612811374128796	10.089137780392267274010009714402
11.025338715543689716014341684058	10.333108447856666600728203775361
10.402450968721931090499310812447	8.864019773393719603404861118179
9.748950003296183552947695716284	11.420722337808806301495678781066
10.937169954898838142298700404353	9.907194277308768448619957780465
9.955634353233842048780388722662	9.061588604950308933894120855257
10.254589829777625453743894468062	8.955899810925238568870554445311
10.576186286950703063780565571506	10.064006234075110413073161907960
9.127775452205293404972508142237	11.114212619245376956200743734371
10.570439768832970983680752397049	8.990816787073882210279407445341
9.841560289187142984701495151967	9.357046666287958558427817479242
10.080299930764514471093207248487	10.210308629217712095282877271529
9.997767067309498045801774424035	10.823176666549050750631977280136
9.810964366885251308758597588167	11.323964852383809898128674831241
10.394451854178917926674330374226	9.541192366739117858287499984726
9.911147878844436931444761285093	8.963494624815934841421949386131
10.125465627759561826337630918715	10.495172115126340628421530709602
10.146170595320811003148264717311	10.575640383399688815302397415508
11.660169351139742843770363833755	9.771052014745951197483009309508
9.169781695626397777232341468334	9.743417177464586131918622413650
8.288797962047084411096875555813	10.667950900124195001694715756457
9.373163657326500697308802045882	10.995048837938922403623109858017
9.828396396825036518407614494208	9.318029596797813951525313314050
12.696590145436992713712243130431	10.620125996216204455890874669421
9.888708987167824204789212672040	9.697214257875639731310002389364
10.907047600517234542394362506457	11.553527598618718030820673448034
8.564731057811247438849022728391	9.930991568755384690803111880086
10.080743680887762181441758002620	10.456556244892910356725224119145
9.003810380173586480623271199875	10.695484310014990114723332226276
12.473807622496675406864596880041	10.613997068758710184965821099468
10.769774550199217699741893738974	8.823274048135106184531650796998
9.455141828520787328216101741418	8.000107913368054823877173475921
10.184967363162520825881074415520	7.800292352777347559822374023497
9.992301488504253370592778082937	9.997053609183149447403593512718
9.260410762352179858680756296962	10.659410394551592560219432925805
8.164559089190074558928245096467	10.557348559165653512081917142496
9.617561146992931853105801565107	10.020987858911837520281551405787
10.123617474925616477321455022320	12.169656801598542017472937004641
10.896083228396566511264609289356	9.004841132747980481099148164503
8.428528154959664675516251008958	11.346324220169602625674087903462
8.235596697173185987139731878415	10.940798260054815926878291065805
9.234439747410531751370399433654	8.703205567670543985059339320287
10.115606743445461290775710949674	9.288593086239389506886254821438
11.032675749658750419257557950914	9.139182962573210389223277161364
8.897361076365339016547295614146	10.041568862069423673233359295409
9.640262276395924700977957400028	10.742038944752396290027718350757
10.578210091809374659987952327356	9.786751806768485550946934381500
8.665143709018346740435845276807	9.763438541675485637938436411787
10.402561491097788604065499384888	9.889900026464037097184700542130
9.714572229677365555744472658262	10.745998023576385449473491462413
11.088511690265651310483008273877	10.045454849052600110326238791458
10.190069533969850823496017255820	10.811020982050285610398532298859
9.110416458058805844189009803813	10.212652706367785881980125850532
11.953667061042375863166853378061	9.870125951962895882729753793683
9.768137477438092020065596443601	9.864167610416682663299070554785
9.459397895595547112179701798595	10.103731955043933510296483291313
9.865556605238353427012043539435	10.011698284608527842465264257044
10.733834586673722810701292473823	9.545616527861643163532789913006
9.007852925905847740750687080435	10.571212348917782719581737183034
9.763478250197138663679652381688	10.598302965035907519109059649054
10.356100565583764350208184623625	9.686003337966138104775382089429
9.704859611369139216208168363664	8.934892383453963304873468587175
9.688322621037064763527268951293	9.766950628919738974786923790816
10.907418192369259912766210618429	7.772622542331837358631219103700
9.982388710134692644260212546214	10.174388371491366100940467731562
7.674839681612457553683270816691	9.666949884760606792610815318767
10.517040782269775789359300688375	10.660216856922305694865826808382
10.529517332506914684131515969057	9.262432134674293493503682839219
9.797521199506485700680968875531	9.966168768300329716680607816670
10.374552204785508990880771307275	8.877550168128934160449716728181
8.950814364649144039276507101022	8.669703042774886014854018867481
11.862581776062611993438622448593	10.622388132850906217186093272176
7.228823118346822340640756010544	11.349539307943773636111473024357
11.595893983081701605897251283750	9.785991540063683657990623032674
10.631291470799471454711238038726	9.196098065442690483450860483572
10.175810119507007200922998890746	10.446014730361621758447654428892
9.642949640065122451915158308111	10.938434687691643176776779000647
10.369928818690091532062069745734	8.737534632672996792734920745715
9.919475119257189277277575456537	10.262530298783030247022907133214
9.988818077338843082202402001712	10.950062674696996012357885774691
9.727932731256817788789703627117	10.538218211513832756054398487322
10.397453961710622749592403124552	10.860071286761787234809162328020
10.218425337694226229245941794943	10.054343407954366540479895775206
11.441171569445508282569790026173	10.486777006503931630732040503062
10.191588142215723067351973440964	8.072212333832240460651519242674
8.380332119648182143123449350242	10.747094019601730607860190502834
9.460346436527316882347804494202	11.112375481346361993928439915180
8.447741460330323803873397991993	10.360972473823917283652917831205
9.589982496166074454890804190654	10.541476939157952585901512065902
10.283694600268551866406596673187	9.792659055448535099230866762809
9.419004131313583272344658325892	9.315006365774552321568080515135
10.091870735049594642873671546113	10.208074576840372671426848683041
10.503511905663209802241908619180	9.032917876708989268763616564684
8.874267914752113739496053312905	9.360401678929479274415825784672
9.964112459790321452146599767730	11.064747257705807470529180136509
10.590217936268908616170847380999	10.137834620315711475768694072030
11.661610764128763406688449322246	10.595166362200300724794033158105
8.726830770765335643091020756401	10.331185778077344394887404632755
9.614530977783555698579220916145	9.773655874915881724973587552086
10.320531056451802243145721149631	9.998794878045407230615637672599
10.215339507359681547882246377412	11.440377983834688180309058225248
9.484542585740886266876259469427	10.811029704822088248761247086804
10.930912873417209851822917698883	10.984688519998332623117676121183
9.979729999265602558011778455693	10.171536557220463237172225490212
10.262957869120919340844011458103	10.128279635627505328443476173561
10.951496678019271513448984478600	10.605917151610169568698438524734
9.325680304690640909370813460555	10.631633105033904129754773748573
8.559639005017212198822562640999	8.242148360313022337209076795261
11.860761717552165350753057282418	10.763846221573363237666853819974
