75
11.252753030720569427103328052908	9.147487841698023203207412734628
10.379203641799980672999481612351	9.843859117774238498554950638209
10.880598779156501976217441551853	10.834296093234836888541394728236
8.950395408740000391389912692830	7.568966280941257451786441379227
7.658225506658601133835873042699	10.324017246892676524794296710752
9.792126112438644724988989764825	9.848989450845735404982406180352
9.985344838995429128658543049823	11.193064541793013688675273442641
9.494662023097530934023779991549	8.052462752547523194834866444580
10.998411270451530441505383350886	11.382162064542168167236013687216
8.884554438543190713062358554453	8.277791432741400612371762690600
9.536254924965870571895720786415	10.426749521479647953015046368819
10.061170703789084512891349731945	8.889810690904525358746468555182
11.610709809158327843192637374159	10.755991528700249659777909982949
10.540406468440828291477373568341	10.100490155125809721425866882782
8.645645246587360333023752900772	10.322915211780379962647202773951
9.889545011594844226010536658578	9.925647147485852528348004852887
10.242631860635475149479134415742	9.847653460322906227020212099887
10.237661397969464616153345559724	8.870709275229605950130462588277
9.787326708172255251838578260504	11.165089650590388714590517338365
9.900886368110473512160751852207	10.710327540407117652421220554970
10.374737703036062796968508337159	8.936713026477367094457804341801
8.482102956787306524688574427273	8.978514540478224503772253228817
10.056529982754588203874845930841	9.715005257419990769562900823075
9.270531956625726266452147683594	10.855321881539698125607174006291
8.770652018368762625755152839702	10.217739031106573222018596425187
9.631705060399690765393643232528	8.856650914487413928100068005733
8.805969072405758879540371708572	9.933035771290423809887215611525
10.641034289859085504303948255256	10.512138141405209523782104952261
10.024443020616542909806412353646	9.840284185822849138958190451376
10.959341888991861679869543877430	11.266822767990296583207054936793
9.600714173281087226996532990597	9.487078007265889567634076229297
10.403961604791602368891290097963	8.166377564998072102753212675452
10.858333770584160049565980443731	9.556873469831906220406381180510
9.991282898162044290302219451405	10.148890641247968247284916287754
9.682047775610817197389224020299	9.247975454375689352559675171506
10.538761069894691857484758656938	9.860877100102349857024819357321
9.232898303291612762677686987445	9.521525315036541314839269034564
9.511617923716336520101322093979	8.629191678186439062869794724975
11.395322855191563959920131310355	10.196406493423186390145929181017
8.979941626840830082301181391813	7.619593273279736678205154021271
11.328917017984950987852243997622	9.243817655326859394904204236809
10.553840383601807317859311297070	8.839158939602741682506348297466
10.148333591056514890738071699161	11.711005617593640337759097747039
7.756672392613431554764247266576	11.003804161292563890128803905100
9.731655052793863447391231602523	10.530806393028935730171724571846
10.610374045122892283643523114733	8.124362564325947388965687423479
9.719444514254215405912873393390	9.244536074128497205038001993671
12.299405883950640827606548555195	10.080214771590151556779346719850
8.961791710394617638257841463201	12.447056019344241661883643246256
10.447980102959006032392608176451	9.423575650413374305003344488796
9.714017315138734787183238950092	11.832466764172258066878384852316
8.908084711120851650889562733937	8.861459985970983055381111626048
9.744906953452002085214189719409	9.586039008544664952182756678667
10.495005443543046652621342218481	8.936017263024528034520699293353
9.649749705516512676695128902793	10.585304195005784677618976274971
9.548942000888855474727279215585	9.760745309243771927754096395802
8.875837831397632271546171978116	10.263630059870772370800295902882
8.069134772668505206638656090945	10.954255240346117972194406320341
9.444772036289384331553264928516	11.455777449343051088703759887721
9.961890050051504630346244084649	8.593168849644712281587999314070
9.820889274599727158943096583243	11.003239389527735170304367784411
12.406100444048153264020584174432	10.873481031186170042701633065008
10.193508287805357781508064363152	12.594230823942487162980796711054
10.369083053567056396104817395099	10.703900396415351181644837197382
10.009858242270727402001284644939	9.349130621065139479242134257220
9.781400915253831485074442753103	11.022057922647231720247873454355
9.401371679341893994319434568752	10.304942079411400612798388465308
9.990189775582063447245673160069	11.320318380763643162367770855781
9.646131028483216240942965669092	11.300898326057250642406870611012
10.410227572440767573880293639377	8.241970183549216955043448251672
11.929793162159612052164447959512	8.543414499010491880426343414001
10.566952496693307494979308103211	10.192723558188873766994220204651
11.018939223282270489789880230092	9.592720466553350533445154724177
10.990704472430078197930924943648	10.905715158856351010285834490787
11.114893155082267384159422363155	9.745060568459360084148102032486
8.465389973643750565202026336920	8.982940619208642729631719703320
7.168157908751862983365299442085	11.279834681480670255382392497268
10.406477972295302691918550408445	11.487057271191773111240763682872
8.529852427299910999636267661117	9.671977607445800373398014926352
8.879124436177496804134534613695	11.259738667180904769793414743617
8.294752338265135804817873577122	9.015272538287590009531413670629
10.243646612015940178253003978170	10.375482721105068861788822687231
10.606526552768018589745224744547	10.830100933202455593118429533206
9.123432670322054960365676379297	10.202900241677479442614639992826
9.920266980115595600864253356121	12.512048781578901213151766569354
8.166704924316691815988633607049	12.219200716950851415276702027768
10.281892714541516653525832225569	9.333421384566531031623526359908
10.447210879853804144090645422693	10.458872268831425955681879713666
8.587545950522553539485670626163	10.094620833003018489648638933431
8.505763478685299361359284375794	11.290346401496716310930423787795
8.673961118459509123113093664870	9.861297281547344084629003191367
9.370135611980396461717646161560	9.778240568162978263444529147819
9.065322574139177191909766406752	9.156668120898677543095800501760
11.157925184727083944835612783208	11.177969744449038458355971670244
10.604991878414351091919343161862	10.948542434646874710324482293800
9.976613979359180817141350416932	9.955244545682200296710107068066
11.741671345184727215382736176252	9.763169291567139751464310393203
9.961765108184394534873717930168	10.160550468082961472759961907286
9.478052326054951848277596582193	10.980967122636064559060287137982
10.261504960118100981958377815317	10.095648647568319589140628522728
9.081547004077737739180520293303	6.959076524019195630899048410356
11.173558125371531701830463134684	10.815414560959947465335062588565
9.531529759582465288758612587117	10.025490186025871608421766723040
8.889439248113291114350431598723	9.409908816634182215921100578271
12.143652759021509979220354580320	8.391760677374126231597983860411
11.287672943893543475724072777666	11.790123371396845186609425581992
9.991919046662024683769232069608	10.590607670993431810302354278974
10.217566887106134032592308358289	11.290418534400906480641424423084
11.153099987838912099391563970130	8.283668964099677012313804880250
8.852129344073338401699402311351	9.571495430806367110676546872128
9.510245941103978140063190949149	9.740668839454327709859171591233
9.887737780098596829247981077060	11.196609740821415357459045480937
10.845246215454563909474927640986	11.406454742887850883903411158826
8.735998808832208695207555138040	10.845461426843344909798361186404
9.630125183330237703671627969015	11.056337536839354385165279381908
10.598651487339234122941888927016	10.589178840715280927042840630747
8.738317432196522460685628175270	8.949587993399363838875615329016
10.221195506910932593314100813586	7.386672768229143315465989871882
10.999635817456139719183738634456	8.739227857205435157084139063954
8.892136684226485954241070430726	10.382483094016039970597375940997
8.709819586922581180488123209216	11.855596489003403348760912194848
9.288138500512728157332276168745	9.498884236868160968469965155236
10.527058237289480757681303657591	10.558728921016058421855632332154
10.001859566861266870319013833068	9.812041104414111813980525766965
10.736376234090242220986510801595	10.003421408594860508856072556227
9.369915766487226349568118166644	11.784072317451759204232075717300
8.890127347572899907390819862485	9.414626314365131420913712645415
11.266828482602257111011567758396	12.185560009344806431386132317130
10.527878425005248175239103147760	10.196452984840615130224250606261
10.496449429750912329950551793445	10.447567885849874613768406561576
9.932308364664281796763134479988	10.537996011361945747353274782654
8.907381383046001133152458351105	8.628851712876778989880222070497
10.482970529761056255324547237251	9.429050104625767758648180461023
9.702833809088470928827518946491	7.502157048529908500711371743819
10.548799133620033074976163334213	9.900926323442591936441203870345
10.272060230397702440541252144612	9.607139108555134754396931384690
11.212553843170695699882344342768	9.197325836598334802829413092695
10.868921175978005777551516075619	8.725798932168318700064446602482
9.287853414343212321568898914848	10.655107167348695895725541049615
10.332219560405404124026063072961	9.371674957032606556595055735670
11.086376678221622427145121037029	11.925318964384100439701796858571
10.635006511500129988689877791330	8.706755466476739258041561697610
10.003062375254838656246647587977	10.145949862589874967966352414805
9.808084274112106371035224583466	9.108405132015857219585086568259
8.152208685568981039182290260214	9.609861940378921829619685013313
10.124566868658249063628318253905	9.060405577752499439725397678558
9.576292169223105332775958231650	9.446795674925356323115011036862
7.517390733891266663135866110679	10.041407367863770971894155081827
10.621067992052248385448365297634	8.351645386075809085468790726736
10.397068018001313305376243079081	10.149638260173281523179866780993
10.154014849877897930241488211323	8.511759695836564887372333032545
12.107673683139120512919362226967	10.488298394715450001513090683147
7.930182041497364053839191910811	9.425183539261933418629268999211
9.101402911395814143702409637626	11.141337552254663378903387638275
11.943705179228071955321865971200	7.903784183196886026223637600197
8.324423510181400587271127733402	9.414102992456420793132565449923
7.738962070400260628844080201816	10.227109476189715664418145024683
9.987323030384226640876477176789	10.522657350806818854493940307293
10.766393308999800737524310534354	8.510951885682610296157690754626
10.358719094619946332613835693337	10.638395753810508281844704470132
8.167461874123256748703170160297	10.817176305671289071597129805014
9.895703723473468826909993367735	9.242618225113712782103903009556
8.877389974601667788078884768765	11.342674549002298434174917929340
10.170425144851252596822632767726	10.242478607751898778133181622252
10.025908654639403394526198098902	11.229860205570567188715358497575
9.170028933799780901381382136606	11.402174455883738346528843976557
9.407758346721708520021820731927	10.983768206063931671678801649250
11.186575999438074902059270243626	10.916999501368072955642674060073
9.588354971453759034716313180979	11.462146490733466919209604384378
11.458610419227049703749798936769	9.694936216622750180249568074942
8.723942197903483020127168856561	8.908357587070756977709606871940
9.061917707294398383055522572249	8.960949221690338362122929538600
10.156385685102511828858951048460	9.707045575840078655005527252797
11.046300022948818408963234105613	9.065935028159218589394185983110
9.116868892799310231112031033263	8.892803739824190145668580953497
9.261776575474714334745840460528	10.018691778568241446123465721030
10.587787395338970952707313699648	11.648353626791365655890331254341
10.780359377618410121613123919815	9.859405160167458603837076225318
10.276958664550416955307809985243	8.363622335837293420013338618446
10.160297856827314788574767590035	9.650226828766481190768899978139
9.905819417666492654461762867868	10.824264500442380310119006026071
11.633901612242993905965704470873	8.969003099023950653645442798734
11.741408990162680581192944373470	9.888708011912655138075933791697
10.086555478659093409987690392882	9.599505883192929189817732549272
10.101775119823310333799781801645	9.715572127176978156626319105271
9.088477777894791387325312825851	10.638057766670282688892257283442
10.348803697057084249877334514167	8.524294708858976221677039575297
10.714783563029250501585920574144	9.222052544250866290553858561907
10.713915674069772521193044667598	12.066711785131314371710686828010
10.462608858152968593913101358339	7.669155267870577219468941621017
9.584786006174548234071153274272	10.017643090814186024317677947693
10.030352620797893692383695452008	11.322438477125954747748437512200
8.955542393739758466608691378497	10.173324133039873373718364746310
10.121011466361872876973393431399	8.141340672452898274968902114779
8.233242452261000821067682409193	10.019239692458759449777971894946
9.778007095044252139359741704538	9.651253804182262641120360058267
10.683447915858316434878361178562	10.726632060578287664043273252901
13.316776153737745147509485832416	10.992698283486992849589114484843
10.616768873269990081098512746394	10.485659455394342742806657042820
10.836376107871522833647759398445	9.534330637876223590865265578032
10.715908007729842310595813614782	9.880106894124217831176792969927
11.024639092099103976352125755511	9.304572470847348952815991651732
10.051850515915957018364679242950	9.660081617006980536643823143095
10.787721741233447403374157147482	9.962452886164966159299183345865
11.325626750733835734763488289900	11.609854496219028874293144326657
9.612035446285405626554165792186	10.667639729367458301112492335960
9.275752315754663968050408584531	9.481972703755998210795041813981
10.612411840683423136511009943206	12.603869753667542141783997067250
10.648578182867376895615052490029	8.662710096838855733381024037953
8.763419447634698045135337451939	11.365165611921201005429793440271
9.156689773989068470427810098045	8.858054680287422044671075127553
9.968446294266017915219890710432	10.158396585403695056015749287326
9.616989304861411014258010254707	12.260395218539818174008360074367
9.034700055598825940705864923075	8.681600263967052200086982338689
9.406130876494163572942852624692	11.595976233166696900411807291675
9.145598819135159374127397313714	12.119067986172970208258448110428
9.526918281848459457705757813528	12.015365989676327629354091186542
10.664097328290839783448973321356	10.459535660013303370874382380862
10.804698197656982472381059778854	11.053107929399999420638778246939
11.882258106714562728711825911887	10.515382766253804192047027754597
10.472467190167686013069214823190	11.304195692229601633016500272788
9.623595722240011696158035192639	11.475329241991271800316098961048
10.225196032671650669954033219256	10.279683091389651750091616122518
8.203964565105014372647929121740	10.098672258303910354015897610225
8.732383973329573834121219988447	10.370253763989317974392179166898
9.990200559526234869167637953069	8.693260042106603080469540145714
10.272554955083224470513414416928	9.819221384917270256664778571576
10.586227138073802223061647964641	9.590691405073979325379696092568
9.578915843192611134782055160031	9.391775521995233688699045160320
9.623180754036122053207691351417	10.350668619645407630969202728011
9.829772272715551650890120072290	12.447270076530596583097576512955
10.948107431399174416242203733418	11.958580638687385189200540480670
8.819892535368682118246397294570	8.946134307836633325905495439656
9.306909100360728714917968318332	9.400007545788350071802597085480
10.927758322533906110152202018071	11.567011691451146049303133622743
9.240070233247063669068666058592	10.384617693717046904566814191639
9.789306599567417777052469318733	9.037071292950143330813261854928
11.156667282910555982766709348653	8.431136555980426550149786635302
9.194077178880188938592254999094	7.415564962508502944160682091024
8.757830164599146982595812005457	10.100703019372485158555718953721
8.311527278856488010205794125795	10.888731178733218385445979947690
8.042122141765155163284362060949	10.461939999463186978800877113827
10.390589366049033159811187942978	11.246586881425630011221983295400
9.840720971456914156760831247084	9.762366175114506106069711677264
9.921892664519322835303682950325	8.976957666030919824606826296076
9.653968536111651843611980439164	10.283081789551845375285665795673
8.686827514529978699897583283018	9.419436793398599405691129504703
8.830128963454491497486742446199	9.791459060867227393032408144791
10.124050164309204902224337274674	10.907565279602456698171408788767
9.086160596034767777950946765486	10.315816550401757822896797733847
10.856838197308281479536162805744	11.784180615909122025186661630869
8.637600096374432823154165816959	9.531397796313420656133530428633
9.209333842589563445812927966472	10.071539856727877548792093875818
8.298545412234624052416620543227	8.489769651963623431356609216891
11.315507173851511169004879775457	11.155343474314591389884299132973
9.600701952746721445919320103712	9.967703602988198241519057773985
9.410226494834331489869327924680	11.660237572095908831215638201684
8.632939204864188198484953318257	10.744013289571272551370384462643
10.423687554926367226926231523976	8.314269806990431277426978340372
9.489049905492663583572721108794	10.133387448153477805590227944776
9.751830307553328580638662970159	9.392659469527909976704904693179
9.918720549938834452063929347787	8.256077050829773611440032254905
8.330510532718003346985824464355	9.841310648173926978188319480978
8.436463786839116352211931371130	9.818722775750165610020303574856
9.718122755041797233843681169674	8.244528385338671938598054111935
8.631921285891694495262527198065	10.903066048626882889038824941963
9.813241989537017317957179329824	10.486325943690202322500226728152
9.510167917314202412626400473528	9.659694388932766884181546629407
10.849396597350107640522764995694	12.136551663621922614311188226566
11.625816223186287601265576086007	10.090352881960072295441932510585
10.725793700881567360738699790090	9.763691115153537936066641123034
8.999509577846279029245124547742	9.270085916647085255704041628633
8.764158451293777574164778343402	10.323478679602164476136749726720
10.581282779185373854602403298486	10.181650517305396164147168747149
9.993254987376346321070741396397	11.271697866127738052455242723227
10.111256542500511201865265320521	9.289503352773461841707103303634
10.216444052879602111261192476377	9.251377177445545996192777238321
9.169268958909984945648830034770	10.802077765227904748712717264425
8.911764687459477585207423544489	10.130756618191256279715162236243
11.084571496509420640563803317491	9.359137320162014717084275616799
8.655099564731447259191554621793	9.578108047661277879569752258249
8.416535311772031846544450672809	8.185652974497454437141641392373
9.692442269193275450334112974815	9.081352096147993435693024366628
11.105294228564922320856567239389	11.174273812524482707431161543354
11.402106322656075931831765046809	8.282659000393763903957733418792
9.664406843122868906448275083676	10.681526558561346362807853438426
10.622418601478662125714436115231	10.063877803324087878422687936109
9.999849294146281764028572069947	10.177762781226759258856873202603
11.446884550816958991958927072119	10.278217496935923236378584988415
9.873841675156620922848560439888	9.206429506537968876500599435531
9.279400348746754900730593362823	9.825572623896539070642575097736
10.443649595282522568595595657825	9.643877467395579827780238701962
9.234841272850895066426346602384	11.133513380185750207829187274911
12.185370446793989174238959094509	11.959053991884914580623444635421
10.449198829259655596501943364274	9.114562071600509796098776860163
8.345265683256814170931647822727	10.951912429292651296464100596495
10.278161947310902490926309837960	8.313634790899632420746456773486
11.158303170672747128833179885987	11.245511559928287326215468056034
10.171525465339728455660406325478	10.151414198321289106274889491033
10.415798819152557896927646652330	9.430476677143655450663572992198
