75
6.892779138384389270299834606703	4.332565523452078792843167320825
7.361522725874995565220615389990	8.945970907584548825752790435217
7.582623611886194048281595314620	17.729515444540869140155336936004
8.843311129126421477053554554004	17.194370478241530975083151133731
13.434413145278377044178341748193	5.792520803638448789740778011037
16.098985803182692677637533051893	0.356943424174489765121620621358
7.060315376651479901681796036428	5.187685536117700557667831162689
0.811965554138326384148172110145	9.265005181544639256685513828415
14.060574594221172617380943847820	3.526753866815235394227556753322
2.620779999831340134619495074730	8.835427482965918954960216069594
7.006882864353363160603294090834	18.433393921482547739287838339806
7.713964799280237372158808284439	7.076628723800883591366073233075
19.576886882236617992703031632118	9.681699190975429303307464579120
14.823793530911817839523791917600	17.637827984745747755823686020449
15.184473578242680957828270038590	9.969554411942644023270077013876
18.021143863624441650017615756951	10.790360374521123176805303955916
14.685127811031710720612863951828	16.151096846170460707980964798480
2.797220306872786999008440034231	15.025990897484710728804202517495
1.567183946664374216695136965427	0.442448732143070566635856266657
9.045228689200159877259466156829	0.547746165236239868079337611562
3.769197488947686025539951515384	10.278718855647831276201031869277
11.792380264759810160057895700447	17.862363477649104481770336860791
16.777057680959146068744303192943	15.953472203210132818185229552910
6.063560699310770019110350403935	10.074213144022797550292125379201
4.653583503438034618682195286965	8.425686547170091245106959831901
1.052458028681123813896647334332	11.599972992453361442244386125822
11.262300700612389192656337399967	17.721068540707552330104590510018
19.933852236296743853927182499319	16.524041622321689715136017184705
4.362338717828826872846548212692	12.667198279975922403650656633545
12.799473805441236251567715953570	8.361162410338454975544664193876
7.366677946315302705215799505822	12.615596198020593732280758558773
0.043489813890205120117116166512	2.464120023512786250563522116863
7.095106250630396793610543682007	7.756002575210210636669216910377
8.955028662081037538200689596124	8.312528727616605550565509474836
14.482514166326298621356727380771	9.781540862072503728086303453892
8.690134394125470507219688443001	11.411035082548041330596788611729
2.074475798779727320209076424362	10.690654761900189484435941267293
3.580184656992499547811803495279	12.447087880152855277060552907642
10.280614549922576728135936718900	13.351733135961527665358516969718
6.834640982436040346215122553986	9.216056761528813368045121023897
18.861640136023360980743746040389	8.243881865921231621996412286535
13.595748983483403549143986310810	7.967914330994532612351122224936
4.409463492812308871293680567760	8.170565474149483975452312733978
9.888038940396910447816480882466	18.092092728092467268652399070561
10.919203043725010715547796280589	6.120539340185916721281955688028
19.592151205503562039211828960106	11.775019448056232462818115891423
11.189948970165135122556421265472	3.405048740569588616722285223659
8.309578638454750532105208549183	12.430452423737667899672487692442
17.290735504597744665034042554908	12.779343190319107037566936924122
16.392511674379239394738760893233	4.228093777677120357338935718872
18.695754926251808569759305100888	13.535836012170012310207312111743
16.152475498637748785313306143507	11.725773677589371501994719437789
15.648781232233648808005455066450	6.571035031004754500827402807772
11.262705692668026458136409928557	11.491552149961691497992433141917
6.838677380352965684551236336119	15.466677611778411716159098432399
12.489421082074246172055609349627	15.467611196358097558345434663352
1.153278637519541405254130950198	17.065001520972998605429893359542
5.976702710921587780035224568564	16.075571985263209739969170186669
9.412586884564566602762170077767	3.907746561733409507155556639191
0.368476093959412276390708029794	10.456235753857496817431638191920
9.737940552244298331174832128454	10.859982902830443762809409236070
6.201835130219075509216963837389	2.639235529937438151648620987544
8.337472840586366729098699579481	17.088086264040263984043122036383
17.628510279803656146668799920008	8.396479158122765795724262716249
4.921351984597371220786499179667	13.188260223601970366757996089291
14.080947127387862138903074082918	8.996410485721437311212866916321
8.639467804798840688818017952144	10.152781160596948240026904386468
12.796916028597211223427621007431	1.805522557301037167576396313962
3.389964009456604365766452247044	19.706336858096062059075848083012
5.405422055234925693412151304074	10.977376492926564921503995719831
10.072348695138590102260423009284	12.402840777152320583809341769665
1.695541590515096785907189769205	6.218342377758776073903845826862
9.288637405614750264248868916184	10.737837403252552093135818722658
12.940376367789204081759635300841	5.626292908333227593686842737952
6.879838214968129861404122493695	10.545009243795618658623425289989
3.653325732140390691427001002012	5.740007395825124980603959556902
15.984839072105398116718788514845	15.848964805132787603270116960630
1.737994450422727377159048955946	12.846743644102577519561236840673
10.360708128892676782584203465376	1.389131420723531906702419291832
17.051436709547967751632313593291	17.035991682839984662223287159577
5.669505610984785448636102955788	5.780620792929473950039209739771
6.392244312388074334307930257637	13.012886278814388418823000392877
10.106761541097753820395155344158	10.104457686379223702033414156176
17.081382411984375124802681966685	7.338970702763760733944309322396
7.339066768783392369357443385525	12.103346384800824253602513635997
8.592721405032344605956495797727	19.782632299558226662838933407329
2.537583687095515738718631837401	8.678356694812565663710302032996
15.799483165018850527872018574271	14.834334279767643849368141673040
15.769492235993141093786107376218	14.033239573608799588555484660901
9.978728840189807769434082729276	4.874350351178049933764668821823
17.807124857098017400858225300908	12.400046454008062823959335219115
15.637243831538023997040909307543	4.089438878502730467801029590191
18.210973605484820581068561295979	15.492113615214913480144787172321
3.727801620506422164424975562724	8.905400640753537544469509157352
2.521048488437335421963325643446	12.035648331972726765570769202895
14.994135805562892826969800808001	5.624470607834533453228686994407
16.009217690031846359488554298878	0.647806801462175840811141824815
9.832947871917493642968111089431	3.465199027425112543454588376335
3.803443932760162571327100522467	18.947222323764567164516847697087
16.973073376227450381747985375114	9.637751886887761187949763552751
8.880675870073091004996967967600	8.273692910029907920943514909595
8.233984017937981292334370664321	3.861051314522667698980740169645
18.850337911032294613278281758539	0.408510143119465096717135565996
14.406900462838493126582761760801	1.539415454219870582619478227571
10.791108003421150840495101874694	16.464900082787334412159907515161
6.624995041198806333682114200201	17.904741752545035637922410387546
5.806020444888454257181820139522	13.327282668018149536237615393475
13.978356610176190244487770542037	10.989983199598183816192431550007
12.235800357719206488127383636311	8.389330056047009875896947050933
9.758873173330099959343897353392	2.227347142598406826152768189786
18.912927951806768334108710405417	8.522594505381411167377336823847
17.708545380635023036575148580596	10.424011798289313901477726176381
10.423322251147801864590292098001	5.923700714359597441216465085745
1.351960802121659144248155826062	13.957505551779112451526998484042
11.790534121916278920139120600652	14.086992706351967541422709473409
6.915766810914732332093990407884	16.280358450258358260498425806873
9.856540545026659216887310321908	6.824087776012455641705400921637
6.885755826587425687534960161429	18.483859250937122453706251690164
16.851731441756808038689996465109	6.959343886627570974212630972033
10.662511836668274511907839041669	11.128390014454092593609857431147
8.761027797545430928494170075282	13.529164402010554368871453334577
11.598778977129681422297835524660	2.599424651982565670493841025745
6.552610296232414199835147883277	14.918570544730540561317866377067
14.139800108469023243173978698906	18.660318610659352600578131387010
14.196928223997234752573604055215	11.050232024673171338235988514498
