75
3.744870998540178685942692027311	5.654445756269657508141790458467
5.906821810802659555861282569822	17.504616291609668365936158807017
0.536999214751147757596072551678	16.621569856867338899064634460956
17.488901979794153618286145501770	6.146780139443250412512043112656
9.011631658558854951479588635266	16.784573202595854723995216772892
13.846693080708984524562765727751	19.544513831309277662739987135865
6.571460024837946889419981744140	15.634507918031058437691172002815
5.455662096045260867072101973463	15.112496580138472523913151235320
13.752945711697007524776381615084	10.993198222612182490820487146266
11.154332132435692770400237350259	17.985953216183339975486887851730
19.986959579357215233130773412995	12.809096127574381540625836350955
11.895393853233944270186839275993	6.872995967194219346652062085923
9.573244119304556321026211662684	3.713540078741099037529238557909
2.943516064392424524953639775049	9.605523069285773374303971650079
1.214636045394659857876717978797	4.990792768730414330491385044297
10.453465885454003014842783159111	8.037461900083936683358842856251
7.249142045020931846011080779135	15.256386289400992950504587497562
14.753090846152558057724490936380	8.108589465201207602262911677826
11.718445617629493327171985583846	9.448839552521018703146182815544
1.542001370537307458619125100086	6.843980197221080530312065093312
14.385527659712096237853984348476	19.990063297182590673628510558046
4.366702901149723814455683168489	13.372300499015278063552614185028
15.898271684478958221120592497755	11.897886167954847991268252371810
6.378112094333280523983376042452	16.986641536383991990533104399219
0.141783634824468096624627833080	17.099096452915965471675008302554
17.313829650680737870516168186441	13.062272932005575043490352982190
9.318858042329079438559347181581	7.518296664728363332130811613752
13.031953666004485015150748949964	10.127911050154981609239257522859
14.731922845437230407128481601831	7.080747389823077497794656665064
19.999712719239134628423926187679	9.022971961531816020851692883298
17.902199656772445734986831666902	4.611535984212748573440876498353
14.972677108205477480851186555810	6.899885662567784905263579275925
10.078441750828943668238935060799	12.337241977238248225035022187512
1.628601825134849079290688678157	6.411023099161825555825089395512
4.928843706599818297320325655164	0.085409058365687684499789611436
5.029197378880944313550571678206	8.670261114316042849736732023302
19.479559362140630440762834041379	16.118586304963940847301273606718
12.649265824372674771325364417862	8.865367448083246060264173138421
6.031817447777870100367181294132	0.027787776412366405054399365326
6.078821769352273030051492241910	1.348415924654753572653476112464
13.024657781060382077953363477718	5.538678700176048685932528314879
14.868919714446770186100366117898	7.057886352339303392966485262150
11.076507035999696881845011375844	9.896251370878612618753322749399
5.517219909663727328563709306763	7.349313357188166584421651350567
17.066825019468709001557726878673	13.497290950286419786152691813186
8.637564560024816984196149860509	13.070050348437682430358108831570
10.589098973811054804627929115668	19.776161635731444476959950407036
13.621550892906768126522365491837	1.522926657275021744553100688790
10.103552965708431088387442287058	12.691355134602858356629440095276
4.202877604143299805627975729294	10.236053478142085992885768064298
7.816143574942144844897029543063	12.547413713469691032287300913595
4.861960309959558301784454670269	4.476108202296635418804271466797
2.694999047585797669057683378924	10.439966308161048758051947515924
19.977647869904998856327438261360	4.579660203620311342831428191857
18.952976207014057052901989663951	9.019957857827673564088399871252
18.124055947326638715821900404990	10.870586808956895552569221763406
18.494250898826233964200582704507	3.853608159633421959000543211005
17.119181264403060538370482390746	13.630469325176241213171124400105
4.434803656976809449474785651546	15.774602080178896201800853305031
17.216581163580194413498247740790	18.085898075243942884071657317691
2.221842860096217009413521736860	9.767110708662192664064605196472
2.058439391643267057929733709898	11.956523022623747110060321574565
10.387952550283364061556312663015	3.414969148150296618382526503410
10.031178966770909255501464940608	2.918781514407318589121587137925
0.041554684726551105455882861861	1.914855265692620989170791290235
3.379477893618583195234350569081	9.385705450532336513447262404952
14.154936672452750556772116397042	13.021566516283586523172743909527
4.654727722362824060553521121619	16.278029546970440577524641412310
16.057107176382189095420471858233	11.734484509172540711574583838228
13.040105967192154423628380754963	8.806401550722554816275078337640
9.746427875859923872781109821517	13.969054973268828945265340735205
15.918059465983700917490750725847	10.272623671413995793955109547824
15.540742929014818685118370922282	3.673844423803054315413874064689
3.427939106296610027868609904544	3.953144105445690836830863190698
10.769414482907052388327429071069	9.207010079888140907655724731740
12.779234394756242565449610992800	16.843495289791807323354078107513
9.325786378729146619548373564612	12.154234745472219714201855822466
5.112952295567328775405258056708	15.428529105442112978607838158496
16.707177037555471343921453808434	11.709378598937332682794476568233
12.285439214271352881269194767810	5.431693419877139383800113137113
12.935799311309937209557574533392	3.316469329470721483232864557067
7.185997054485572022031192318536	7.448129960547854366836872941349
9.479445686291375849918949825224	1.114081511187803075202396030363
6.709361634711344279935474332888	10.069781169823540878383028029930
10.704171251658509689264064945746	1.275976065411858595410876660026
3.302619481798094724922520981636	15.720809783994116770600157906301
11.261949654892816852225223556161	11.890946611636772800579819886480
14.729734041886308304469821450766	5.568950203785582253601660340792
9.593388194595235063388827256858	8.976431489866740776051301509142
7.049435280624240185431972349761	8.345493176730213846781225583982
11.414383561935231625739106675610	5.009129283208117122683233901625
13.699514006592883319513020978775	8.852407177566318452477389655542
4.473677209055605175080927438103	19.508807456167218674636387731880
9.977712441921738673045183531940	13.068097945960891692607219738420
5.055545896096761637750205409247	14.779238435910615478974250436295
15.626434832104662220331192656886	5.985714960026159658923461392988
14.942839906040440212109388085082	9.292122977519033710791518387850
9.428391717506590552488887624349	7.143088531305283872541167511372
9.364017639145389537702612869907	3.119068259544154564366635895567
5.417251359383911335498851258308	0.938889565110448298668188726879
11.485145567031526780965577927418	4.604847986836682061095871176803
17.012129702782569751207120134495	16.273529837424945299062528647482
8.813361657390988312954505090602	19.153036371405949722657169331796
12.736072364241163512588173034601	9.928069272944782142076292075217
2.699267418082656799782625967055	11.658723807885277068407958722673
10.437254730395038038182065065484	12.690181365666429513794355443679
11.990482070365581890314388147090	0.969714462127573728622564885882
8.745705008001376512538627139293	13.274953707704806760148130706511
8.307892254160099909654491057154	5.437373088359279904580034781247
15.453749999835839190609476645477	12.263733201506607173314478131942
3.156150627302228617310220215586	10.525884324380639256446556828450
5.525568555559376981989316846011	10.979491672017422487783733231481
6.800434538016732588516788382549	5.227505824578749127340415725484
15.640297339909466245444491505623	13.813270048951149959748363471590
10.243126336892681038648333924357	15.563293467072305986675928579643
4.502489836558436486768641771050	13.207422629090711296839799615555
4.182510224008462174083433637861	15.844637602143718524416726722848
6.764076398688681379667286819313	5.287590800353254572030436975183
7.192782930220848136571021314012	17.074773621274445645212836097926
10.840566138801213114106758439448	17.589402742062222984031905070879
1.415818078369294852336679468863	13.787703675271684389258552982938
4.558284415531780098262970568612	11.176153666259255103909708850551
8.726035591330148832867052988149	12.777129454139519282307446701452
8.409126437730787273494570399635	0.539093039752640779127546011296
5.929156646854333523322111432208	7.981206881138849240642230142839
