75
11.697408618378807076965131273028	15.683769770771444740375955007039
10.427432473587199268649783334695	8.320609122137160085230789263733
13.134580636063470038266132178251	12.355659552316577531883012852632
8.354255102509108965591622109059	7.492904038436781100074313144432
5.798895767520636290726088191150	11.870661738341993896028725430369
12.025026090209259166385891148821	19.999371971525654601009591715410
9.055942364684039347366706351750	8.614069231769070356108386476990
17.551071879140010878472821787000	13.319919512695092222998027864378
15.708719620280403361789467453491	5.465160659094832951154785405379
5.462753902924691651321609242586	5.780802892687392002812885039020
8.104335646691714245548610051628	5.910972678355407516903596842894
1.013076701838707682767903861532	12.857404308665127956601281766780
12.295270765036809379466831160244	14.996758297606826104697574919555
17.022042374792523133919530664571	8.210234628931843303689674939960
12.906992998663476157616969430819	13.207878401071290852542006177828
9.768015302105499841900382307358	11.478266591349033376445731846616
16.009604097299767744289056281559	12.236353803638191806157919927500
8.445735544540987405071064131334	8.105237544904113633492670487612
9.647931496600950396214102511294	4.256578268437066547846825415036
15.732851537290951426939500379376	12.670025498292151411305894725956
7.969052514528065955801139352843	3.659942924768290417603111563949
13.167315318798110013176483334973	11.914549926278839464544034854043
0.900982211120109344193451761384	7.518068180500672603727707610233
4.933474362093676290896837599576	8.343739797578663797139597591013
8.496186688659857821903642616235	16.981957925558155864109721733257
15.078592865979018711186654400080	7.411580589272983132786976057105
7.458815334683709608043500338681	5.207265878763448263555346784415
14.434794439205795413272426230833	10.521973848695235886907539679669
7.225479750819051361077072215267	4.645471408221911957525662728585
9.484849064857222344926412915811	0.813177989290396752153355919290
9.718862220492951564665418118238	7.195368283409183440824108402012
3.348655884542154126393143087626	12.281606410584263500140878022648
7.901701158261530189008681190899	18.338547889582041960920832934789
11.713755435091977474826308025513	13.276142928002807153120556904469
10.624769610141349573950719786808	14.420317765696381684392690658569
11.375692966009676609928646939807	10.855839267341229614771691558417
12.533722222378287369792815297842	12.186879071112803885057473962661
10.943487941264116614092927193269	14.286677815373701960766084084753
12.541890196692433434577651496511	12.334269475703818486067575577181
6.269620739647365326163708232343	14.619540061303954558979967259802
12.784390614737031199865668895654	9.940324476318272317598712106701
10.462151705311812932563952927012	7.728680006511659428269922500476
10.782705892169156314253086748067	9.562409111273543871334368304815
11.361055566776038006082671927288	7.762833230327951028471034078393
4.333552974378395816756892600097	12.192116991260313341172150103375
4.748464959336406998602342355298	12.039050086096127145651735190768
3.547917202244510459507864652551	1.524814358912585099403713684296
7.899405523541432216916291508824	17.229334742295822735513866064139
10.638153132160473646194986940827	14.119689055453651604921105899848
12.577806012860220263860355771612	17.912035261121495466341002611443
5.538825781915662993526439095149	1.347616797736325144896341043932
11.131158843698408134059718577191	17.975489222120472732058260589838
12.029826217639053353991585026961	8.778474204419886461892019724473
6.728710855988524919268911617110	19.152113953292836612263272400014
13.242499588340329808033857261762	8.581020098290469633184329723008
6.471700531913001874784185929457	12.157662902343959743234336201567
16.822694097421972969641501549631	11.604913528008442114014542312361
10.318863603316327015591014060192	10.317478401788962472096500277985
9.865737409140674429863793193363	13.763285041072510495041569811292
9.332591293869834103702487482224	11.639851299254619476641892106272
10.294891328143082276369568717200	9.406002283195197932741393742617
17.911055764327404205005223047920	10.707311614485437445409843348898
8.862860682625836261649965308607	14.955966892393741218825198302511
10.421672533070488242401552270167	9.045353807400129397819910082035
11.745826981430047553089934808668	9.129556484598840171429401380010
19.498750008528428878662452916615	10.053804994860845667403737024870
7.140004333408310088771031587385	6.310033711128666844558665616205
13.174763725930333180258458014578	8.175637550702317568607213615905
5.023002945031529442587725498015	1.360882705932229264078614505706
2.842810292270090410937655178714	7.495994228834307548936521925498
0.234095396012555800879795242508	18.832218528860625639254067209549
7.565610741069866307384472747799	12.000445734941443731713661691174
9.490535291913344551062436948996	7.336262354854816258864502742654
6.415387112905727384770671051228	11.324307177216271114161827426869
11.654910057598904415954166324809	16.676208338235092298873496474698
