75
15.965026460596224211485605337657	11.513866389306665283243091835175
8.971153794140917625554720871150	2.857567107698657515868490008870
10.261020496899993403872031194624	5.900160783051059176784747251077
10.344417374627751016191723465454	10.195710984931722009605437051505
9.016265987049660424190733465366	16.556576438573681997468156623654
14.033099939460896621312713250518	13.809089051635194067557677044533
14.786897548332335716736452013720	18.707731854128269333159551024437
16.522850393642542599081934895366	10.195668053375355199818841356318
5.407543639533122004081633349415	4.333480987840198750404852034990
14.206919356685251187855101306923	12.199573403164579943336320866365
14.477187979564568820478598354384	10.616462449130322553969563159626
12.292663119828182161086260748561	16.436225594259127547047683037817
5.379901954061912405791190394666	14.153013912981505129096149175894
2.641783443443589618482292280532	18.710501925860146599234212771989
13.971509714672134094826105865650	15.415779799299997421258012764156
9.414512402397114954055723501369	8.053172186242806063205534883309
9.612094925301008174756134394556	7.233396883655592191075811570045
13.743735656041943471450395009015	11.781140772672120675679252599366
11.645344326227402120821352582425	10.777994843559140392130757390987
8.707114069970923964092435198836	11.111012597731543039003554440569
10.689602808922003873703943099827	12.717391710600146836895874002948
11.993649305528926163333380827680	2.571496831026100160499936464475
6.521301842487496003286651102826	9.057064091184747312013314513024
5.392432737899534700432013778482	8.248626642182680157588947622571
8.554998094268434272180456900969	7.768995106688516116832943225745
1.472363074449108966135213449888	6.879094239013397782400716096163
11.888759299655040635457226017024	5.487747624141680269360676902579
10.496534319623476605443102016579	2.814979048236710745811706146924
11.338854881458056311771542823408	13.067143542175202242106024641544
0.731022324505615772594069312618	15.892082354125872001304742298089
1.574633039438259052289481587650	18.107794576872464631378534249961
12.432954785976905398570124816615	3.631028911830545879979581513908
5.880854164125036476207242230885	6.258774888073625142226319439942
11.326145785184646541665642871521	4.449550266583407243103920336580
7.653941553362589189646314480342	10.661525007471311710105510428548
10.786780819570045863997620472219	12.906419348314296158264369296376
16.326967557429401978197347489186	7.556512313980474182528723758878
19.559824686105471869268512818962	4.196070416129273894512152764946
15.223866494868019572095363400877	5.051819904957084439445225143572
12.613391646364579656847126898356	10.137353265114461109419607964810
11.079511946616074524740724882577	6.658220998028189008266508608358
8.396095169047569584108714479953	13.839916460104959128329937811941
7.035605519522348139105361042311	1.162810874743535061170973676781
17.977097573620806514327341574244	14.894289108618719907894956122618
8.980844376579172561037012201268	5.903781140157940754420451412443
2.275810914497728987271329970099	13.090918735973451347831542079803
5.853008843216399803566218906781	11.496131162458178565088928735349
12.169172837248783736185941961594	10.843799064789489960958235315047
5.954668125133523837178017856786	7.524798095937319075687810254749
5.017691484055987416468269657344	16.792356882010885499312280444428
16.234443105428546516577625880018	3.821341812601880327804337866837
9.760807974707997658470048918389	12.360654080032160706537069927435
12.152222064399870404827197489794	16.295471970245593240633752429858
3.108002267490092229706988291582	5.598508330897093543399023474194
13.225486411096206040838296758011	11.756997626645095067488000495359
16.944347683957740713367456919514	11.598353306385888572549447417259
5.266405253121892116041635745205	13.609389840097467327950653270818
15.113231479435146553669255808927	16.037226709638780164368654368445
10.609548379626048131285642739385	6.395401718194689166807620495092
10.920701115437905670546570036095	2.557994004983076052894830354489
11.668300963209382814511627657339	6.586216793003228708869301044615
9.899865995416810449114564107731	4.360051659313576521981303812936
15.970502366209602840285697311629	12.608315259518782625036692479625
11.199590584332083764707022055518	8.528597110098978362202615244314
2.123498712605972116307384567335	17.162691727319572265741953742690
5.723716455248247569898012443446	12.980505251467736371751016122289
12.178945011649616958493425045162	3.978156005547913487419009470614
9.088769129295659610079383128323	10.848352979957262220978009281680
4.463044511886682386148095247336	9.534024966287026003897153714206
2.238794430380509403732958162436	4.367204201074539327009915723465
6.558570862935929390857836551731	16.511389018757405722226394573227
6.954532727233713629289013624657	9.705467159943353294693224597722
14.258164571614786453324086323846	4.322485379928156845608100411482
14.922346276182983260127912217285	14.561402152700562595555311418138
10.334595684373068635864001407754	14.311643859406869339068180124741
