75
13.662113799633157640300851198845	11.295559333062268336789202294312
13.775028273962584890455218555871	12.246419876986854191613929287996
13.187872792122384169033466605470	5.981671693995179950320562056731
7.737379920601413552105896087596	10.982165178110918191123346332461
8.710644306126201996676172711886	7.467241841928936807448735635262
3.127409556986241234710632852511	5.757184152259825715702845627675
7.392465985637477032810238597449	11.428743624157462477342050988227
9.627206343617261907752435945440	8.790889446954599506511840445455
9.569056627832063455230127146933	6.690701291172931775008692056872
8.396227901771872836889087921008	9.175256112142447406654355290812
8.708648580471139766245869395789	5.008108871157013197716878494248
11.221413898600889780254874494858	12.260766054147778092442422348540
6.532180799840705986980538000353	10.391839557691264772643080505077
11.055936083181585161128168692812	3.065783894092213301973970374092
1.157067627766382722498406110390	8.670508579358994438734953291714
6.830634367173150423013794352300	13.139919630482799206561139726546
12.887324933315673192169015237596	16.462174084717119626475323457271
5.080151278459105412821372738108	18.135389734674600248354181530885
9.380280151768179308646722347476	11.393507109594484205672415555455
6.399652654738721579974480846431	10.081570597440709491365851135924
12.400617351061070436912814329844	7.822738306451556766774046991486
13.442771525132755527920380700380	13.280965366281620276822650339454
14.140269600651672377011891512666	11.364888330686023110160931537393
5.678901909311920626066694239853	5.701579259870025673251348052872
6.706341531836467417804215074284	13.837701437862287789926085679326
7.493352865118160011093095818069	15.341976086334481621520353655796
16.096330418803354689316620351747	15.118314119963569552851367916446
8.625478071131128743331828445662	8.661466917760494155231754120905
9.778943176607226561714014678728	5.871551049640188146838681859663
12.225982634842635476957184437197	13.405628920775003010135151271243
0.416414149613539841254805651261	7.882176451455748633634357247502
8.884967967276249822816680534743	5.007616931892823863847752363654
10.036741420611591024680819828063	8.262272310396237884333459078334
13.706132257310857269771986466367	6.786333235947980213609298516531
11.010674174838086969430150929838	11.937609875379255441885106847622
2.720752875646853752300557971466	13.413364158531511094452071120031
15.576152749439911460171970247757	12.499894408050240102170391764957
0.868333951476305543337730341591	13.463155647701338324395692325197
8.768318845872450140177534194663	16.182015298335244324334780685604
12.101426105550228129459355841391	11.633404030414652652325457893312
8.209220859036998163560383545700	14.682749841716679739533901738469
11.872109871143909032298324746080	9.754138113820909339324316533748
11.808153986426269455023430055007	7.399024526009673863313764741179
6.691232392672395334898283181246	8.918118980226271474975874298252
5.730168946847873812089346756693	9.016513573160972683240288461093
15.226096087370045495390513679013	9.812353244874957525212266773451
8.541486595605110920814695418812	15.959467524540031035940046422184
10.784888461017013483456139510963	10.918350399129847616563893097918
4.302579462308994351360524888150	8.617008475900794550739192345645
15.861474197905806704511633142829	8.889156714026416494789373246022
6.322109922721963037872683344176	9.972625076731789661721450102050
9.435726995312853304653799568769	13.790191606979750105210769106634
14.379751031741813349640324304346	17.277674315192971477017636061646
14.476667182852635207268576778006	7.185517038329637173887931567151
14.731403028116453413076669676229	14.251197187484377693067472137045
5.810835160784265873701315285871	7.554283906214472210649546468630
8.180886282397626274587310035713	11.247689935476802958191910875030
13.727850023145327540419202705380	12.778307986506959537109651137143
10.052079268458760097360027430113	13.535432074255233203530224272981
13.753845051500618978934653569013	5.541792619436092692808415449690
8.046406559023518312301348487381	13.327316220259410428639057499822
12.835672218064923200131488556508	7.786700667735173553296590398531
7.414287305159263041787198744714	18.892197177111395234305746271275
9.265828855389349527627018687781	12.612406523503596034174734086264
14.733546663589979885955472127534	8.790449591128727035993506433442
17.751245908834732745162909850478	14.117630052613101554470631526783
7.443519862730607172807140159421	15.899405685134910370948091440368
7.822809284772304749822069425136	3.884732019078047660087804615614
8.831758431506600004468054976314	17.164937048348622994353718240745
14.310638159314166273361479397863	7.116260774970071700806784065207
12.130602745484432958278375735972	16.915060005466230563797580543905
8.264194902236882356305613939185	17.200698358185082526006226544268
13.322530076690567213404392532539	3.637934082478860631226780242287
11.460728613200927838988718576729	13.994330840180904118597027263604
11.031239406686800919032975798473	14.392911917425045942309225210920
