75
16.154758784340859989470118307509	15.142959164854234543895472597796
11.274416199492963031048020638991	10.627289015431134799882784136571
11.259881181249850712333682167809	14.496905279276120381837245076895
6.007567299806514604654239519732	7.142694965669921458584212814458
13.813008691435625152621469169389	10.964351822344935882824756845366
4.451235159618773806755598343443	9.048820098993271443532648845576
9.650958365647333891956805018708	13.295573151684521917559322901070
7.472702011279111822261711495230	19.345559659393444462693878449500
9.954860856762545395781671686564	5.528868915994686439319139026338
17.675454856977285800212484900840	6.202369313260564176459865848301
10.075141256039174209035991225392	11.282496801482224668689013924450
10.439346047162860742218981613405	9.486789596636485910607916594017
6.245671744380695500353795068804	11.245511554853125701924909662921
3.642454154068943683597581184586	6.134698259263456243672862910898
1.480567376492105680085842323024	9.366678256210839492723607691005
10.849817257157546634971367893741	9.013943363196069924470066325739
14.096515698013332595905922062229	9.745720041056543436752690467983
8.184814812207319434378405276220	6.000355849498299143363055918599
11.399477450419052360075511387549	16.565276766749434500525239855051
16.380177805190808015822767629288	17.472777621965757788302653352730
10.969752416135799322205457428936	9.598238614129829926469028578140
9.701069641548279776088747894391	4.073058329305320413027402537409
15.147387573337791621952419518493	11.100220662429839180163071432617
1.739124263168753126151955257228	18.809278341464533923499402590096
10.832615148361020018796807562467	0.800366119152685628890253610734
5.438798970464936211044459923869	12.714137015791418860999328899197
10.951723275470339302728461916558	9.382103192119499723844455729704
11.895754328219833695357010583393	5.121116396042809881805624172557
8.433731534137340446477537625469	6.635173375765645253920865798136
8.491813941298689272230149072129	8.803857204118685331195592880249
7.885098002503394987172669061692	12.544275928095210304036299930885
4.774589784008165693762748560403	4.447078717049850027365209825803
16.007307056529434419189783511683	7.979520087753420476417431927985
10.199850136213800766427084454335	3.270953378369684472204426128883
16.486545345199392187396369990893	5.658209734631368448276589333545
9.499492760686473857845157908741	11.080039456032688249820239434484
8.347055699179971810508504859172	10.526426854851921532940650649834
14.485272573599981882352949469350	8.261636042514751920862181577832
4.165548157070187329509280971251	8.281998770879917870502140431199
3.486986339967694803476661036257	5.892324065589866322056877834257
10.351584742439504438493713678326	3.004376971296517595533259736840
3.041582757474902365402158466168	10.851129890810755185270863876212
10.758478751479051638284545333590	17.189922089312954511797215673141
9.667271654509706380054012697656	10.509885772719902874428044015076
8.452647905626013979940580611583	11.040315277602445576121681369841
10.848175131771151669113351090346	18.076799991454368665699803386815
0.323549723804145150651834228483	10.962812400536888546298541768920
2.839867270843108304489987858688	11.288876807743724484112135542091
16.145179225801530975559217040427	7.530800597107906391158849146450
5.766697231979433624360353860538	13.382085778942553133674664422870
3.242183987846078974115471282857	15.239420113758576746931794332340
3.356023255859770237918837665347	9.778747336909376031144347507507
7.513734969694026766262595629087	6.565343207473552489261692244327
10.654050835857104218007407325786	10.794503983583911832511148531921
12.876251182489303559464133286383	3.986461976904047688208265753929
6.975659275847222673405667592306	10.669729064066455492820750805549
19.879166995586878385893214726821	2.144051100217210237275367035181
13.245246068676520323492695752066	13.319945698085028595869516720995
7.883694831526273816280081518926	5.943924366457753016845799720613
13.567975075401310647293939837255	10.295591694240856739384071261156
12.538124013556419811266096075997	7.651458571658926288705515617039
2.847485191886756972223793127341	2.514563811341456123216175910784
11.514558544563930908566362631973	14.906938433731573567797568102833
12.254295292835877262405119836330	17.734022806975549002572734025307
1.199776527858679164850741472037	7.713046379583745171260034112493
14.225950001557903235038793354761	19.946388537051596756555227329955
6.742882397485690404437264078297	10.285535156727629413353497511707
4.967151300962433069230428372975	7.960138153822126305669826251687
3.554264793252623899633135806653	4.907632357480522955484047997743
10.184091607074753582651283068117	11.327761970958766468697831442114
2.790308420855737381316430401057	5.334400249321139320102247438626
10.631385053320087763495394028723	12.942550270624215258408185036387
9.984647956593942552672160672955	14.799210358978248436301328183617
7.872656951100100997109620948322	12.861800886960377710011016461067
18.244572672771809607183968182653	13.024330853169375998845680442173
