75
5.599936933874118949461262673140	8.252737318640527064417256042361
9.424433698931585112745779042598	7.209013857175187389714210439706
19.039876724494632753703626804054	14.115436436061216340931423474103
4.390447509543617066185561270686	15.187305417473416113693929219153
13.196949392898744690683088265359	5.819214542143765989123949111672
7.975438606587435863559676363366	10.953818603247254870325377851259
17.382406242733864587535208556801	0.115586034875596599391656127409
7.340264209219096613878718926571	2.955008575004332005420337736723
8.709693389368776905712365987711	8.546771115842846100463248149026
4.269786627200980788643391861115	12.919747582558748888459376757964
16.594744228918379747028666315600	18.005193443105554251815192401409
8.225396628362400264222742407583	19.278799548802297181282483506948
4.180469422936194945350507623516	8.186039012420813776316208532080
7.547141762298624101390487339813	13.864560980677273605010668688919
14.695414107505696321709365292918	15.265305980150650100313214352354
0.183206697928266493136106873862	18.135158363118652147250031703152
14.237146043992753519091820635367	4.048975659316743858084919338580
9.729369232404778244927001651376	10.762130327525261108689846878406
4.651247705409212507277061376953	16.393710994862352947620820486918
19.992944647506970312633711728267	10.875152546428925148802591138519
11.041205556481232363807976071257	19.799184569407472622515342663974
18.044763920893572617387690115720	3.617841779867358997790915964288
10.199784119613145350058402982540	19.859313841727885829868682776578
3.867787560385295364540070295334	7.394146504171405176464304531692
17.495485776038755432182369986549	10.652884138166038852091332955752
16.069818312882446775802236516029	10.871852440318461319179732527118
5.056470159057710134220542386174	7.380028476009114157818657986354
8.700105070320416800200291618239	9.530377409371608266042130708229
12.766818376479283969615607929882	6.155673175698463062133214407368
18.625182249803671652443881612271	9.951837909179023000660890829749
8.292674859356633731977126444690	10.308149813938825900550000369549
13.801154658120360352313582552597	13.840110882607698172819254978094
4.660737613080479846416892542038	13.303083455670069668030919274315
6.407175501638018744188229902647	1.949924354919690960841194282693
14.144777086855876646609431190882	19.372200194535235340254075708799
9.099904025562919329672695312183	8.865882861159084527002960385289
0.213764656036106170944322002470	4.345922756824970534239582775626
11.332146209943859460622661572415	18.763568586888780487242911476642
9.616814900921783149101429444272	16.400588724700099874098668806255
3.917712887843020297395923989825	1.570985311987806998246242073947
9.062568050840493327768854214810	14.849050907773152729873800126370
7.018369619295011574422460398637	9.881131505536270509537644102238
4.531983360533814675363828428090	6.110190052948330396986875712173
13.248914694909226241748001484666	11.644587105108136881881364388391
11.957586491913863468994350114372	4.206410423817653843059360951884
19.143603867121036898879538057372	16.390773688311448097465472528711
16.086275477440043601973229669966	4.076773354514529934533584309975
16.852013539499083094597153831273	15.145924484720289626693556783721
11.918706367538955959162194631062	15.994853117429943978322626207955
8.890862635703316030344467435498	3.103473632285511651929255094728
12.783455592450357229949986503925	9.634237172773099544542674266268
8.459453908147523293337144423276	10.559642117221264001614144945052
9.089109669693129944789689034224	4.953726727592763445784385112347
7.170223369737999341566592192976	15.102775027718223554984433576465
17.477079853092163830297067761421	9.953507379180797087769860809203
4.276214639696698682769238075707	5.333528732528186822037241654471
10.264622063780887373241057503037	12.541802440287101561011695594061
13.779608652410571423274632252287	2.138416568476731782766364631243
5.232575425026802840022810414666	18.631081221190605390347627690062
8.669295158152779734450632531662	6.910941868197437720766629354330
17.743501955802713609955389983952	18.939827739420376673251666943543
13.471945877673396907425740209874	13.318225912491529427938985463697
2.924187650357384704591368063120	3.532573031693661214092117006658
0.982238592016536626871925363957	3.574712646793010151213820790872
17.662045942177822865915004513226	13.553082668024840629072969022673
3.229963066008616490165650247945	4.528416812618041298321713838959
2.837848950399108005626658268739	8.681081707457977358899370301515
18.364311046272636218645857297815	12.294906193707705099882332433481
7.938593556414678786836702784058	3.540926922410119193074251597864
11.578417631886232186388951959088	3.372677764891412799386216647690
2.527613143846569876416197075741	13.837790875879200314102490665391
9.584665777511029105539819283877	10.181113462490008814143038762268
3.470851871184819081861405720701	1.216579701164247628852876914607
7.795499155852146699885452107992	19.959401170091279453799870680086
9.922491820753723601455931202509	10.932702555487965767611058254261
12.425340570621582259036586037837	3.038168569992919287869881372899
5.009261184703876601531646883814	0.541243587202087095278102424345
1.725891181959370301868261776690	1.811775249993136105430835414154
14.182285345397540154976923076902	3.298721221630479760733578586951
5.555087044884367664110413898015	0.938634747130228097589110802801
17.655580499652206327709791366942	1.456748155637518360450144427887
14.222874248119328655093340785243	9.570910536965183013080604723655
5.412377129852254498132424487267	11.144923909503511083585181040689
17.662859147237259804796849493869	4.867600502264850526046302547911
5.143230303805084169255223969230	9.627724452646742037131843972020
6.097950442444334484548562613782	14.533701926793490599720826139674
2.671863330940860148388082961901	3.252486941505452477940707467496
11.061488651931687954288463515695	6.859516871674349758336575177964
7.399242251116587176795746927382	9.906873658547930006079695886001
1.003649006657885145443742658244	7.173691624176223413655861804727
11.346771912539484361559516401030	15.924084237195609503601190226618
3.034111061163728972900344160735	2.921091360688691018765439366689
3.021886505686903756640049323323	5.217980099770337609754733421141
9.052861092826535838185009197332	16.290840402453230950641227536835
19.642069945495606475560634862632	8.606387850191410393563273828477
11.800950349217128376722030225210	4.403417043029543620491494948510
8.312139720735798320561116270255	15.086463871411826431767622125335
8.248468687915810448885167716071	6.435562196245672161865059024421
8.994826221886995654131169430912	5.058362790631729666301907855086
9.946140640011972067213719128631	18.904091465389221582427126122639
12.630558978264577518757505458780	9.451558078451343547499163832981
10.713644147419458363401645328850	13.646763844751260918997104454320
1.084378805604797602057942640386	12.057570854241541624674027843866
19.857509509850846285416992031969	0.411617602386883385534588342125
5.213781735288090857238785247318	6.276686345179270709593311039498
14.206702303107300977558224985842	13.606221394240179733969853259623
2.218218648521066427292680600658	9.465563518293539146952753071673
4.124598838229626807105887564830	3.516420966010652904287780984305
6.219062356767215860031683405396	3.744302047219958406998330247006
5.527004919517958470009943994228	12.626971663204315632356156129390
16.230702539610135204384278040379	14.340468704022621082572186423931
2.404667173624822851252247346565	4.920550354397307479814571706811
0.843683861884025887434290780220	8.572253034541374105970135133248
14.563958863146190481074881972745	11.107154565604854923321909154765
9.912144663776476960492800571956	12.796116059009344567698462924454
17.050790014454243248565035173669	6.637493773465072521844376751687
14.662424126211297092936547414865	1.818576055578966510495320108021
7.798044896480996968080035003368	12.757910994792696968147538427729
0.675461761110629499427204791573	13.339930441138495353925463859923
9.823838083255349573619241709821	10.572653996878031534834008198231
10.844460631783476856071501970291	11.141418390474441935111826751381
12.986169031723470368433481780812	7.415470657896422679300485469867
10.400963505936925201922349515371	16.458556641626593375349330017343
12.298207108657660313610904267989	11.146001115883393595140660181642
6.114777310734892168397891509812	17.082302266789763933729773270898
10.820776309657475167114171199501	14.140653990309747456421973765828
18.896607921703424182169328560121	19.058551422991449442179145989940
15.268537493956850781273715256248	1.345436944395481670966319143190
11.669125472244017416301176126581	13.442600600316465531136600475293
1.336909531360285230405793299724	2.916753398160928156812587985769
14.400098652968450707589909143280	12.229971760261435065331170335412
9.512087530834595128226283122785	11.104340521919075612800043018069
11.507271238495304643834060698282	14.890926197977462308585927530658
14.884286164591250312128067889716	3.015920899189033832499262643978
6.185179773260173874405154492706	17.768704883234427427396440180019
11.660614873642572320022736676037	17.359945299145181252242764458060
8.393232936426047174904851999599	8.146461240966672789909353014082
13.780362701272332870416903460864	17.710588104057016778369870735332
3.216029917950422589711934051593	2.538400933470340348208083014470
10.571823233108514017430934472941	2.153652633180315412175787059823
14.274429260635161043069274455775	18.359158086783118335461040260270
11.010432413097237969168418203481	7.164551387961731521158981195185
7.453874707613686645402140129590	5.630327494991879788699407072272
6.802272761140100598709068435710	13.076787325541770812264985579532
4.619590164544977284322158084251	1.353511791208408254760797717609
0.262999770187551940026082775148	1.501608695659465420035871829896
8.335719242703438780495162063744	16.377542249510540273149672430009
9.919398047713571031636092811823	13.067142651929909646923988475464
13.647945212362456501864471647423	5.262689382458198394942883169279
13.706453018094951090688482508995	12.934175991201179556355782551691
8.799163478720718245540410862304	7.151465137123390825024671357824
5.462227433574049939579708734527	8.390234927979106416273680224549
2.055831222200143137968098017154	6.558448662994582178953351103701
10.204543002001923213128975476138	1.327798322484211590577274364477
8.478809423928183264251856599003	13.814331461840488657344394596294
9.096842966052301804324997647200	14.665155212188556888008861278649
11.467838088084485903550557850394	10.460337218331785535951894416939
10.723143357488659432874555932358	19.735728620273825129061151528731
3.086464235135228051376543589868	17.845435486805246938502023112960
9.081190792337725525840141926892	14.020101539500647191971438587643
8.725327177807645995244456571527	15.395041245891100345488666789606
12.973039905007226479938253760338	16.523843480984794496180256828666
13.868013474230876269643886189442	4.708065203220663796912504039938
7.190727221149247228026979428250	19.889411448511509661329910159111
16.508977909314566545617708470672	7.882221747575413495212615089258
16.198228794090415050277442787774	6.533714351988627377920693106716
12.876600543938113929698374704458	16.986446193581471675315697211772
2.175693778626743846160707107629	12.859307701799018275323760462925
10.302451983950799530020958627574	11.965410211073715274210371717345
2.919709335588835052988088136772	9.909782994035515102382305485662
10.704585750825199141900156973861	0.534376823623562424714350527211
9.099722125901516633916799037252	14.253483569191431001854653004557
6.208389084804119661953336617444	13.310216354293011420395487220958
10.332497179428333566875153337605	2.041878091305862064075427042553
17.970176035349375354144285665825	12.405935106614037977124098688364
4.456158873989308766283556906274	7.835970769979625494272568175802
1.776543762352251754066401190357	13.424911484903908842625241959468
17.381303277004818141904252115637	0.665086752829038285739216007642
16.865011287501243231190528604202	19.974207518433466646001761546358
1.325452936924519375949671484705	18.781486005366598845967018860392
16.792127689130083467716758605093	5.442668470344707465358169429237
13.563045004872551047014894720633	12.970160997837872685067850397900
17.171835243194507825137407053262	15.459849759619480380479217274114
6.975550831799028017599084705580	14.578957392659079417285283852834
3.465294966900697382072848995449	18.381353950059065027744509279728
17.458901191836137201107703731395	0.045380405832999848314557311824
19.633841009972829994012499810196	9.981929968265603747568093240261
12.609095339065035545900173019618	2.780776935580612452270088397199
2.959162193022393250174673084985	9.209094254631340348282719787676
8.015476736572798799329575558659	0.710917657537224467745318179368
13.569697461741164090653910534456	8.766473479387320466571509314235
19.426128151585537295886751962826	5.656323730394087867523467139108
12.251504330133396791779887280427	4.259391131357234350218732288340
19.501209193184205759052929352038	15.462859745578988679426402086392
13.458729648595609162953223858494	12.056677072149508234133463702165
1.791070188998148404735388794506	3.686663849998558006859639135655
4.093779851442137740491489239503	0.442914426326018739743517471652
4.315576995270742344246173161082	7.671104087089903877938468212960
11.935043359747298907791446254123	6.523457316738595856975280184997
12.224083726022577423009352060035	14.215222823542470464985854050610
8.635918904821011210515280254185	6.183433445576802967025287216529
9.511287832177673706723908253480	9.477376038303484406810639484320
18.633023737628473526228845003061	6.085876729436353826940830913372
16.821096944433282516229155589826	18.109590121565275921966531313956
6.313542288814760539139570028055	9.274670514273131161075980344322
0.044721889315562091127276289626	14.288342476473177455886798270512
17.626245045949158196663120179437	13.433670102261803691590102971531
3.038063520846497667093899508473	10.257169541791071765146625693887
6.300686076348126718471576168668	14.532564263726738928994564048480
4.730595209262276057415874674916	4.067662687000018983951576956315
5.893909691762600822073636663845	15.257765703499012843735727074090
1.786573708140140048783450765768	14.651046612226949150681321043521
6.284548280187522095729946158826	10.777605425233604208301585458685
10.759197049595494277696161589120	17.301374360104091465473175048828
7.972050387645071012343578331638	12.892623643453710258199862437323
5.688494242246762588877118105302	19.798972636294056570704924524762
14.533598696688397211573828826658	12.650201578159773418974509695545
1.445968337011503956901492529141	3.013228214471936894369719084352
13.562901883193848817654725280590	7.765628155911159069546556565911
11.904224665694822959949306095950	10.151528383916808451203905860893
17.653359591089667901542270556092	19.957851553420063339672196889296
18.296819896807789973536273464561	19.920834356602963310933773755096
0.278360589530148860859526394051	17.458311899109048681566491723061
9.588439640646598149942292366177	3.523390520518556723317260548356
18.665161204369706382522053900175	5.664660520187768000255346123595
12.867310921379878863035628455691	12.731909634939688302779359219130
3.356372552048344282127345650224	12.529563633643299169762030942366
5.704457721683596993500486860285	4.802696143447301224682632891927
16.237356210635159214916711789556	6.794846459746800348966644378379
10.419029906620037806419531989377	0.804996623868017291414389546844
13.992412832457118199158685456496	12.786758053194539286323561100289
2.832999041884355584386412374442	11.364146624700746102121229341719
2.814154893758188613617221562890	18.808261316612828295546933077276
17.337191473148241271928782225586	13.981659238587383242702344432473
13.455832579349616295871783222537	1.053633294767022388072064131848
8.409558849919600120870200044010	4.915777452401082214805683179293
17.694935174646865050362976035103	11.796665483490418324663551175036
6.723752283625353598495166806970	6.885013420061837585706143727293
8.454394878470948171411691873800	13.704657790094062264074636914302
6.158087221526884036393312271684	19.225213978942214509970654034987
6.168308646387496096963332092855	3.917885593940543031976631027646
6.825671913826044878703669382958	9.872731861949526788180264702532
9.400159373941995966106333071366	15.700274045156829672009735077154
3.532607286091453691057040487067	16.898429090116387385478446958587
12.147977690111908088965719798580	6.797609350285343410291716281790
10.595650572564512259532421012409	15.475488615527254410153545904905
15.237666175661468415114541130606	6.997576837465291355044882948278
12.489541518371243711271745269187	1.183056497036809595613249257440
6.397604348487526237931888317689	0.867074220343326818039031422813
18.476269716207152526976642548107	11.983053728383678659952238376718
