75
6.357341826801742534769346093526	12.147459011549596397117056767456
18.458184141010711698527302360162	3.446216107578957910106964845909
3.231995953890862693924646009691	8.256365478629668075427616713569
15.776922170016918656187954184134	10.649449232455282299270038492978
9.233772468352483997477975208312	11.236261034342110320949359447695
8.997284080801749794886745803524	15.843496785851657548960247368086
11.003567581743343595235273824073	8.546780925246739712974886060692
9.112913915121357177895333734341	10.824008865425181369346319115721
6.351075618342249207159966317704	9.091943339634433129958779318258
11.603547767528384682123032689560	17.897799270093091905664550722577
6.677642517167113211939977190923	8.268612481820369453089369926602
10.685206582615805359637306537479	16.579971972747220121391364955343
9.739403800960797497054954874329	11.453365285153434882658984861337
13.036256862651288912502423045225	3.649209110081208518039375121589
4.450484306133912326686186133884	4.419297660162085250590280338656
9.947137500194488168858697463293	3.443551677649512310352974964189
7.016618296518405628603431978263	8.953187372698037549412219959777
9.675997603647408240590266359504	17.423093502618591799091518623754
5.202255342716018304827230167575	11.319472566543598901489531272091
7.060651569835606267133698565885	2.318138117043948565054733990110
9.780220411093445420647185528651	7.058023755292328615951191750355
14.133920486212103284628938126843	1.822149210771630833960443851538
1.324084478598946956751092329796	13.827217497072808782831998541951
18.705938486142528631717141252011	15.937974558470953567734795797151
10.295925683130221273131610359997	10.162778957379678956840507453308
6.808901252051922092789482121589	9.620154210586107978997461032122
7.641717479967010895336443354608	13.265940707680536903012580296490
12.953888428963068690791260451078	10.732654292857827016405281028710
5.018533577614554985757422400638	14.596716419646076801086564955767
13.131167650733610585689348226879	3.329133012381160217074693719042
17.333128501568083379424933809787	9.586443566707876229315843374934
14.248191526424079711432568728924	13.783234041857943097397765086498
9.451310134594676171104765671771	8.186764121110005731907222070731
7.225178397270473951152780500706	12.865592808912506228580241440795
11.727213825041243211444452754222	19.726925505261146298607854987495
11.679609913769230189473091741093	9.105805762442587436567009717692
2.066169555888934805665257954388	3.041237768245919959042566915741
2.595260019222473069078205298865	9.608952670331589729357801843435
11.493830992413075264835242705885	14.325273196953679288867533614393
13.265233539841542409476460306905	2.070521503607321012196962328744
7.042056144552285346094322449062	10.658180600880763577720244938973
12.179005412225659910063768620603	2.847260899528782918110891841934
13.048187129899698533108676201664	4.452701996362687708597150049172
11.479124811164057362589119293261	17.051525142846923444039930473082
13.960789831654992099174705799669	1.451227426122586594559038530861
19.444913159311308703536269604228	17.471350790947163034161349060014
8.107256549702793080314222606830	2.109845388679050248725843630382
4.715009096914178243764581566211	3.886833103382364207334376260405
19.500516515292265040670827147551	6.765565494140447277970906725386
14.759864269034334682828557561152	5.716666879880856200202288164292
13.060941937154529668418945220765	1.509550040202197740413225801603
3.918933950351959349944763744134	6.849751462328291573555816285079
19.497989732449823918614129070193	9.454302631951073010441177757457
5.934817778668449506085380562581	19.427623912468821032462074072100
9.766299185895016776726151874755	7.741313162428455463270893233130
12.507785888051024869582761311904	3.520539571830071601254985580454
15.105348552936188610829049139284	15.453517341897040182630007620901
11.538600286578011733240600733552	11.568574836577218079014528484549
7.266492640524812252067476947559	13.719705747433694753567579027731
7.932084529716927789877445320599	14.207918782555438497183786239475
13.645542136443209457752345770132	10.767568904956874575873371213675
4.034678722285938157199325360125	15.678648304616745079442807764281
6.341103964844641893705556867644	13.424753369786452950052080268506
10.765647970897290974789939355105	4.613276658361257887008832767606
13.128246779840173630304889229592	2.244902530297848919360603758832
2.699252655576761306122079986380	10.991763511494937688439677003771
5.704666031882542398534496896900	4.935889500081137803988440282410
16.936147608303837586163353989832	10.489088393808120969197261729278
4.239527392167593333738295768853	4.937000572899247430314062512480
15.780155986358787245649182295892	13.327957973681655801101442193612
4.341916747596926917651671828935	16.709464881603601327242358820513
15.775203013197710788517724722624	11.003155663827644872299060807563
15.157462123434509493336008745246	12.284606414331962653818663966376
16.743637758207629673279370763339	3.906538640532239980984741123393
5.959296094862022385996169759892	3.682663488588163502868155774195
16.660377412932071194973104866222	12.114760502693521004857757361606
5.119358443473409181478928076103	11.026612243854801320708247658331
16.485361897636124695054604671896	10.441256777365502728116553043947
17.763898635494008715340896742418	12.168606956236583727104516583495
3.195805570235150661062561994186	8.487481302668298255298395815771
15.998863197583897743925263057463	1.842457659702206873575391909981
12.015495249220501605691424629185	16.724914562123945671601177309640
11.199323363287826182954631804023	1.936641717853275768135290491045
17.230912291903305089135756134056	10.081814111528313304688708740287
9.243315191022677623777781263925	2.437526069879968559916960657574
15.742318002101692187011394707952	14.538671597600975715636195673142
16.479904163651394100043034995906	17.364384047894589002680731937289
4.257014681202429429163203167263	10.658738786737460557674239680637
15.190251000893010058234722237103	16.670781556798370814931331551634
9.273373615046443418918897805270	18.403208771534501408950745826587
2.074320243068299429722856075387	17.868862503510218431301836972125
11.649671146018393486087916244287	10.352445314988882429929617501330
5.726180707607006148407435830450	14.874845087955577582761179655790
15.907111497530561194935216917656	7.113859942072526365564044681378
13.503198243023033953136291529518	5.772426738900869658266401529545
12.514152695972736495377830578946	11.673350814087863014378854131792
8.851764217608860008112969808280	9.214764133731705442187376320362
10.780305165710606374318558664527	16.852260823651668886213883524761
1.629021510312641529694133168960	14.212561888892048855836947041098
17.756034428753306286807855940424	8.333717600161049787743650085758
8.489937755093833970931882504374	8.992732878193226753182898391970
8.178706125064968190940817294177	17.415765364307667084631248144433
3.447420598093716925802709738491	14.792964246048505572161957388744
12.509430888698762629474003915675	13.668213844679929280800934066065
7.230676748247116591983285616152	11.859277371374480125609807146247
18.781084964149616922668428742327	8.449864888634500914577074581757
9.464921857310706343469064449891	9.057204828157841447477949259337
8.041090838848310440312161517795	9.585171805749380880001808691304
4.467975581747293034595713834278	16.496655771530335243824083590880
17.304137908552018387808857369237	16.666734895250602477290158276446
7.377628781827859860698026750470	16.427613731655586803981350385584
4.202562402642663563767655432457	11.141382230432769873118559189606
13.763730914188872844761135638691	12.197382582863340871881518978626
13.352313847287549108955317933578	9.781529320572648344978006207384
7.069645704581603240512777119875	11.257806751345899698435459868051
16.193745197099666199846978997812	11.946911335513348717540793586522
18.279291397426611354148917598650	15.920886260922278765406190359499
7.475910936431634290499914641259	12.328523762581170331031898967922
7.170844892807417103597344976151	0.212163425600766508694050571648
14.365790977189456967266778519843	14.506971751017841754105575091671
5.743815969261320653060920449207	2.919660895028743041734742291737
3.087164463493644817049244011287	10.424464573635546571495069656521
1.342936577133968523156681840192	9.607213501944844580293647595681
19.470021207136198881926247850060	19.876753734974140996882852050476
4.359630256397060144024635519600	17.314658048266096557199489325285
11.709799036630744950571170193143	13.662668057740471994065956096165
0.591708904621714992799752508290	7.210473857897840233022179745603
11.960792598641559081329432956409	11.404697884648040684396619326435
12.146346955850230386886323685758	9.309632395858978171077069418970
5.267873981401715255401541071478	0.684422020708617129258755085175
10.033547713208188056910330487881	19.077800286216902492242297739722
1.296224878932871193981668511697	10.367166284303676704325880564284
6.635822651034690267124460660852	1.785336836616023825641264011210
4.716249110461769866731174261076	6.944103514671488674991906009382
16.337662547789612688120541861281	9.932173089438430579889427463058
17.402998111054746033232731861062	8.167903855465748819142390857451
14.161944197688292490511230425909	17.701873761672590745774868992157
12.515402457427972748860156571027	6.667122641317377862435478164116
19.711221559595990981961222132668	12.384605486172350907736472436227
6.051956278681739576086329179816	5.753154844285822910876504465705
19.054819165256141388908872613683	5.476244715018886211055360035971
5.458906197688854433636151952669	4.461302181263718580339627806097
11.289628724397372749876922171097	13.672955749012283277465940045658
16.919967470614228233216635999270	3.665947853470241657447559191496
7.967769407339176268578739836812	6.867221892973089936162978119683
15.307684144762003342066236655228	11.080109963936500605541368713602
2.261447935964646660522703314200	18.114905767522671453662042040378
5.640535556151450080619724758435	7.422904483503280914646893506870
7.053968828088905240747408242896	15.406245826365070783481314720120
14.873355008475236616050096927211	7.572056301750896167845894524362
19.177299028131379543538059806451	9.066972485344660270811800728552
3.945826634234133045708858844591	5.658310483355780462488837656565
2.511144936625954393605297809700	5.954660955728556359645153861493
3.231602734717696989719115663320	14.100874516775354194919600558933
19.333490612842865630227606743574	12.681714664618240817617333959788
13.795114087340738961984243360348	14.183091557607522048556347726844
5.570964259576288490904971695272	13.222847278825575756400212412700
10.061113718332334698857266630512	17.647273264196158493177790660411
6.959666921914050341513302555541	10.573020550606241130253692972474
15.146194517608881469072912295815	12.710811756664433858077245531604
19.678030132197978474550836835988	5.384247232439378194612800143659
11.554040786424497611051265266724	17.286679995828745148855887237005
10.109720564975827272746755625121	7.096461192618090940698039048584
6.884037815730128073710147873498	12.433500206594834125439774652477
6.719080052714403450409008655697	2.188607443047538847480382173671
12.921125041256988907889535767026	8.116021637152968537520791869611
11.252327118386938664684748800937	15.605451362769528600438206922263
8.436557351143111560531906434335	7.462385646543738815239521500189
2.768278820986219912470005510841	2.198290285142496802706091330037
2.897717809348718809303591115167	4.656528979773478127413000038359
7.441759195867510889854656852549	16.245275584820532799312786664814
15.720972203700265268366820237134	13.602259377793274097712128423154
9.277231958837280245688816648908	3.136655570005431048485888823052
12.521511985375822106902887753677	4.554557809709807614240162365604
5.402068750235240024437644024147	1.766827329723527073568334344600
9.256252662445636048005326301791	10.395055539414794765207261661999
18.647033645826113001930934842676	18.905445554192120027892087819055
0.554355633122886048980149098497	11.607727800506813409242568013724
9.951734592964394110481407551561	11.032716701767053990579370292835
14.273637632241282346967636840418	14.042308448259174014083328074776
19.379947448246454655418347101659	12.204696172339025039832449692767
9.597187513730172980785937397741	6.249456689885911409021446161205
18.937091640209466447686281753704	9.174732034220912879618481383659
18.248428830817790213814078015275	12.925486272038623880575869407039
9.508720290225271654094285622705	19.728479984001324964992818422616
8.778815967432203493103770597372	11.906691763314864118683544802479
14.785379946357039671056554652750	11.363753100581238442146059242077
18.276274054659076284679031232372	16.110913792020038926011693547480
9.607680325832822276765909919050	4.567627692321364563099450606387
8.862334294308540805218399327714	19.069398147964509604435079381801
14.034351692800491662183048902079	17.848870389861662744124259916134
5.006945607549533328040070045972	5.241044901439531500386692641769
13.900719651926250364226689271163	15.670026284566734631198414717801
4.420946632707236645387638418470	8.287786093381290797310612106230
16.715540475929138608535140519962	17.691260128238404547573736635968
2.925805917810758494113088090671	3.320104630081062158097893188824
11.053591703593518502657389035448	16.289151078048636378525770851411
8.877174184421058100724621908739	14.716146127246286567924471455626
13.607160426533313923869172867853	9.647778219335489069408140494488
13.902192546298433484253109782003	0.907305112266154623057445860468
17.324080603315380244566767942160	5.181397176191452125237901782384
8.398856791057411896872508805245	1.569786243973568806708840384090
10.858574671835748759463058377150	8.501080780913147449950884038117
15.594339453328583289248854271136	5.747163373210729453433032176690
6.192724285662430716570270305965	8.359094321133239802179559774231
4.368267260343579927450718969340	13.736736746975024558992117817979
5.833692605056821633979780017398	14.078024687768840195190023223404
10.269391227478037009746003604960	18.216407683134502093480477924459
0.066818473374090636696109868353	17.202670052183869131567917065695
6.984689619040894470458624709863	10.737160183504654398234379186761
17.019014878650612132560127065517	12.633241870878032742098184826318
18.919283872840846782992230146192	14.733672759050129741353885037825
2.034045302361294993431783950655	13.041338920282584012966253794730
3.337336305569966743433951705811	3.302770730535848908715479410603
9.875054390189369257768703391775	11.041617723963597086367371957749
4.499169086405396811301216075663	0.970113832663381803200763897621
15.760777451991108577544764557388	14.661145776278249996948943589814
12.929204679489204821152270596940	6.738392906288495964872709009796
12.136263535733426977003546198830	8.510637401768567755766525806393
13.666717416356089387363681453280	13.061055086328238417081593070179
5.415251483820433975324704078957	13.017487899018453489929925126489
2.930829656897138146831593985553	12.384064339518104702619893942028
5.846510931987043413471383246360	10.915688802535854051711794454604
13.168889878659795655835296201985	5.875533968110965510334153805161
2.867518347627834529589563317131	15.793954629198584171945185516961
6.928057145926189264173444826156	6.846202190912243246145862940466
6.930679851035725924646158091491	13.271475324893302172313269693404
11.368813932421181434051504766103	2.024751811205525164893970213598
16.301505442559243164168947259896	3.780856745052894041236868361011
18.688443093808142947409578482620	5.872639888835752053353189694462
14.990615686940515161040821112692	19.280649958143712296987359877676
3.536587510243164089729361876380	8.962809921654908862365118693560
0.804287311111894220871931793226	8.663288044454622749412919802126
8.494899094931954053322442632634	4.268456872328179940723202889785
16.375830546265703446806583087891	4.738891650078364214948578592157
19.695672851598782671089793439023	16.156313729763347453172173118219
4.997077294914083367416424152907	12.656072891796055657209763012361
3.491098400703257276234126038617	11.755011322773237125716150330845
16.935694593927749451722775120288	11.423382034972650700410667923279
1.544829615288568769315702411404	17.962509662791614317711719195358
9.001720774104935429704710259102	17.883520281571996690672676777467
7.312564514171243423845680808881	2.103716271635235557369014713913
16.955631875722737333944678539410	1.814177884296047649215211094997
2.791405940477267311194964349852	15.843036380784376149222225649282
15.693724948717420630828200955875	16.508019284654345426588406553492
12.311791979783428985228965757415	13.980233910238673900039430009201
11.290283060782753565831626474392	14.358656069525826737276474887040
15.348990726241439119803544599563	11.987389090356112220092654752079
11.568560354276653967531274247449	4.997600012032260785588277940406
18.313459465033112394394265720621	19.245263033907367145047828671522
