75
5.462580072550888843352367985062	5.726103813578764523128938890295
15.667412518396584886204436770640	17.412565252978424723551142960787
14.118667952142738286624989996199	15.104836944763013306669563462492
0.400955411162683406089968229935	19.237145095952975282216357300058
16.367244294948282146151541383006	6.048845768537370659601037914399
15.721398364570552175223383528646	7.354349209289516409171483246610
14.822369281332074208989979524631	0.789560762225656187496269922121
3.950377613299769219423751565046	10.671889315862932434697540884372
13.095712905602535869320490746759	6.186667226025125643218416371383
5.955897589163955174740294751246	16.649124415371691299014855758287
18.824336529519570149204810149968	9.806254752134325514134616241790
6.843547481247214570032610936323	0.346413475061843056934662854474
9.152262596459891597078240010887	8.286313144089653803803230402991
8.235059601578921473219452309422	10.330855521769267468812358856667
16.781177853937524702132577658631	17.618258898410530832734366413206
0.450190744005568577179587919090	3.758451777587280773218481044751
12.538174506515241901638546551112	5.665080584534172736255186464405
19.429403858085159129132080124691	4.017178759207741478576281224377
6.648590580932826732407647796208	7.121161588258481778268560447032
12.029197443546372880973649444059	16.334212334732296056927225436084
8.664764641690739566115553316195	11.599468217601199171440384816378
7.699581889039822435449877957581	7.133456848597742094852947047912
18.787644500762702648444246733561	2.997079336027624663074675481766
6.758875701035622185486317903269	15.568034875780330850147947785445
4.883186779411329503375327476533	8.334681746254407386231832788326
17.765307103230309593300262349658	16.941688321671897199394152266905
14.536058251672764995987563452218	8.397951058500654042404676147271
13.654400827878820479099886142649	12.544462761204700385064825240988
19.631497895263965602907774155028	10.147887577559918881320299988147
13.118025354279341243568524078000	5.625292296131684466331535077188
8.122472147503874140284096938558	16.406616415151990651111191255040
16.642482036987932048077709623612	15.489756841549949584191381291021
15.185490004458067403447785181925	19.635281360314376541964520583861
8.162206868304590301477219327353	6.735567957019514828687078988878
0.544429715515005741011123063799	12.365034904575402663340355502442
17.410375867181173248354753013700	2.126455910270318661048349895282
3.231790278310135988704132614657	19.208064228485522306755228783004
5.109616274374181088546720275190	6.861458744256585973175788240042
12.592282797410105033009131147992	19.265620612726181093421473633498
1.987451552965736611966462987766	5.648997282771443195770189049654
1.261207309589771341507002944127	11.783873527789975099722141749226
7.575641283293268912757412181236	8.591554122856956965392782876734
19.806877509831497974346348200925	13.648832326366928668903710786253
4.908325121474035768187604844570	18.254769125995295553366304375231
14.453889953105498733521017129533	16.046430824306106899257429176942
13.018112487523479714468521706294	7.950554179458436898642048618058
2.686441100163662554223265033215	11.760865998048140923515347822104
3.049354527413577820027512643719	12.151107292170166829237132333219
6.647659433701575082409362948965	8.993473789746481372731068404391
17.043720027211058720695291412994	9.133646093708911450903542572632
7.383677161020455237405712978216	14.936070554521499786915228469297
9.838013610513851148198227747343	13.739447369435609402898990083486
7.864870033082064004759104136610	1.640853713918578593577990432095
0.965572940436906224093149830878	13.555407081419200920890943962149
16.641981248461764408830276806839	13.503986690487051802733731165063
11.416788796196412292260902177077	9.667037160082875502098431752529
5.954105540927526973860040016007	6.629829521757034882512016338296
1.013578407696296146411896188511	19.354405097552110248670942382887
1.720165091360563724975918376003	16.718710734154171859699999913573
11.416472861168392327613219094928	12.746013931388308293435329687782
13.746802374159109660922695184126	17.979367340453901391583713120781
10.447186645696584506026738381479	16.087755558971629454845242435113
13.636719004766607810097411856987	19.521362073919309665370747097768
2.058394113515629175736876277369	7.958800951488854913407067215303
9.300304647643470090656592219602	9.057248081966310593315938604064
10.238007565715587787735785241239	0.690755623513514827038761723088
9.752027996969816925343366165180	19.878958936279776281708109308966
13.323018535325106270761352789123	12.873136085733161593225304386579
9.223867592581665775242072413675	11.564796472759361734006233746186
17.713088186461064310606161598116	7.203420431457082884207920869812
5.736332038639245567424040928017	7.315297692883500957350406679325
4.261558353444149460642620397266	11.459712082282017320267186732963
13.033780369638700236123440845404	15.802632688023450668879377190024
12.463582405229910676780491485260	7.752944096607160773260147834662
6.883795342135090145063713862328	7.926010692057666062737553147599
4.819964010810434018594605731778	5.598550077995042784095858223736
8.325425274923023977180491783656	14.504025757417416286898514954373
19.488898482195875061506740166806	9.271831088862972691799768654164
14.079790951045485059012207784690	11.929100411091681621655880007893
4.817728528402085430570878088474	7.636879024321571840516753582051
10.680143082269228926861615036614	0.243226595627716868364132096758
10.596182076264534899223690445069	16.752074365324027382939675590023
15.040176493082391573352651903406	17.930888660796870937019775738008
12.661694780576739916000406083185	1.206779796028577544930726617167
4.360827534856007936525656987214	6.980171806899590158934643113753
3.435782863204666082168614593684	10.874933240688712032806506613269
14.274527289101126115156148443930	9.493444366393539723958383547142
3.568098882596681953316419821931	7.715541525926950860991837544134
6.915195831372835222339290339733	8.082113221876024766743284999393
6.556261228407938013162947754608	12.760170116942079587829539377708
4.963886844566912870391206524801	16.579758311212131616230180952698
6.634559688738757898818221292458	12.476954719946244054540329670999
16.464124713433321289812738541514	15.587061001016762062931775290053
11.425722729856891746180735935923	15.986927179802922438511814107187
0.484826596283066679760054284998	5.249948211181809654135577147827
14.374676735925671522409174940549	10.849690941394737109249035711400
17.259157348040773172215267550200	4.618299126811881372134394041495
17.072365004928016674057289492339	4.182613867729961576458208583063
9.353374044824011690479892422445	2.556606808010366549410719017033
9.677856780063780917089388822205	17.753818193349459875207685399801
13.410831346605226244150799175259	11.991503895143189595273724989966
15.536984823611559747291721578222	19.117445313972073250852190540172
7.091657573766158684236415865598	18.410775933132384807322523556650
12.824634017501189475751743884757	9.710444626812684276728759869002
13.834562474606213910988117277157	9.298391502459866231333762698341
7.538600558608777646441012620926	11.494827495017986507264140527695
19.616575800517008332235491252504	3.967701090025537169481140153948
16.487417434004054683782669599168	12.321748889386197944872947118711
14.841851246143148657097299292218	18.670242208132346917182076140307
15.706933402733596949474303983152	10.005235731749129612921933585312
0.737119387785756252640112506924	4.182912572308826071321163908578
13.966082367204259995219217671547	4.331942265721958840174465876771
17.017808677427598951226173085161	14.009626099585743119746439333539
10.702223778219632777108927257359	9.830006405283858939014862698968
2.734254711727197584281157105579	9.066692754224625616643606917933
11.642132234078228947282696026377	17.746878954169584829969608108513
1.250999166068431645015834874357	1.306933609482240354893178846396
9.177727812532589624083811941091	19.174884738831575958784014801495
11.471213224446220380059457966127	2.022817583517775297252683230909
3.886157792653455178566446193145	13.235582313030590739799663424492
18.017059541985929627117002382874	10.642225338932261635704890068155
9.792428158968485618629529199097	10.586234515244314025039784610271
11.133918207849072601334228238557	7.745457133684620742997140041552
3.682130102595392528996853798162	4.529219548559622943173508247128
0.344141807162569035583032928116	10.623358226187884056912480446044
19.704885550201840516137963277288	18.811341692786783141855266876519
13.486056115698382029677304672077	14.470240569302225352998902963009
10.819141217818426525809627491981	14.646380502417802205172847607173
16.846875910551414534666037070565	3.640524970352230216263933471055
5.922977940215360170839176134905	11.661517435496971728525750222616
9.302488255537728178978795767762	3.818273877404829708126499099308
10.100711841057762541140618850477	3.819668429502302231526300602127
17.938762139097580217139693559147	6.198277704693852641071316611487
10.237298164784643716984646744095	14.075228206028333133303931390401
7.856917690620712768634348321939	0.272101305321871267395295035385
14.922423481211190221529250266030	15.627867475743007830146780179348
8.142120936988138879542020731606	9.183238542195299558557053387631
16.520137473102092684484887286089	19.726972351108752690151959541254
11.605603491334967714010417694226	4.750684666507449804839779972099
3.236042436749011486085692013148	14.352446928543164617053662368562
5.282265123252931182662450737553	15.621530768517937204364898207132
15.072940443240250729672879970167	13.885793858681477530581105384044
7.871594857901650144071936665569	11.258388776356861527006003598217
16.825516002466883946908637881279	18.329483963748380404013005318120
1.423334206437307791759394604014	3.542412147480744621930170978885
10.131609285576354650970642978791	7.760122617416549850588580738986
6.941653842994747414252287853742	15.325671247956375253806982073002
14.092161237335545820315019227564	9.292887206997301419164614344481
7.876682551835758161473677319009	9.281741796920687903593716328032
17.945488593807183974604413378984	17.654649854691946586626727366820
1.491382529092526443292854310130	15.222712267835802890658669639379
7.997325629673291302879079012200	11.696420712111009976297282264568
4.081205325712348397360074159224	4.678568448008773472679422411602
15.398838095506453882421737944242	5.833672709670698175443703803467
1.186417303509679221917849645251	14.368841907230711640863773936871
17.101785831555577743756657582708	17.025679917329316737095723510720
9.358871695237120036381384124979	11.318899462304308656257489928976
3.134260133283629734535224997671	16.292102530450211617107925121672
9.212208448533520055434564710595	14.038887485494992546364301233552
18.665172025240899245090986369178	13.771795931371654475583454768639
19.287964680011722151675712666474	3.014616727966715536979336320655
5.771011232993600081897511699935	5.927379986587116178498035878874
12.691576672690041860391829686705	7.989286891119266265093301626621
16.678112902803455597222637152299	15.095498271048594318699542782269
11.372904295390958040457007882651	18.498337643350581060985859949142
2.004097806448260854494947125204	16.828012925583106351723472471349
7.395662957494489653242908389075	1.583347093266868066407937476470
1.465078902323457832324038463412	14.630508295890138015238335356116
6.533574219997449361585495353211	18.454465185270802152217584080063
8.162302487451064791912358487025	5.468581382600691043194274243433
15.420642194011399794817407382652	16.995334933347603367792544304393
19.403271094595641699243060429581	14.351532484772894449065461230930
15.437654418828262947727125720121	16.314645824363420700819915509783
14.882347494572140789159675478004	14.202449888716245141040417365730
17.525482598199715766895678825676	9.432817672269729669665139226709
6.629525909250509663195316534257	9.041760456320787397999083623290
2.024498939032823852102183082025	14.793100769232255586871360719670
3.739483015680808986047622965998	1.885986896577889204706934833666
10.256556525876236563021848269273	12.980385862082371772885380778462
4.734525648917422557815370964818	14.406490390787384470172582950909
16.651465140833330735858908155933	8.884769156029538095253883511759
11.060074339968238632536667864770	6.258984001409974240459632710554
3.670801403583217048520737080253	18.217058705637729332238450297154
9.164494127115711208375614660326	3.456958469642653852815783466212
14.317004544926316356168172205798	12.205704379264121328674264077563
9.427870175901784222105561639182	6.320883040626751103729930036934
11.604409356322831214924917730968	12.191389999221186712929920759052
14.065085366615265982659366272856	12.117246625996509479250562435482
6.279444552564575232622701150831	19.851293645516022934316424652934
13.445301589054848179216605785768	19.963908259328604799520689994097
3.009955634673355806540939738625	0.835825265733097788611871692410
16.108500344019102357151496107690	11.196989476519034312218536797445
0.386769560387590916050726264075	3.682265423918274827030927554006
15.301752364836652020585461286828	8.644249371788017555218175402842
7.144560433786452335880312602967	3.170498595914600592493570729857
13.043084327257520982357164029963	14.196247623280703109571732056793
16.309834198084242729009929462336	11.708992585404386588265879254322
0.332932743833076472128595924005	12.832058020554752530983932956588
13.609927201295413112802634714171	12.745431736813284118170486181043
7.545365377132071671439916826785	17.007201528372945631417678669095
10.234889931783943239906875533052	8.624301057133944681254433817230
7.756989497060725824439941789024	11.259830112442541505402004986536
14.990000443707417687733141065110	13.318709865122199786924284126144
10.100985978355460304101143265143	18.854643638433739027959745726548
2.813222558131095674127664096886	4.674698905795956704878335585818
13.899551209241446159126098791603	6.160862649223212805793536972487
3.752660174997650699424411868677	7.892917509533095454798967693932
15.992987410392199620901010348462	11.158548590979256331934266199823
3.535807348346997613930398074444	8.385991488144515670910550397821
7.533732445495752827469004841987	3.412651083644151484008943953086
8.352975827446655898711469490081	14.003056524233539192891839775257
15.144704674898216367751047073398	16.418114489054662641365212039091
11.905744694894988100486443727277	18.552166963199848481735898531042
6.176626837515899026698207308073	12.904856853807963545932580018416
7.570583592609223977376586844912	15.976045854323949413355876458809
14.503120822808076795240594947245	14.934553874234822501421149354428
2.071521037246521146357736142818	9.251228115375392135888432676438
6.020400381924697619240305357380	10.574922682314440436357472208329
7.425235442343627312311582500115	0.313713105698499861162531487935
2.220599193185242015147196070757	10.236017469966679271919929306023
8.626651459640950037055517896079	10.715069468305545186126437329222
13.608913174551343416851523215882	1.439691125224340506605358314118
17.156536177815858934536663582548	13.038821040193393940853638923727
17.996408633698589341065599001013	5.627463334340392364651961543132
7.753593477999727312521827116143	13.996246861021877094799492624588
10.479371216511008668703652801923	3.537618503578378259533110394841
15.092588488202292040796237415634	5.496461710409534795473973645130
7.666200575838495012703788233921	15.849201188051235789089332683943
8.587713837057243893013946944848	12.395983563675567751261041848920
5.200841198286224376090558507713	14.430697121898523604954789334442
9.120140793257146327732698409818	15.665929404171141214874296565540
14.732421731949296273000982182566	14.525436365084793521873507415876
18.517713937271331303691113134846	13.255977836604028397005095030181
4.516819024325594789104343362851	17.882386324582355996426485944539
10.658046224646842148331415955909	10.736340687820970174470858182758
17.748785665391999089024466229603	11.969898508749265531037053733598
19.155669280319635561227187281474	19.584477009356440646570263197646
6.916875251042343464291661803145	17.025815175330333062220233841799
8.419409380583759983096570067573	18.180598508634734145061884191819
14.435358396402214964382437756285	4.596779529729467128618125570938
7.481771316410720906731057766592	5.182707129120728062332545960089
10.183539115134880859159238752909	8.463131368382875052702729590237
8.256197675500509092216816497967	9.069160924421542091522496775724
17.685876975835284952154324855655	6.990678780408231318688194733113
9.536098930662717521045124158263	5.060849309852138766530060820514
1.509449865619407749051106293336	6.594214225146252772447041934356
9.456891645680672198182037391234	17.190778461883738259530218783766
16.931359098941243246372323483229	10.523251602243755442600559035782
5.105025985857750470131577458233	10.862694779978241399476246442646
12.628794071551773470218904549256	1.466546605777722112051719705050
