75
14.329075059869781583188341755886	10.756121162334901342205739638302
8.937618270350156990389223210514	19.389621071887638947828236268833
13.521900774173079895490445778705	13.308208689495621968035266036168
10.917055176445494169001904083416	14.564853538621740369762846967205
7.157850924858532692951484932564	15.979298377584537860229829675518
18.331695233149758905710768885911	14.462174054358200692149694077671
11.574471717587584862485527992249	15.420890524744688576674889191054
11.602008434131764857966118142940	9.925753550725794127629342256114
8.644076123378420462017857062165	14.005282306245337764494252041914
12.032801394374160963707254268229	13.135311135193660447839647531509
4.184808744152900494839286693605	8.499604691154109659123605524655
8.175769749288772203499320312403	0.454929429733603285512799629942
5.945475230868433769160219526384	3.878523137905286688464912003838
1.996607438629421693576659890823	16.437478634274871325260392040946
0.108447941240070733215361542534	18.704115581077907393137138569728
11.117879171357447631862669368275	16.684987784214104777902321075089
8.823517936971155606329375586938	13.516812353854133377240032132249
16.599218564842193046615648199804	9.299976812058416086870238359552
13.742379658588438573474377335515	2.169612563592077769669685949339
4.758414355267825968098804878537	4.521966154843656937600826495327
2.341958105774782694652458303608	13.329505645259020596427035343368
18.392647717900302950511104427278	2.999693072916661762405965419021
6.116971111392699000930406327825	11.415176960561048247200233163312
10.745126773230767369682325806934	0.995548161178325230480368190911
9.151000065987741294293300597928	19.025748453930859227511973585933
17.563467329394114813112537376583	16.282396364625018492233721190132
16.097885505250431492640927899629	15.941568860622421510697677149437
18.442869339830849639838561415672	12.820744388135333124978387786541
3.922398688865167848405235417886	6.292966253470885895637820794946
8.604769527657950334287306759506	8.352689982387341061098595673684
7.951583152951323896218127629254	1.393743905352618384085872094147
11.608554557871890722253738204017	11.650870949620511396460642572492
11.375515841396111937910973210819	5.286918454927773680651625909377
14.241045157490248129761312156916	14.496248590782688125955246505328
14.654272915289780598868674132973	11.795260356333809426132575026713
8.756915014926349272172956261784	11.911502944770036904742482875008
10.089424501506412568119230854791	5.995074092856690128883201396093
7.655783250027120345748699037358	5.738341691484940554346394492313
2.807288066140474214194000524003	2.602378270781226632379912189208
5.639178815379090714543508511269	13.069636410336260112785566889215
11.717215526113864854096391354688	2.536246939921674936613271711394
13.471998695704275661455540102907	19.487606093773727877760393312201
12.745241850217706058856492745690	10.184788732452352277846330252942
13.874422387794728805943123006728	0.974200848427260623907386616338
6.217187920627751829272256145487	13.868528210610186590656667249277
19.838442113010025025232607731596	10.621754867095184238223737338558
5.384114992122293053000703366706	9.257592634686215404826725716703
11.124650850072049124150908028241	17.878332126692722425786996609531
2.580489188169354797253163269488	11.533138489669177317864523502067
15.664630715759219725669026956894	3.413128687198763167032211640617
10.786134378308773307253431994468	6.009016250410955883864971838193
10.821755546636904199431228335015	3.381613295223200310601896489970
13.018112473263959927294308727141	5.880608757947580755853778100573
4.878292846159303586262012686348	6.260087449458007213820565084461
11.157649331865011177455926372204	4.665245698047883138315228279680
9.379812759810073785615713859443	9.864748275252983589211908110883
6.262476594666450679937952372711	9.112916971499663176814465259667
12.051737205280135256657558784354	18.645214523202014333946863189340
10.203831873306823396774234424811	17.376425579152282807626761496067
13.106112912659838798390410374850	7.497847295991044269669600907946
17.207100079136537829072040040046	1.756703669085938557259396475274
17.525399162301511069017578847706	2.142900059490214559332343924325
13.724542380298137445038264559116	16.864011603758690682752785505727
10.829842466933905953396788390819	9.078631502525075447351809998509
17.561770687233405396909802220762	1.795151438881896766019963251892
13.013554863762294644402572885156	5.749427368687530126578622002853
7.878862209781953396259268629365	17.031092615221794517310627270490
17.993928400526094435463164700195	19.130824507662275379971106303856
16.026285871117107006966762128286	7.045984737883706827688001794741
3.296298327790505133805254445178	9.965087932077834054211962211411
5.374476986818956802949287521187	12.964828638867274435142462607473
6.385809138989779754069786577020	19.241080569095664998258143896237
19.498840522743932979210512712598	15.097618740717546614860111731105
7.653919681614302916727865522262	7.192568527176042891824181424454
8.876601810819288118636904982850	11.495475964826114889660857443232
17.848632862670825716122635640204	13.117327290953667784378922078758
8.103103310572402406819492171053	0.809030374028118615115090506151
16.358784769832610095363634172827	2.468827093676075001837944000727
15.108054170241693725529330549762	3.114188976922746654452112125000
13.823514898570852693637789343484	17.117322264877724791176660801284
2.763523083720667905538448394509	15.154622261781522496448815218173
11.953815071722955210020700178575	3.677181913898541765206573472824
7.328867005465545148013006837573	10.547278657112917343852132034954
3.578688255875237977932101784972	7.716007541386059820354148541810
11.269080713081427447264104557689	11.221163716364953799597969918977
17.995382427340690156825075973757	16.945471630164256282569112954661
12.356098804424012982394742721226	18.313421080028319920529611408710
19.320218075958024428473436273634	10.061246531950207128147667390294
3.180199136893646638668542436790	14.244450794400268733852499281056
2.851567560154230740465663984651	8.116988267636202181165572255850
6.380642617576727460004804015625	0.426837814403628001969082106370
19.538712004506070485376767464913	4.227036684634215113476329861442
9.283313660917915655090837390162	6.330969268241390501827936532209
10.986185622036094500231229176279	8.249245774538881192938788444735
5.913055261047855282185992109589	10.257966308071752692399059014861
17.545801037047066728291611070745	16.526606127809039037401817040518
17.596766364369720747617975575849	3.478134110709398818528370611602
3.432314990843782886997814784991	3.802578853507974088188348105177
18.239538965954871230223943712190	1.614404968167676202028815168887
13.693452767222145993741833081003	3.025796268256027765630733483704
2.818002372883031902972561510978	5.887619941267406176166332443245
13.896776785932743791818211320788	13.440967678748034330737937125377
17.325363033076982333113846834749	1.718207605976230567534912552219
13.288786885775380142149515450001	5.889905722860374837068775377702
3.871895242573496709326263953699	13.943366772293884991995582822710
16.994720491228889613921637646854	15.078206401410266579432573053055
8.781745417838626721618311421480	2.066659936715348422353599744383
8.769263631653018364886520430446	4.877003251848236686782911419868
10.282252830748213057177053997293	6.551763343375834658388612297131
6.992558330268638044913132034708	16.773188355593362075524055399001
1.765919666625476835974950517993	6.967224803150495304748801572714
8.328415242382865457670959585812	16.688132443421203277011954924092
12.401963797764862462713608692866	0.460897674543003788016903854441
12.110553782323739469006795843598	14.285936986889227640062927093823
11.228569412469381560981673828792	10.051802594567128323888027807698
19.799206968184982713410136057064	4.570610841148076808337918919278
13.834213165755308239113219315186	4.488446613797645312615713919513
5.690285988300452402199880452827	9.395796877007951408700137108099
18.949188777493898072634692653082	6.312971843561351548146376444492
14.775122064573354307981389865745	4.017716565399247485856903949752
18.806736343052552484778061625548	8.430992893993822789866499078926
10.994788677842610269408396561630	2.541268886766544277122648054501
6.171058587943383244578399171587	18.042703986201189536586753092706
8.326540818615715267014820710756	0.577760632626580061810273036826
6.129902389992589739620143518550	9.031661382837887330765624938067
3.885401438367891202574355702382	5.852018655934947410912627674406
12.231263125152255000216428015847	9.175687515755576839637797093019
8.317133369766281703050481155515	8.010801697044357183585816528648
10.645342354916616400828388577793	13.060329946824019486939505441114
10.436225408838781802955963939894	4.048469727180559196710873948177
15.005675175953671285355994768906	3.924533098606322489843023504363
10.921942071744433988556011172477	10.518408308662346328787862148602
11.246845210141163562411747989245	17.562741311835125657125900033861
2.656347337377271244918119919021	1.997671850030480200643978605513
6.851747634520092944399038970005	9.681079645377211662093941413332
14.812917895567203174778114771470	16.425123007740808134258259087801
11.183961606883821460201033914927	1.504778687545345050580181123223
12.179175457578528707358600513544	7.857289416895690159492460225010
7.069348978557902896113773749676	17.054948408762943046212967601605
12.064066844170209691355921677314	9.020911551307223774642807256896
0.147943718727832518311515741516	12.137411015850378959157751523890
6.380030239336791808568705164362	3.354121414493231867481881636195
6.514070704731825145472612348385	15.645502697858482576975802658126
2.428882306597914819690231524874	10.190633403397278300417383434251
11.757966589143324043220673047472	6.078686384502193007506321009714
3.241335592490860229020199767547	1.065083096018099695356795564294
10.716936201837452102836323319934	0.246008241873941102539902203716
7.910598189964963111719953303691	10.697939073826884026630068547092
16.566044280720785053517829510383	0.996426029482780251100848545320
7.542839308941612586068004020490	11.254593845719872646782278025057
10.820299688237641433374847110827	6.547607646351115917582319525536
0.729577612856285639963971334510	13.922505952339834678355146024842
7.886378819818073537817326723598	4.418160375398460182339022139786
6.306699892997043477294027979951	17.411193863913904777973584714346
18.605585348241529430879381834529	13.893133871307565385677662561648
10.647735203203097853474901057780	5.992647202359111524572199414251
11.188267832434217297077339026146	2.677013402250780771396421187092
14.127685728945589715976893785410	19.349915572966700949564256006852
8.029194598540414062881609424949	2.672331908718719617468195792753
17.823650692683457918974454514682	11.841564340799276777715931530111
18.835910454847937245403954875655	15.719035991725117895612129359506
6.061470139681669699882604618324	15.306241363781442288427570019849
19.808330342226831533025688258931	3.539477908294540675626649317564
5.746528290415110262756570591591	15.271935079637792398443707497790
18.727339204844277276151842670515	1.681478779739338236254297953565
8.655793600388834718728503503371	4.285471950323914036573569319444
19.791954757862864511253064847551	18.203812051287322049120120937005
16.432379459486703865422896342352	10.180930725898997835088266583625
17.766270687795156391075579449534	7.410159202138385303726408892544
10.289914740986466412664412928279	11.393630657882816592518793186173
10.216192368747861962674505775794	4.728198212139782086183004139457
12.712648450848613279617893567774	16.137056333848573075329113635235
13.215244270732739551021950319409	1.145677039608246516877443355042
5.919862673986232337597357400227	2.426330999058156301373401220189
4.970002834513174150288250530139	9.238772456185820658447482855991
11.331226625675979491347789007705	2.219477677499694046048261952819
2.999169758082771863882953766733	9.224371773447209932328405557200
4.076104579413975415036475169472	2.540064616008884001985279610381
9.921928608266435745122180378530	15.910804943075113726536073954776
10.286599876237881190377265738789	14.115351244142168241069157375023
12.518874383662621951884830195922	19.423813585383001623085874598473
14.063856489120249548818719631527	11.565791695071018452267708198633
1.652147495052050274466637347359	5.315837780169466064705829921877
18.483594788207959425108128925785	9.093236029846154977462902024854
10.159294787380316549274539283942	17.725316734539987351126910652965
1.729236601798731953749665990472	12.859419969322566146274766651914
8.057186743276883333919613505714	14.091497533803941877295073936693
11.048040921091700994338680175133	8.657191279076313250584462366533
18.138934592107261778437532484531	8.742649198621181838575466827024
5.089984156832167982997816579882	1.438473337074830382675827422645
9.941025280415878739859181223437	6.574739086059428139208193897502
5.893607515339792435327126440825	7.563096643494798598794659483247
5.145149019628577846674488682766	13.186089239716704213378761778586
8.402442645290403078206509235315	18.710253516927025430049980059266
14.245391898674835573501695762388	13.949275970440496053015522193164
10.743388721741396807374258060008	10.692281189902264060265224543400
0.603452298567502154469366359990	4.117044892409111866982129868120
9.707689320717513226099981693551	12.574217236040405865082902892027
18.093846105264454138250584946945	3.448590849451624862354037759360
3.903076450759564330894590966636	11.447431372631518442517517542001
