75
14.525656230895570786287862574682	7.714167149687334301688679261133
6.666376951184329158195396303199	9.559921306688506703608254611026
4.178869257008803295150300982641	4.209852300509960620900073990924
5.751587896396298305035088560544	5.634406638558034252639572514454
17.051919856818997800473880488425	16.000016792988773772776767145842
9.114809659696774701842514332384	14.737079242184556449046795023605
10.631031439699892615635690162890	11.986092005812791327912236738484
12.223746555473743669040231907275	6.181761599192258316293191455770
10.841569403949094407835218589753	4.385833461462526727814292826224
1.267506711383159512251950218342	17.125561379962324082271152292378
4.946530093816781104010260605719	9.315982991454582418100471841171
17.071807417707702825282467529178	14.204175862765154647604504134506
4.316626871957807587421029893449	17.663698601010722200044256169349
19.134734411674308773854136234149	8.326184015357767975729075260460
12.248372019904605778606310195755	12.983090938071912390228135336656
11.680857799318513201569658122025	16.305330234995270899389652186073
5.664358694324036491707374807447	13.938740706182459305750853673089
14.283748654014379653176547435578	15.206715133582163090864014520776
5.774442691974356556272596208146	0.999137704750749477966564882081
7.390880971669432142334699165076	14.938125620168031915113715513144
15.887380144097633660749124828726	5.929199807796330823350672289962
18.065904933894408657124586170539	7.210472066189598017160733434139
17.770836562202617869843379594386	17.735456734007193801971880020574
18.367251426077679354875726858154	6.188443340974632889128770329989
11.755037161459934935692217550240	11.205410239012401518721162574366
9.053346491902903636628252570517	19.795280668963123105186241446063
1.411961225004519704384620126802	6.845779256244881594284379389137
10.243031308562475345524944714271	18.531444831749467994086444377899
8.065479837642120841678661236074	3.964611458746891692328517819988
13.404974673031844645265664439648	13.864997605723416995715524535626
15.849431540232162163306384172756	18.578361008720129632365569705144
16.939966138712847509850689675659	1.111057771667931959314046252985
2.369764861073556438952891767258	8.558499768479922664710102253594
6.130633199715175507549247413408	8.357226442325066173566483485047
6.236830312165102974120145518100	9.719332125263298038930770417210
5.410749732025514902034046826884	7.198549975477486206898447562708
4.800727591649079251112652855227	5.781338037839622856495225278195
18.293759406482848817177000455558	4.717401857918892993382087297505
0.342889079293344778420760121662	3.605882865720335672676810645498
16.372661486313710099693707888946	14.355277803897024568868800997734
7.575166149741778376380807458190	19.638549049855154038368709734641
5.710501509986161572385299223242	13.847282402800344058846349071246
9.537600478331194508996304648463	3.266274694565784564304067316698
5.666333505350005239620259089861	7.270264707615666566198342479765
1.777101225217203150918976461980	16.988898681716868566127232043073
11.131661157822701824215982924215	2.717939470615712060919122450287
3.036827687027265909591733361594	0.781542060933270832379093917552
18.775473263974085114114132011309	3.488117079204530845970566588221
14.705191482978301920070407504681	3.706537880635151438468710693996
10.205801388400072227113923872821	7.027049061926563311430982139427
2.455318601370161779584577743663	11.424576335318421982378822576720
10.860182089055429699442356650252	9.454866748149296284964293590747
12.855226363513303056151926284656	10.919369647255152244724740739912
5.445306302720736901790132833412	3.203502555888232627978595701279
12.162651511725371733518841210753	17.440993165245060936285881325603
13.959604772355186597110332513694	19.495091514647583608166314661503
15.407072157390430788836965803057	17.499685762357565010916005121544
5.694747751793135748243912530597	6.591566838641558234712647390552
9.727948647032944151646915997844	9.000152318243769045125191041734
1.448147288559237466643025982194	8.653041991863739568202618102077
13.841207717524916631646192399785	7.072381793025278362563312839484
13.775802653477091652689523471054	15.872280988590034667140571400523
0.081115867933826635294281004462	7.520923499076392459983253502287
15.787543128866424524403555551544	19.140336424099068324267136631534
9.982810779326518613174812344369	12.273880288161484131137513031717
16.759580887115234304474142845720	7.518336193399779432411378365941
1.262302570175275917563340044580	13.288659333603956014258073992096
11.608423148933738389132486190647	2.156096992543924173446612257976
13.820658088797134865899352007546	13.890776300373218532513419631869
9.444664106685788595996200456284	3.715764046353476679485083877807
8.662505298007634024770595715381	9.716672660591715526834377669729
7.402203012260115677634075836977	4.617347645058793581540612649405
6.033844993829539760099578415975	13.315097516829929702453227946535
11.848954303175659674707276280969	12.965994765119562615041104436386
2.195324171769651222518859867705	9.943225146802243230581552779768
11.174014611767061566638403746765	8.096414839506389071743797103409
18.166500086153945403566467575729	17.904362936791358151822350919247
13.538472428326205232451684423722	3.113280997900081281670736643719
7.316293033138579815499724645633	13.879022067231908010853658197448
12.438865768885937868049040844198	13.503581489193862807951518334448
7.291677204115190491506837133784	14.473695332828228288235550280660
2.568974551131828043537552730413	0.962121818339076284587463305797
12.146088159252323990244804008398	8.492094223019376997285689867567
17.283322369557691189356773975305	5.207062037010492083766166615533
7.499272120041373668186679424252	11.020408253046714008860362810083
16.139422206151788685701831127517	5.843178763571092559914177400060
16.727068526808519521864582202397	2.365184199264176001520354475360
6.845970128130765885998698649928	9.640998872105310368851860403083
15.782513297249217032458545872942	3.796408430105983278224357491126
13.515158228083020475196462939493	3.198387152409594591517816297710
12.943229555916552442340616835281	4.805917021778752129534950654488
16.292320940117612337871833005920	19.249498674673741760443590465002
9.241041755546936187215578684118	16.908955569096654869554186007008
12.496001250222576572923571802676	10.650605520978384532782001770101
6.163489461414383363546676264377	7.656261760008563399537706573028
6.100236241270378556578179995995	16.233571830341858799329202156514
7.574956725139864843754367029760	8.545690861755897316243135719560
12.004611099411322427954473823775	5.678029544007580753373076731805
6.765880465206349114737349736970	15.682091837954391877474336070009
12.863703845271436065900161338504	9.372636750867991750624241831247
13.019122566820868769355001859367	11.926757130210047463947375945281
11.770750801956470610321048297919	9.856186472123219743934896541759
11.437714229561160905745964555535	12.118908845107480232172747491859
11.864382943108850554381206165999	1.126680268912984672624588711187
1.002609315162114711483809514903	10.960193683918410201272308768239
2.612508996604939071062290167902	2.904581767373493050854449393228
5.182496363110280945818431064254	12.980860308201362940394574252423
11.849257493360212833977129776031	3.995515639673216767846497532446
10.270886061338975636658688017633	8.210315843598765539468331553508
16.236642503795863490267947781831	8.028004606352414640468850848265
2.644095748075276475219652638771	10.646034433558758891535944712814
10.545506616910099495498798205517	11.282178941930222748624146333896
10.581525625246657185130061407108	5.686104242024737409622048289748
14.512997425630537406959774671122	8.349653850132925825278107367922
8.747223017478585660455792094581	14.962660157422774886981642339379
3.760999756914471525703902443638	17.938921174330879182434728136286
8.422766607457662146885013498832	14.265325275637607660428329836577
4.204097733478751486302371631609	6.584577661152674288302932836814
5.564429070592189496835544559872	9.112540579979945931654583546333
6.749401535716529565434029791504	13.632942506174249075456827995367
6.921102730912505052174310549162	12.108580533576967397380030888598
3.046417112347728384236233978299	13.920656319263351008430618094280
10.036573840279189084867539349943	17.499134446364017492214770754799
10.634469406679759373446358949877	19.160448550619278762496833223850
19.861248464587074380460762768053	3.997593023362200348458372900495
16.920022415408020322047377703711	13.581043076022634608079897589050
9.654843496089064558418613160029	6.301418902865190574402731726877
2.562457284704625415372447605478	8.354637748052782697527618438471
4.402854777986068057771262829192	10.959141501828927545147962518968
10.681767589562644715783790161368	11.224022112030771936019846179988
1.871120479133455916098682791926	11.243972457147695109824780956842
18.166454038403514914534753188491	6.253724978758734565076338185463
19.492866483655170384281518636271	17.732359881549278668444458162412
13.761278175314503258164222643245	11.665206258428055363651765219402
0.500402870325107329563252278604	10.624168296275689371555017714854
0.856950624938509264438835089095	10.990287694233396464937868586276
13.722950646342974678759674134199	19.067754129952000141656753839925
13.866317724702685865167950396426	6.568742902803711203318925981876
13.535000409868256809886588598602	2.186045545889824914809196343413
0.648924327899946362663285981398	4.055904972565552490948448394192
1.595057068968422697707865154371	1.291257460157744674233981641009
15.128884629327490785044574295171	1.885060801021449350400871480815
11.810813870445580064938440045808	9.775884331154410133990495523904
16.453243609615181952676721266471	4.519052703947426863351211068220
7.851841618178260873150975385215	8.200524230781523371547336864751
13.360019715347609903233205841389	19.931691526000925307471334235743
14.353902674223107283069111872464	12.771689548799475488749521900900
7.547540911236527705341359251179	6.815299847931677312828924186761
18.664478163966286672348360298201	14.088251360673517353916395222768
6.523530896717678828622410946991	17.868449694687416950955594074912
11.746535175230176761829170573037	12.406422902352375103873782791197
14.968388346508596953299274900928	16.659997025934885073183977510780
7.758836791756397843755621579476	19.606972546853761230067902943119
4.661477314207403743751001456985	1.354800402135181158769228204619
8.011954299658141209761197387706	12.194482263187669701665072352625
16.812669230791183139217537245713	15.547389423649317308218087418936
17.621825188551500929179383092560	9.536012114479605727979105722625
4.222567982318666146568375552306	10.184316131241820002628628571983
15.577010476650610115711970138364	11.503252690572242755706611205824
11.083940472072480787346648867242	17.364171963793527453390197479166
4.333467640809651300060068024322	9.733952800276789218969497596845
10.983141365459884397637324582320	3.261215348234918209868737903889
1.440670641638874371892597991973	12.577705923190867665084624604788
14.893712201826538432669622125104	13.279428820675043709798046620563
5.403014973634578943517681182129	4.962744214837356615532826253911
15.435506371377327283767044718843	12.989713790566177920027257641777
5.446930804361159950133242091397	4.628254441248254025254027510528
5.384023987446505010723285522545	12.388664004962075537719101703260
0.906350999793358980127777613234	19.507849262680544200065924087539
15.731734833755986358028167160228	12.185002363102373834635727689601
2.238780646828170795004098181380	0.834993015638614721751764591318
8.813448777367998587806141586043	17.168545751427885193152178544551
16.074027916350129174816174781881	17.597466300959247575974586652592
2.869955189192962663469188555609	14.040650680003579964250093325973
0.435627710334587803231443103869	15.571677547262494201163463003468
16.945178275528412825678969966248	0.179448449029395717957413580734
13.602957644234177081443704082631	10.910733713591575622103846399114
8.724995482834756899137573782355	9.868039945971560200632666237652
15.755930053939612989211127569433	2.634534384584260813255696120905
10.679069428710864286813375656493	10.894380857075585566917652613483
19.499967967161957460575649747625	2.886337023387568478938192129135
7.669043141928518991790042491630	7.471706615338453261188078613486
2.110183066193517475994667620398	11.126834916928622476461896440014
7.112491073795771612253702187445	13.943056820084883895560778910294
9.651323522918868746955922688358	15.422283922732454186643735738471
10.615215970303955472786583413836	6.615800233071933433848244021647
3.532724298962501841003813751740	17.364643441857481320766964927316
16.308111625966041913216031389311	6.884974283444490694705564237665
19.804664087030172225922797224484	13.492372632308450519644793530460
16.677053036782229611389993806370	11.087280751013395274640060961246
2.469390153973066936998748133192	7.747992538540017903869738802314
11.124250405685176090742061205674	3.997684295560270051339557539904
15.084515717549166424760187510401	9.720700204808542466139442694839
18.476153176275484923962721950375	18.871628296677286584781541023403
8.956618997745042776159607456066	9.289741179604511955858470173553
9.250443987171747650677389174234	2.557282023592851061266628676094
7.187485041179050071491474227514	6.177281772983358898443384532584
7.249285132169365652998749283142	9.716937543438202595780239789747
9.652982723894922401086660102010	5.331344832807855205203395598801
5.602947749854702230720704392297	7.639516479468217546866526390659
