75
19.061343323054934728588705183938	11.734399886461504891599361144472
5.447177452423713539531036076369	19.679336847445732416872488101944
19.862806324492055409791646525264	6.490593440633290356345241889358
6.711620796785119580363243585452	7.310891000088123092837122385390
11.017251264990557402256854402367	4.005073549756502870877739042044
11.774518555580927525738843542058	0.874127806451124200748381554149
19.740773182336845081863430095837	6.062045208756965841701003228081
11.948287326801043661816947860643	13.502572987503642210072030138690
8.084826352835007057251459627878	4.404000273535932485913235723274
12.661022434463166774776254897006	11.084470219770416576920979423448
10.763521350736876769360605976544	11.158076120914572015863086562604
4.422214123301082544514883920783	8.682998172417983440141142637003
8.376670633326027015641557227354	5.887353565685923051375993964029
5.431412879498455303917126002489	19.466200572417655223489418858662
11.176129014082075485703171580099	14.365215727142821577899667317979
1.331536242448185802800253441092	19.036590975856896079676516819745
13.532233976638163852612706250511	0.571040213198438451058791542891
1.920622625249457371410244377330	2.655560763473114427313248597784
6.490993847945752293071564054117	14.076060717768871910493544419296
5.855091668482023337105601967778	6.309507121810588259336327610072
2.179230117800967647667675919365	13.415356010474850378955125052016
10.129229297540746301820036023855	3.526846337175716605827346938895
14.592654003790803685092214436736	12.829560498503774113032704917714
14.448785094686478203129809116945	4.623910219027210999342969444115
4.570473496322327022767240123358	1.767304688796164313657754973974
15.626830995922835754186053236481	4.750521029631626035438785038423
7.052863659149979369544780638535	13.299934091757782184117786528077
10.821049550040829245745044318028	14.422553445480840395021004951559
16.098334660902416715089202625677	8.606259281663216853530684602447
19.925713680893721857501077465713	10.337784152637947698849529842846
9.242847000226221965135664504487	9.173770703308555596322548808530
7.655146631008157065423347376054	5.011989469382654327489490242442
15.911017432775512503440040745772	18.187333204375629946980552631430
7.964649557132269741543950658524	6.668885463935986024353042012081
1.456602287618709468119959637988	1.386905944991713823810641770251
19.415805619379003843505415716209	2.163977074217224405572324030800
3.815830933498919108615154982544	4.458946171576536166014648188138
4.339582978199218565862338437000	8.756452818481449185128440149128
16.371514463384055915184944751672	6.439530854326109832186375570018
5.507197375358703794745451887138	3.100543451819386397971811675234
7.811368616122273067503556376323	8.127894335108162948699828120880
4.832917478271760991503924742574	13.959823688636275207386461261194
16.591804263369308358733178465627	9.462206725338020874005451332778
9.885704529932459294627733470406	13.824056823643422475811348704156
2.014467131234890295843342755688	11.255250933540478897043612960260
18.515131186156565945566399022937	9.902262778060737957730452762917
3.143076825261982953918504790636	9.849015513820802425470901653171
12.049312945310848732560771168210	12.489962015230648972874405444600
1.839257827669991129937443474773	3.525422344605058100341921090148
16.888213352193250926802647882141	11.733007454553398218877191538922
2.391004692053109614846562180901	6.508688257118736331108266313095
9.631335947039909584077577164862	14.439260773239862345462825032882
6.710510462602687908884036005475	3.124963550473352391634307423374
8.068231733506857850102278462145	2.256568938527808931837626005290
2.151767959933334140032457071356	12.935949096385199297287726949435
17.735097278239727813797799171880	14.184699725053011576392236747779
13.076923768332912700884662626777	2.492621408613314493152302020462
3.699112840811745961389078729553	10.622650796906627945759282738436
10.198758723970424711069426848553	8.329584890984508049882606428582
2.711918977470772595950165850809	4.357146536458718522055733046727
8.175854464438330637676699552685	17.812109769997871211444362415932
7.529002711222198662710525240982	10.343123121864167046624061185867
11.366688788736105664156639249995	8.847896119878582155138246889692
17.461695958495102587448855047114	13.560895634585172331298963399604
6.947212420151602785267641593236	14.015455972451800192857263027690
15.451399733905880395923304604366	5.293045854006933836899406742305
10.791091791719161108176194829866	9.884929804250802476417447905988
7.142388691410840984019614552381	3.724644029263229683124336588662
18.998650339270216846898620133288	16.260575375113099028112628730014
19.163856891589382769325311528519	11.452905031706023919468862004578
14.129397360079135381738524301909	10.162689203997498310627634054981
9.626347802697438282848452217877	1.787491307129434048306393378880
12.607302550760630666104589181487	5.969562289986204639546940597938
8.125994258952410120855347486213	11.184770501769609296616181381978
11.857497390577773188624632894062	7.961109122242540081515471683815
5.524367680903086608168450766243	7.943275004903117775256760069169
13.622573854047820063328799733426	8.562027314379674791666730016004
12.862312194789684127727014129050	16.206424197009578591632816824131
10.525878214077703631801341543905	14.920248310789684609289906802587
18.886073155040637772117406711914	8.065793289792935638615745119750
0.174443427448510490762600966264	7.700260944173841437532246345654
13.140820316354256291901947406586	12.954563982989290238378998765256
3.015081774745904219514613942010	10.828902951931311804401047993451
8.502074108954086995026955264620	0.488096590910528149720448709559
18.197888188370704654062137706205	4.191030171822600181030793464743
19.403316451430541178524435963482	11.183355687652500876083649927750
9.876506348854881878196465549991	1.735917145596319599576418113429
7.399817058206835440614668186754	17.228204387073027703536354238167
7.095041980876517939691439096350	15.345057977777354807358278776519
1.174925784358453739741889876314	2.862085467874030619839231803780
7.792410262928965103412792814197	1.877191613928433255864547390956
15.647959542523317111317737726495	5.321292849099541477642105746781
18.995499704706254817665467271581	15.455060929629606647495165816508
4.855852867792578742012210568646	1.399204169172980627422475663479
16.070874487250549123018572572619	9.215512502390529547824371547904
7.767989017314174127193382446421	2.834681386058249152881671761861
7.944371591660597253792275296291	14.306754389033121910301815660205
2.004929208685420682911626499845	8.625111710904308282010788389016
16.843958850920504488613005378284	19.288654214734336278525006491691
18.672969385913049222835979890078	12.245050411189867034522649191786
3.386994536371077835212872741977	3.985730615273350707639110623859
7.649230489006460409484589035856	7.017467997496003917490270396229
10.829256114119440113086056953762	7.877021662713553418200262967730
10.758894588291397553803108166903	18.552515452436921350454213097692
14.588270174693651171082819928415	2.786507491703890337930715759285
4.202281042487393314388555154437	0.468183051364436053631834511179
1.251787718775990043695856002159	8.426052101973001029477927659173
7.886359448734905797095962043386	14.674725815931685346527046931442
19.428833544672720279322675196454	13.240807561297476269146500271745
14.520484669283279188789492764045	8.796905427351115136502812674735
6.920505891442902957066962699173	2.364102681447240783541019482072
17.349100863380055415063907275908	2.017920034415271679506531654624
8.649731263177978135558987560216	16.246593871240460060789700946771
8.261932422738407666429338860326	12.307652514277270583420431648847
1.907457039648456031954992795363	13.241616487951450409354947623797
3.784178686182736228715839388315	5.803163125485601092634624365019
11.701199882139754038234968902543	4.034944792428702520226124761393
13.971239184210993755641538882628	11.188068242733280044376442674547
15.253414956539948832414665957913	11.756047189773662253742259053979
9.205858131284575307518025510944	15.315738003660468891098389576655
14.133542894523394295447360491380	13.439708927508466018707622424699
6.561866854427678141803426115075	6.213044158286693985360216174740
9.488875748529776998907436791342	13.210961760815251864187302999198
7.606256893619841363829436886590	12.640953889891807904177767341025
16.660131394782620617434076848440	4.345522724372874456832960277097
9.571550270045065644808346405625	7.563023896951198032923002756434
14.947718001321444347695432952605	7.269842093478965594499641156290
15.401146775944411615455464925617	0.220914220110437042876583291218
9.420184086847973148337587190326	12.101769230245695396774863183964
5.849754324830596985407282772940	12.700619868833502579263949883170
17.091635006961098497413331642747	0.256045038432404226114158518612
7.486729064336609340557515679393	18.457383071631934257084139971994
9.828763716971760544538483372889	8.853604390925681855151196941733
9.029890709392407899258614634164	19.970026027206628782550978939980
7.637238026906360666146156290779	15.328676879782669573160092113540
13.219980773531144535581915988587	8.815391650099030584897263906896
19.670634763414298618044995237142	16.978884004014378916735950042494
8.585141877210919147955792141147	5.557433468829946043854306481080
19.986747236957405959856259869412	2.447630310852980883851159887854
9.375581224889954157220017805230	2.994080564247759923546254867688
3.886896504859490342198569123866	14.133642257233866246224351925775
10.189073401316017353224196995143	14.894986442166844753387522359844
10.995197939912360496350629546214	12.849089068481038822255868581124
15.910085825975315287905687000602	5.295245747261549951190318097360
18.375801460629375583266664762050	11.248313582388719922278141893912
10.535247750484810325133366859518	18.376264516870463694431236945093
14.501545788389364588510943576694	2.501381253685405425812859903090
15.242275015903246071502508129925	10.241060006453276187698975263629
15.145727871316449153482608380727	8.768200638429410886942605429795
14.303107712197018486222077626735	4.281923772317975718237903492991
15.682565409047104054707233444788	10.665419197860730449178845447022
2.990299445127731381433022761485	13.105169650426201854997998452745
16.377700900291866759062031633221	8.389100273526763018594465393107
11.096524663850150460575605393387	11.103856920993422363608260639012
9.249766285381411989874322898686	17.114904220209382401662878692150
11.508743533554550708686292637140	8.259483371219245029237754351925
8.788712714824560734427905117627	9.617201534955240660451636358630
2.509361978266684722882473579375	9.506926384540772545506115420721
16.807057159367076337730395607650	12.047069799350076380051177693531
12.391930910235728902080154512078	3.642512620420350621941452118335
12.080856055435157614397212455515	14.254296979380328025399649050087
12.166663759152617885206382197794	13.679201326951046624458285805304
8.294711321324751196470970171504	16.562831414062209489657107042149
4.905228284686504736100687296130	16.446881636390585867957270238549
3.499569524452765811872723134002	1.519452653061723168548269313760
4.141740884551765589094429742545	12.546894262469319158981306827627
17.027905256069008288477562018670	9.501769806888958669333078432828
3.046196899247907374785881984280	12.749131193364799941036835662089
6.024815823820082627548799791839	7.700824716681740511603493359871
11.184866604988917160312666965183	12.448550316043560215462093765382
13.992569333444194512594549451023	8.540254432370025128307133854833
15.888183407816706349535706976894	10.632883778424528031791851390153
8.563807418548075034436806163285	6.189488037823888788580006803386
9.618195111714685552328774065245	17.803243155567670896743948105723
13.533259677741254378702251415234	16.861431997976065844113691127859
1.868988471077384971863466489594	3.725627062554316637488227570429
10.646559995756041061554242332932	13.165239031961784021973471681122
15.660437136128162904924465692602	13.498038256632653997257875744253
16.612640008811087710682841134258	9.622587017842302969938828027807
10.565962469264890799536260601599	7.706293696145561256116707227193
16.107318861314031011033875984140	11.949741352097683844135644903872
6.838669713825280993546584795695	7.345512539669012852527885115705
18.709958006072852754186897072941	7.513163104082550169948717666557
19.720359517604880039698400651105	14.852461004500142394135764334351
8.690550972212495395297082723118	17.123935986414316801074164686725
5.356727869382493345540297013940	7.920306262332152513749861100223
18.225674301281635791838198201731	16.344095505480375152274064021185
9.748477835610886543804554094095	8.204069413031945146030921023339
12.312731211806802633645929745398	9.404032178481562809224669763353
5.407462341343543421601225418271	4.591683302486480044990457827225
6.007491636865038842074682179373	8.722699855539053359620993433055
16.454898700309822601184350787662	7.253000836733093592556542716920
17.714667853212382908623112598434	3.070203880127762907648047985276
0.531918543584922076661314349622	15.634240288607035296308822580613
7.583427013415620976388709095772	10.877851116027265732100204331800
13.055666323720979349332083074842	18.753371657347166490126255666837
4.901467093486406412239375640638	17.568896531247116143958919565193
6.071201634689074033701672306051	5.634665410072614122327649965882
16.029071098140651230323783238418	5.343375566850349756009563861880
4.728258494039318193813414836768	13.388667163858016806443629320711
