75
10.153741266357521055851975688711	5.498026819819904709163438383257
10.589872142939166010933149664197	10.051920635551756078029939089902
13.510314758715043836900804308243	7.552738319873609107446554844500
11.110833633112221718874934595078	11.584261955214206096798079670407
13.313389419098657029394416895229	11.754754066202201201463140023407
10.927320266542311699708989181090	10.033422100426573564391219406389
10.495399211478252610163508506957	11.474148474944030340338940732181
11.339792433887577516316014225595	7.565230472759038704566592059564
7.961372620233481356422089447733	9.374102686657941774228675058112
7.484785371413970267440163297579	11.561358319146650686093380500097
8.967217122793082140219667053316	9.237161662040220377889454539400
12.105236525792786750344021129422	10.716513535546251745245172060095
8.743332539244255130483907123562	10.001511285414618868117031524889
10.578568136627600537735816033091	9.800135232213893488051326130517
7.444751834977465065890100959223	9.764635822480185467497904028278
10.912035685944168506011919816956	11.470015575825506459750613430515
12.254318185095684157204232178628	8.442578796920750860977022966836
10.796031880702795291426809853874	8.073367120713538014342702808790
14.046621086376021025898808147758	10.179840218207335311717542936094
8.623412005537423041801048384514	5.856742884147422500973334535956
9.415703036644114121145321405493	7.691551959376767833020949183265
8.741736374544302634603809565306	13.328168463457924275417099124752
12.738517225397355758786943624727	9.360793726525788116532567073591
9.595412475877473923446814296767	11.361897047377253144873066048604
8.032377226490430288663446845021	13.184607291836364595383201958612
9.695101485787507300528886844404	10.444985573017648405880208883900
12.260734922233929466983681777492	8.300508211732431362861461821012
9.785616210041736096059139526915	9.208229289750253343527219840325
9.047602745704377724678124650382	11.758340256997165340635547181591
7.969380272552414545828014524886	10.532785443300056726911861915141
7.561526123444006763918423530413	7.839078633385314631709661625791
9.783364142607211988433846272528	6.708057869472721534975789836608
7.973330496625592900272749830037	8.058776739212223816366531536914
11.925006005820007359830015047919	10.744081710744859847750376502518
6.232262020088560561248414160218	9.605907419867014240821845305618
12.171859019756672282142062613275	12.694457283592264218441414413974
12.229798200879384850736641965341	9.631685690156222889868331549224
10.550489340154584283482108730823	11.600060640037948900271658203565
10.159202505857745535422509419732	10.138206442090359260532750340644
10.519952195098131397799079422839	10.981160980018367823163316643331
8.497254859669295612434325448703	4.911841312014386673467924993020
7.298391264735962558063420146937	12.113396812413805392338872479741
10.332981503699334879797788744327	10.371026740759429429772353614680
10.001134000816799485278352221940	10.744558760250857432083648745902
9.240162912045571275143629463855	8.195858790934703819175410899334
8.349045502487163261662317381706	9.267123328774339086066902382299
9.839365579106559067668058560230	8.157633118465776433936298417393
12.356898176958859281171498878393	12.458511007268025849725745501928
9.994149946830834352340389159508	15.193637283089374889755163167138
10.649298867733085316444885393139	9.060298286329125261318040429614
6.341969941930044818434453191003	10.437007369375626453233962820377
10.665039149392102402202908706386	7.612899783864296665569781907834
11.576227667441457924724090844393	10.870678378231648508744910941459
10.365218026297760900433786446229	11.669006860022337335180964146275
8.535059330194920690360049775336	9.930660330531225099548464640975
7.339164424846932099910645774798	9.746720429565678855965416005347
9.354844350015230958206302602775	9.452471226536825810171649209224
10.772896514084321140103384095710	8.295864516952073941524758993182
6.445772515268253677334087115014	9.274608933262381782469674362801
13.917566389353220657199017296080	9.217773072579745985422050580382
13.845058197061323568277657614090	11.473031408066747260932061180938
11.348081187047796447586733847857	8.819032991421899225770175689831
6.662366849983937022727786825271	9.422249475977338306620367802680
10.203019784823643689719574467745	9.715731739803779021258378634229
5.367765541451571920106289326213	7.947001460461146749025829194579
10.659247928505617863947918522172	11.735738877444074290679054684006
11.461724039301691036030206305441	12.214296656904540583354901173152
7.965055669613837707743186911102	12.213488606822352267045062035322
13.986439953897917831682207179256	4.891256614257564194758742814884
10.238418689712602827057708054781	5.182072342498551975609188957606
10.786277518672321207304776180536	12.117348587443084184656072466169
12.199095187920898197830865683500	8.487354625961085474727951805107
15.863128090488935129087622044608	12.245342867237308581707111443393
10.701652650020923474016854015645	9.731179908890277729938134143595
10.069853690293552261891818488948	10.058671798835788990800210740417
9.816620133168244777266409073491	7.911411330737754710185072326567
10.243715135960737683262777864002	9.704983874947748390127344464418
7.790508216504992589079847675748	8.596143743033513473505990987178
14.115824653146763267841379274614	11.661673859863043389850645326078
10.941650426160043352297179808374	8.828485650269843887372189783491
10.112456016878732967256837582681	10.669940837943137523780023911968
9.874077524531076122116246551741	5.792633044552411014649351272965
10.186063697753628076725362916477	9.884591012626584571876264817547
6.631213544863726383482571691275	9.562014162669752792567123833578
8.626860738848757037544601189438	12.520312350942244705720440833829
10.579011166428877288581134052947	10.370589709343104090066844946705
11.788313742240655201953813957516	11.607425155162085061988364032004
5.205260589184729447254085243912	10.638946070672815835678193252534
7.707400245665446014697863574838	8.806658775441251307825041294564
13.000809290968613041172829980496	8.449527223509377904520079027861
9.862185532983307467702616122551	11.742097698409486028481296671089
4.087688393350463300635055929888	11.336155999267656824258665437810
14.405901144181338935368330567144	11.281025827680641882011514098849
10.569735829012380179392494028434	10.090742588219375974745162238833
10.152071641906557530887766915839	9.928366210863140750575439597014
11.691752520515272806278517236933	12.418918730202507916260401543695
15.480915231274497756430719164200	7.911870969422713173457850643899
10.491724449645191796776089177001	6.107101028325965685894516354892
10.219266488316135266245510138106	13.678777457826255314898844517302
7.989215258744410519398115866352	9.566049668453500132159206259530
10.119779536363484595540285226889	7.991807344511194344249815912917
8.691631441922751832862559240311	6.401271415733134517722646705806
7.012298881836434460979035065975	9.910501059922404820667907188181
9.364961323316162378205262939446	10.440622033003949198359805450309
6.881582997202113638479659130098	5.996275675541843597216029593255
7.535560801740006198201626830269	7.029496378992754479497762076790
11.107314567617773803931413567625	10.865156666542928221019792545121
9.932719403516657052932714577764	8.566129108287569238200376275927
13.442231391212180469096892920788	9.032002090386573200930797611363
9.646439163559323404228962317575	9.812155188826066520846325147431
10.377253968691423580139598925598	9.146796615489895643236195610370
7.762950325926206929239015153144	9.801827036039624019281291111838
11.861916092710162118351036042441	10.189823950590797707604906463530
9.579463319386229969154555874411	9.728124238120193112422384729143
7.897403820352224101952742785215	10.572109624978597963718129904009
6.305487739940579317021729366388	10.576379563673270922663505189121
10.446324129740599317983651417308	12.722182090270786503083400020842
11.326698869083603682383909472264	12.014897537165250440693853306584
9.451709846546949123080594290514	11.660996576632706833720476424787
13.481895466174279363258392550051	10.600002992181416061612253542989
7.595743982088764667537361674476	9.110209475672382595234921609517
7.280906553393148072927942848764	13.883714709139214349420399230439
9.588429052227603222036123042926	7.233040011476099095943936845288
9.958968516773545331943751079962	8.330768791355058766612273757346
10.484644317684333358897674770560	12.709978322582074383717554155737
