75
8.564396651460869591687696811277	6.982482718921699138547865004512
8.493986635517735805933625670150	12.444267356793243806123427930288
8.800927927701815534078377822880	9.645063355220377943055609648582
10.122931894039332689771981677040	11.865075910510983092649439640809
6.694854774195319713214757939568	10.276800142479139310580649180338
12.836707133517588630411410122178	10.903287629355544297027336142492
9.525355459691311921233136672527	12.916746251789270161225431365892
8.348654366885643440809872117825	9.947965705729114205269070225768
7.010342947273588976031533093192	10.226845742537927108628537098411
13.693530065354728719739796360955	13.037527203584241775047303235624
9.593357087861681620211129484233	11.188942559459812642330689413939
9.093710225871312502476939698681	10.539453249717544380814615578856
14.188187417833388437315988994669	13.748175277323019471964471449610
10.884505062891157933790964307263	8.907458791682756782392971217632
6.844777534289999465499931829982	10.297030131556553556038124952465
7.670299074017901119759699213319	6.864614873982866072310571325943
9.904268052753414153244193585124	12.121280325896966800769405381288
11.983451956472919164298218674958	10.727702793061801855856174370274
9.732702069679147527381246618461	12.433821522812186444184590072837
11.946246812541662762896521599032	11.469304915201474770469758368563
10.951145422096516313104075379670	7.685379106916377267566531372722
7.229644702074733864094469026895	11.513660884504202996936328418087
9.049787014581674782220943598077	11.616074377731090194743046595249
6.212139062269109501812636153772	5.835254528027427056713349884376
12.279679342401340846890889224596	10.423290349096877349666101508774
8.190465051995312606436527858023	12.952461912255232689972217485774
11.204985582168058400043264555279	7.199652268270227750690537504852
8.821654102187874713081328081898	12.129506996141596886218394502066
10.226088249148647335573514283169	8.400819237253873694726280518807
14.284445122896773483489596401341	9.520983803106592091580751002766
10.240809252947727259197563398629	12.232811576226819028079262352549
10.332547540322291723668968188576	10.905961419604453865872528695036
11.858970494095276038137853902299	7.317259718198198648053676151903
8.187974485733320761937648057938	11.089765074566182434523398114834
10.159105013830599162361068010796	8.024355472718001536236442916561
7.931770626062450979532059136545	7.424004148512358902678442973411
7.964518468708183362991803733166	9.397997921264076737202231015544
9.584118958142729738369780534413	9.642159812857926226570270955563
15.596929366169376862671924754977	8.482997380200895776170000317506
9.093490529566182090093207079917	9.870840672413191185796677018516
11.922546129424077321345976088196	15.065205141221003515283882734366
14.155117905124752653023278980982	12.338485863525320951339381281286
8.330766450782581600265075394418	7.722638786877078054260437056655
11.135700576214579982092800491955	8.789498532062252067476038064342
8.958516732832825013588262663689	10.655232937406026394455693662167
15.112522300275610831477024476044	9.094779557142340209452413546387
9.156289498801037041175732156262	9.560147426360474653961318836082
16.204732116899108973484544549137	10.726644178311870447828368924093
10.540577958336642794279214285780	9.615630060925013822270557284355
9.218078533796012052903279254679	12.516298740533100541938438254874
13.766863631229714570736177847721	11.460529061776076886758346518036
14.779759008737350711726321605965	14.133243021268947714474961685482
10.464710397604466862730987486430	5.304770871626757866579282563180
8.179587323493505479632403876167	8.963987138369056140163593227044
7.821129314365997231561777880415	8.105109235191076066939785960130
10.775143469155635145284577447455	9.066045788497369528613489819691
8.675211719682469180270345532335	7.860442912402661796988923015306
12.417370726585446050194150302559	8.155260790944462101492717920337
8.543376887548852494091988774016	12.218407055885261769390126573853
9.594528650763795241118714329787	7.442542579539027869373057910707
10.581535902311717478596619912423	11.467409670642707553156469657551
8.218118658270682885813585016876	11.094218525509303319154241762590
10.429172711108847693139978218824	15.043243160993725382468255702406
12.014653173543893061037124425638	10.466427688055583544723958766554
11.218090047387271113166207214817	10.918750293518426630612339067739
10.051693848409547271671726775821	7.397883725785683317610619269544
9.429489858009976188668588292785	8.694626210043439940022835799027
9.960461612861214675262999662664	11.828839221714948948260826000478
8.189793590369202291867622989230	10.095563171814797343017744424287
9.413932505332191169600264402106	11.139231947103294118051053374074
7.547400549663682234324824094074	11.193392965251650394975513336249
9.266909432430946225167645025067	12.230064928521013456474975100718
11.126642449472610607585920661222	9.476335002262594287003594217822
9.315392319425980005576093390118	9.719783146887230884658492868766
10.740398112331151381226845842320	10.661579731664568626570144260768
10.546918694618506506799349153880	8.749215312821478462979030155111
11.345053526511227559581129753496	10.124430305072090519047378620598
11.326272310674173837696798727848	9.361307857249469677185516047757
11.164874951580676665230384969618	12.150124580233802262796416471247
5.966894025110015320478851208463	10.980120549743078939286533568520
8.195392894114901238822312734555	9.683626757792762163035149569623
9.572356347050487102023907937109	12.034988633297453830550693965051
10.831283864921241288925557455514	9.487342649990198495402182743419
10.143617285272068073709306190722	7.794120700043858818162334500812
6.901017349406357581642623699736	9.555005433462685715539919328876
9.358402481784892756877525243908	7.802969597647942734397474850994
11.370357413919244038424949394539	15.961290304599096145921066636220
11.593944241646630288755659421440	10.439210434645485037208345602266
12.615754927171989763223791669589	8.317473827002050512646746938117
11.098862159415462613765157584567	8.443435261606284214508377772290
9.935161329161836363255133619532	9.996623830548641009841048798990
10.527952563278349273900857951958	8.369744183730592368419820559211
10.093829245715982168007940344978	7.706327768578111303554578626063
9.762884837951533611999366257805	10.010293121331942600704678625334
7.987937775858028999209636822343	14.938631972805367809087329078466
9.508050096697715503069048281759	11.234516552757549234797807002906
9.849944778689014412975666346028	9.908771144129429941926900937688
8.811650855119637526513542979956	9.874435438542539245077023224439
8.181990048292446360278518113773	13.334451985384369265830173389986
13.661877487268181852186899050139	9.144131435052694101273118576501
5.861583309002484476479821751127	10.061965824094091459528499399312
13.193792750957793913357818382792	9.477359536492027558551853871904
9.940458697643830277002052753232	8.387922590316659210429861559533
12.692249406944975831379451847170	9.514054774505060763090114051010
8.430934952867488618721836246550	12.460656313033091180386691121385
7.321224793131236197041289415210	7.530558911542068578626185626490
12.886553615490436541790586488787	10.194141053712831634925350954290
8.291893413470969420586698106490	10.764175755074191442872688639909
10.204903233248144189815320714843	9.527478464677637148838584835175
11.223734981971997370919780223630	10.244226037992406830312575038988
8.348090509508722334430785849690	11.613779007575114832206963910721
11.091632423738296608917153207585	11.963754209430868868935249338392
7.697445573647605066014421026921	8.853861909133065921650995733216
13.585704972519675237663250300102	7.912847904985524039034316956531
12.099284741110846397305067512207	10.332288563798716296560087357648
11.284210901797164794402306142729	13.916799963190081612651738396380
7.914101118018102454243489773944	9.411856341115317547973972978070
6.953468647372236688397606485523	10.220004868747549764407267502975
8.357893762331828568790115241427	10.486554526224811212387066916563
10.200018338069327228367910720408	12.562455593374576068299575126730
6.747097866071849914249014545931	9.338646652690023586274037370458
7.024701614388034975888785993448	5.477262644520355827637558832066
12.036452387510893302646763913799	14.508905520426090163255139486864
7.408213160759277826628022012301	10.171972179225502230792699265294
11.877402983835406047319338540547	12.234317650310607916708249831572
