75
6.243583542527939123090163775487	12.365829380077745014432366588153
15.022252321201573721509703318588	19.681913523702661450442974455655
9.531684576300516908986537600867	1.798173274823144929257523472188
0.383258497377745754874922567979	13.799451547803554873894427146297
18.541517711449518657218504813500	1.747498031856815625673107206239
19.443440330540379790136285009794	14.463578701107410395820807025302
13.984002823516936686587541771587	16.487998220673912186384768574499
11.024978661377907940277509624138	11.475803034332628271840803790838
15.326755072966484760854655178264	12.359615406090490807855530874804
15.222312099638836357939908339176	0.035234125380411818184711592039
8.828949738834714011659343668725	15.746239312293534240438930282835
15.891461022619962406565718993079	3.658707540865107077365792065393
6.128305949816981623712308646645	6.012354635850341466607460461091
7.067561440701037867029299377464	2.355731591193609641976536295260
15.245048281513701837752705614548	12.143138045603175001474482996855
10.563113471797095144211198203266	3.647967877719026308369620892336
6.604378282956631984745854424546	6.640622171875920187744668510277
4.422870126742943774900140851969	10.854000833310555762523108569440
11.833984655751265790968318469822	4.386840787125328766649090539431
0.787438877196915854028702597134	19.642197733149423299892077920958
9.759233114292952038226758304518	10.560872731351206965655364911072
5.457618548980119221880613622488	13.160382833749823205948814575095
4.829073389727583709429836744675	1.787677063734834259633998954087
12.744355682017726394406054168940	7.480789037218367631965065811528
16.771489106675723235184705117717	6.346569163044043726529253035551
12.662392482425595119366334984079	12.668688000726547215890605002642
6.627963006147171931559114455013	18.953815228866631059645442292094
3.957874368947953414021867502015	6.481198963923495703909338772064
6.516332199569450089882138854591	5.957191226926692451115741278045
17.302749510357976703289750730619	5.515726917582581378951545048039
14.363526861641567222704907180741	5.639517909535980422219836327713
16.488428931917400888096381095238	14.887435179800185380827315384522
18.753871184764687285451145726256	16.229037609079043136262043844908
13.814713245196188040608831215650	16.147114920141060423475209972821
12.992711208751622109502932289615	1.678262893217275841806213065865
7.334772195142216233421095239464	1.990814761719161163355806820618
3.198338010272059772631791929598	12.351444606568586337402848585043
4.767236179167215759377995709656	12.009133615182220111705646559130
7.743845213928380211143576161703	9.935356162152183756575141160283
13.749580167066127955877163913101	6.985609895006883007795295270626
13.662324516648347128011664608493	3.032318902340733313138798621367
11.845826507127078741632431047037	19.196409759757024460213870042935
16.660881142630191931175431818701	17.369662755147114552300990908407
2.434443571704532072175197754405	17.113089968210598357245544320904
11.929933186896152008671379007865	12.382511854473733592385542578995
4.744915189635760199848846241366	16.549427785081203268191529787146
17.488779021773215305302073829807	14.079930896866956757662592281122
10.296539796932616894764578319155	13.578163365327290179607189202216
6.475117609485931957635784783633	15.352039666225369529684030567296
4.831733631095575631775318470318	3.974318679795990849612508100108
9.872653825854891707081151253078	13.448146909960179584686557063833
14.983041639789963284101759199984	12.036573851823497705026966286823
13.500638787134118246058278600685	5.902735466708720402095877943793
7.380489424707570300654424499953	18.738337920479366971449053380638
3.663526334728547162455924990354	15.855718642488964675862916919868
17.915127749618239505480232764967	15.431733739460085530481592286378
11.530467268668692426558664010372	8.052274848558415243360286694951
0.138949539811061617555765224097	18.993816800448339421336640953086
15.343890378249430028745337040164	15.396469822335976829208448179998
14.004816354170873893281168420799	18.763087369317055674855510005727
9.294452409489197819425498892087	5.947921276466567874763313739095
16.658431946378367882743987138383	4.089044986321704655551911855582
4.716615706398776808327966136858	19.254135245025072009639188763686
3.285299808876791072265177717782	17.325334557529330936631595250219
2.086057383825262956378310263972	3.747167606725995803174100728938
17.198024463949089124525926308706	5.902823403037972482820805453230
11.996452439978972037692983576562	12.653598179485380015307782741729
10.593180198798833657747309189290	5.791033173317855720085844950518
16.024686466234346227111018379219	8.745510842757898473109889891930
12.118355655288938876879001327325	6.721407935692808699457145849010
5.051005845891098466893254226306	7.994316954835610111729238269618
5.165513124695209512537985574454	12.516007888299361283657162857708
2.234360410912825667395509299240	8.595895887481365349458428681828
19.344657761801489215258698095568	10.044019540526438305505507742055
11.020516533732093833464205090422	9.176779760334136781807501392905
17.475283823340731714779394678771	5.086049302093101687205489724874
19.825751866094975639498443342745	14.650563088640671693951844645198
8.899380093807620184520601469558	4.065851995236961613500170642510
7.761727908654569851876203756547	15.074379456008241362496846704744
1.178295327119220692324574883969	5.131065750918684109649348101811
7.350651404840567337828360905405	8.269164568868266229628716246225
13.845931811032221148138887656387	6.260781130041292108501238544704
4.338672402423297214113517838996	11.124156218413453700577520066872
16.222713077654692170881389756687	17.061764568136805308995462837629
0.930098114966774192069465243549	10.301468014513044835211985628121
10.561974661783308349072285636794	8.506047962712782961602897557896
13.427119418762959668356415932067	14.170431009701140112611028598621
15.294421197934443767962875426747	2.978167122149898649041688258876
2.387496259837848189278020072379	7.005184737898980884551747294609
18.064491954926204186904215021059	10.811792590328209939798398409039
6.656152689253017840087522927206	18.356826906891434703084087232128
7.748940961479149791557574644685	12.925534767541847713800962083042
5.787985845710982069078909262316	18.557147628904939296035081497394
14.684021379772989490675172419287	11.644280656614631297429696132895
1.086309327446086214763454336207	7.963163321864515253878380462993
14.115593033892420038455384201370	8.651575412847906321189839218277
6.714446105065701608793915511342	7.409683752670057188538521586452
16.072785632203636652093337033875	12.492090695249935095034743426368
5.808743796464144182323252607603	10.216721857877207213505243998952
14.632829673671244208321695623454	3.467084550624867311796606372809
4.858923393782387023520641378127	2.949956082411257618502986588283
8.417511076158909588684764457867	5.636037597218462202874889044324
15.183892703153411218863766407594	5.121783412386471390220776811475
12.412981107081128229197020118590	3.954352540316201647385696560377
19.852713165087696012278684065677	13.220171297076158012373525707517
11.002190503816711597551147860941	6.763816853343285195876433135709
16.571914848790605390149721642956	13.203806477177199241168636945076
6.099936293835216183367720077513	12.603511347200869963103286863770
15.085416461626254047700967930723	8.654682211706736794099015241954
1.203743309496819513526588707464	7.021798059252017054632233339362
1.816049702219717953965982815134	2.867356320943860392702617900795
18.982461947927571799255019868724	9.162912583510903985484219447244
3.501555954655990454682523704832	12.967318980154306728991286945529
6.447928665199635922533616394503	14.396718114053486559100747399498
16.801429328780500327411573380232	1.873179512314654848736950043531
4.488459388811135042374189652037	9.945247057822006908622824994382
7.716673602533407283488031680463	10.290856910883645625176541216206
15.606792186512802089737306232564	5.194691156673537868471157707972
4.073336305013865121793514845194	14.261694476204681336639623623341
3.665038896928987544043820889783	3.737857037068161858428538835142
8.377239377558595379014150239527	9.476053916195194659621847677045
14.377429501398543365553450712468	1.130268893231206384086817706702
8.220723484225095134547700581606	14.935733825807881558489498274866
9.112747463263939806665803189389	17.908980715226935132022845209576
6.528963866957369965859925287077	9.333766260552247118198465614114
1.553259378327893625026945301215	10.494187210571293888961008633487
8.279270468927265369529777672142	19.673889554027308435024679056369
9.570813977604363032014589407481	2.722046760726867908886106306454
7.101491515367148288362386665540	9.034906224188928192120329185855
7.371345639415211259404259180883	10.143125394663234928316342120524
9.532730290980826026725480915047	8.460786435366612678876663267147
0.502659562220744371430214414431	6.593163791298528586537486262387
8.212322652258249533474554482382	0.305002907460713457155065952975
19.642888954323332484364073025063	11.779074028732770429428455827292
2.606531804254495821027148849680	8.975610343678388503008136467542
17.369214486431289401480171363801	7.018025530142207202288773260079
17.433192650411552193645547959022	16.871964859328887342826419626363
10.836689305078238021451397798955	8.742006649337342949479534581769
9.093015382002628044233460968826	15.417720489455001953160717675928
17.482765463620086876517234486528	13.992064593302496078308649885003
13.947746830875644263869617134333	16.313554633518229763922136044130
17.670455595233796941556647652760	15.005965549717473095370223745704
10.009429109436901228491478832439	17.819155336076295981229122844525
18.292625637654637671403179410845	16.639710991728492217589518986642
17.947040250138929451395597425289	18.098939487774789114382656407543
18.219800368264898793313477654010	2.207687361042076190642546862364
18.386239067882272024689882528037	17.152255744994054253993454040028
12.919284682381052320465641969349	15.405536675579456939999545284081
1.561013991587922422610290595912	15.315378976820943179859568772372
15.956564320166300774417322827503	16.442610012211517300784180406481
9.604282154197681720120272075292	17.114513927637482026966608827934
9.437878488732390991344800568186	12.991269894366055837053863797337
4.673108446009037741930569609394	12.940432576974577827400025853422
7.057129987756981748248108488042	13.630758851689114052874174376484
4.449438991065409965131038916297	7.648495147092766899277194170281
10.879058744089435961654999118764	16.858950009572826189696570509113
6.505460687231267691288394416915	3.021147195938609364418425684562
14.264084021506327815131953684613	10.810839642926366011010941292625
12.519301716806264579417984350584	16.707277565698014143436012091115
7.198519608148529869140475057065	17.309225199821721474791047512554
15.757945762321719840315381588880	3.647820080666411612924093788024
10.674100725942821554781403392553	6.995584529526710504399034107337
3.058429031149392240962470168597	10.995615123219387498920696089044
19.742607784977749929566925857216	13.954802354797759988969119149260
10.323363416639248058004341146443	10.005219714063787961322304909118
3.769106942500640045068394101691	11.377875736691374086717587488238
3.046851455701380384510912335827	12.734111808297900125808155280538
10.940571754331669396265169780236	18.472535968589941290929345996119
16.271272473149586801355326315388	16.881841620808970105827029328793
16.413165796632132042986995656975	15.098453253363805615094861423131
11.373594536223064821456318895798	7.616071321992724740823632600950
12.946652294431038043853732233401	2.068808317293710175022170005832
16.482953493974584091574797639623	17.373674992684495776984476833604
1.041938744254812032608015215374	6.946533793066341999633550585713
19.279597385517877938809760962613	9.662696455864328015650244196877
18.940523324793616666283924132586	5.699413114492328347182592551690
13.361952581287679819865843455773	3.925187599557554918305868341122
14.951998658359689997610075806733	4.254765277471197038039463222958
4.106359833224906275006560463225	0.322347526574462639459284218901
7.443546265389985094884650607128	10.406490706326703588047166704200
2.785041152307122125364458042895	15.453448151087444628615230612922
6.990588420067714636729760968592	12.749070381882908975512691540644
10.793877250116588939476969244424	19.930655028311488052850108942948
14.305826743415545720949921815190	6.106740310040244423817057395354
11.557929254142289110518504458014	9.370614144238823328691978531424
16.747379969975956015559859224595	17.267860477941759711484337458387
5.287812627851145919066766509786	18.438446651126199071768496651202
6.701909921880948139971678756410	18.713523072489607557145063765347
17.689173320492663776803965447471	8.267310591007959175158248399384
10.982185494139406145563953032251	9.994429101606746357333577179816
10.326342236117065809253290353809	13.166343030942387670734206039924
0.845270350004626802586926714866	10.424538424180132878404947405215
12.459558571847159313961128646042	15.011819121264410981098080810625
2.062768797276847809740729644545	3.603298512404603748393583373399
8.187151192984739367375368601643	7.222748839193410930192840169184
19.766197285530825666910459403880	9.085482539561482440149120520800
15.474134202390544601257715839893	10.063979021963122661986744788010
12.398715525813127413812253507785	15.555488635166216937477656756528
1.136966259506470233731079133577	1.252612973933649564983738855517
13.218392086736205470742788747884	14.237158052501152738500422856305
