75
5.737238629698159009251412498998	5.547351089383686151279562182026
10.238932007062423679144558263943	13.372241939039643199294005171396
9.369630115937148673310730373487	12.958997737364649438518426904920
11.096521297714680542867426993325	12.000651982348060187177907209843
9.703652337755970691546281159390	10.143927107075883853326558892149
16.532447606615001234331430168822	7.696545647532929024237091653049
17.128416689329476696457277284935	11.700893744687318687169863551389
7.417951170846122543878209398827	5.636618504470486179513954994036
5.564751950919133882678124791710	19.836230579182132061077936668880
16.285385876889581169280063477345	11.119611811509960475063962803688
8.035550990122491299416651600040	14.413420848839670895813469542190
13.118151377241980881649396906141	12.085263894740863932497632049490
9.676765994037241469527543813456	14.779412438456050793433860235382
13.929836528134231343756255228072	9.726645980467806040792311250698
7.138722136078587965357655775733	7.801149901308958689583050727379
6.633068864030913225349195272429	11.767484277755107413554469530936
5.552786329350496430379280354828	9.326415650684348079835217504296
15.397624057645863615562120685354	10.728982710330086547401151619852
12.874036280729731274163896159735	10.448039924679672907359417877160
8.304608499370871754763356875628	6.401347583451133971266244770959
6.296035261198822396977448079269	5.298498828481640998688817489892
12.887581061668207382808759575710	7.147689304963138035020620009163
14.261126282667607512166796368547	7.250953110350628172398046444869
8.021539851266359377746084646787	9.111938978673400413299532374367
18.679347646330647592094464926049	7.082823732028776575475603749510
12.270891168148057914777382393368	12.370464300237539845284118200652
12.911290522505808553432871121913	11.014668502887083434416126692668
10.148460366255552145275942166336	5.742487661980197444222540070768
3.376107576216771377630720962770	7.611271797873726541183714289218
13.778086097100686657768164877780	11.826186907726780717098336026538
8.257673002152733587877264653798	10.411448818320156561867406708188
7.947153347501674680586347676581	2.219090095179404364955644268775
10.839327104748612384810257935897	0.094577265958582401594867405947
9.966637992222741715409028984141	4.835584448231635690262919524685
19.872765209527742058526200708002	8.584325837716479057348806236405
12.976292959104158697414277412463	7.112945363071654369946372753475
6.653007007695480368170137808193	4.749373567797668727052950998768
15.654866971283013299398589879274	9.392112940344718552410085976589
11.613534494711680977729884034488	16.352741075808257420476365950890
8.963363590232662048151723865885	12.066196539069325766035944980104
9.260667042867252618520979012828	12.527732747819575465086927579250
5.352887740141262895576801383868	9.524592247385598398068395908922
8.587496196456569919064349960536	10.413658263370228596045308222529
8.240205067433935326448590785731	7.127569445348958865338317991700
6.775271318130998920992169587407	12.853161232029775007390526297968
6.904616097810100328047155926470	12.512079713882386045042949263006
11.711559588994864711253285349812	8.783356259601390547686605714262
10.204951888728537312545086024329	3.972448747361428722513210232137
11.580897176398011083620076533407	17.766554192211245322141621727496
16.588143999532405814534286037087	4.524650933222301496527961717220
9.347376364457874231561618216801	6.510843799349674831944412289886
11.036811227769907972628971037921	8.115156473895790867345567676239
7.794218978865428582025742798578	11.277468795601961915053834673017
3.361716870305713200650643557310	13.066711901180736887795319489669
9.749616326883472794406770844944	14.694292937613809613139892462641
12.009318876130265607571345753968	11.482261503579229255933569220360
5.633717298212714830185632308712	10.110856233818749316810681193601
7.823461235378002420759457891108	14.079799998042897613004242884926
13.612881958607925270143823581748	7.433685239668422539693892758805
14.085282304416171683669745107181	3.655529498798928855762824241538
9.552929151475895608314203855116	7.340517317917059969545334752183
8.230043022168462840681968373246	8.717813909369271030413983680774
1.530398471374487812113329709973	11.044016293171212694801397447009
5.878326912345456456421288748970	9.369054777504356223971626604907
8.169591907256251062108276528306	3.590083850730397152517525682924
13.864396673029183659764385083690	7.977967199409926379871649260167
3.925481396539201917050831980305	10.453412807246710514164078631438
11.027141747900229162837604235392	2.716206702577805387477383192163
11.489112133278570837546794791706	12.847492533722785879035654943436
14.721930666170344181864493293688	12.070611966708840512296774249990
13.491869223862115845236075983848	13.751703879254851159430472762324
8.687665796627994652112647600006	10.681158958721541196723592292983
12.741183805431111508710273483302	6.036364623692419328904179565143
8.728989377427053497626729949843	12.829571885832304900532108149491
7.494526295674113214317912934348	10.509584229792150011917328811251
14.661650148299635532112006330863	4.025133924597828816160927090095
11.033926543469579684142445330508	6.773425585995903830394126998726
2.041446326293741009294535615481	11.123432941870294854425083030947
8.332827738988200394487648736686	6.086103061363564492580735532101
6.005428106457996406675192702096	11.486667198081750740357165341265
12.936159819607393473006595741026	11.510482199968855354654806433246
12.994971307171141461367369629443	8.269512430618632947698642965406
4.564532110165311351579475740436	12.783694714208234444186018663459
7.207598525998140104320555110462	8.428727469488110912720912892837
15.268201036768846989843950723298	11.090940482683841139532887609676
9.562812168790705058540879690554	11.246898659528174135857625515200
5.548059723680728083650137705263	9.926254145911361348453283426352
8.717913670448748320040976977907	8.181482487778328760441581835039
11.575607552008337464144460682292	12.696457634765437205714988522232
0.214932905405195384673788794316	9.639478649526827425120245607104
13.370130974424171199643751606345	11.730278119356382759974621876609
5.554673403237281981148498744005	9.314419007093182045764478971250
8.995037281733335277067453716882	5.347442429481156445092437934363
5.335541458015769400446970394114	5.151972171684263912538881413639
8.943178024265264980385836679488	14.768101398613454833252944808919
11.148360089419906415741934324615	10.063206101583896057150013803039
10.790013428705416131947458779905	8.220201178907762695757810433861
10.688451696483870279053007834591	5.580566017020107238977288943715
4.048925508783707272186802583747	14.315596907270990101324059651233
6.947296761526046360302188986680	10.471488728738018281205768289510
9.779602618090908805470462539233	2.065983075299040017114293732448
11.777015421807458750436126138084	17.458792679375267908881141920574
12.102232191633440550049272133037	5.799385659817014371242294146214
11.959666844870355362218106165528	9.053875662215352448924932105001
3.783554501128845615198770246934	5.913824815940049717255533323623
14.226289664782690636002371320501	9.665761308565675946624651260208
4.356824520566269676180581882363	12.307547315700858803211303893477
3.394939655753508311875066283392	12.887628926801063755647192010656
10.603071455078946883077151142061	9.462699536840542435811585164629
12.130136177165530497745749016758	15.850763743314239206938509596512
6.452370855835225071928107354324	10.615581703274271418990792881232
7.790242291993996204269024019595	8.977497765839091314887809858192
12.474451569925850691333835129626	13.574137570229861893267298000865
13.691765662727791053043802094180	13.504155083546869775545928860083
10.361064398946250975086513790302	8.842795510752175403013097820804
13.645460868284676081430006888695	12.805191055414056222616636659950
6.260975343381547375543050293345	17.005381128497056408832577290013
4.230182451026233358959416364087	11.678124194536913194042426766828
4.204976197324058695414805697510	11.098857691722464835493155987933
5.793572223503681506429074943298	8.807019551233214116336966981180
5.347458354042001538175554742338	3.467676541792385158657907595625
10.814126888968168316296214470640	11.787514420067779497003357391804
10.017242381707077925057092215866	12.897046669709901323130907258019
9.821050068799273446984443580732	11.005463920113879083828578586690
4.250335724791467484351414896082	15.658740846815465630470498581417
