75
10.823854967048353259428949968424	11.967750469952621372726753179450
7.857181126302194229538145009428	9.263463630216861588451138231903
15.206635496825299469492165371776	16.113762396217751415861130226403
5.201138225764196931777405552566	8.290044898229616876506042899564
8.819516514148483921076149272267	5.767139076323729796058614738286
11.024910726016400985827203840017	8.652270353445745243448072869796
5.512100175517797850943679804914	8.242085920872280979665447375737
8.742370458958149015415983740240	11.660758538408039441947039449587
8.650678706777199522548471577466	6.293678047779690309937450365396
6.724257169898073982494679512456	8.837151987331365532440941024106
6.917367687861246672298420890002	2.507851885952067760854333755560
6.673428744407189583398576360196	8.023699510466668627373110211920
14.534976999834967159586085472256	14.802701002044347688979541999288
3.429478262310140301849514798960	8.719057267485140982898883521557
13.898539751641042272467529983260	6.975262550946393247386367875151
14.401839402027526659821887733415	12.289368696837774663777054229286
10.753725997904362898793806380127	9.005735724780082662732638709713
11.635438836582814303710620151833	4.703314015990274654654967889655
7.524205322246356963944435847225	12.599966020636728103454515803605
7.526354213974836504519316804362	14.089662935255777398424470447935
2.850573918812574270020832045702	12.740068539615000631215480098035
4.393294757643809056446571048582	6.042097623038349851753991970327
3.168701041073783031265520548914	14.188687421098087781956564867869
13.077394476830534131295280531049	11.172687903397314101994197699241
8.309325261517951588530195294879	5.814995656811746904679694125662
9.230599688484655729325822903775	10.527211945227556100235233316198
0.755971365688253627013182267547	16.404883068488416597574541810900
14.513078033785415499323789845221	4.871394795847839631619535794016
7.916825915670134605761631974019	4.327159268583010920394826825941
6.786278139077033699777530273423	6.554488690820461371799865446519
5.309020901856400520557599520544	12.805598685452103779880417278036
8.538776013129124820011384144891	12.694237405109436878092310507782
16.702573672713654673316341359168	15.093532929766290351381030632183
13.213380909055040035582351265475	8.404408102356153875689415144734
15.515286409497889508202206343412	10.874775837721630367127545468975
14.186801970073753764722823689226	5.708108640587189697157555201557
6.262541597934919934687059139833	8.818584179935346156753439572640
9.361350853612671940595646447036	11.183860732828001971483899978921
12.849533496432957946353781153448	18.451712901120160381651658099145
9.803964903495366201013894169591	3.581080665485084857380115863634
14.229363508352641076726285973564	14.248265501329402837882298626937
12.656720902973431108762270014267	11.298057390569917757261464430485
6.215159266256839565301106631523	12.040982576805518533547001425177
16.135149410173124095990715431981	9.853417887909307282257032056805
13.565114146795377081389233353548	5.818832825631818472800205199746
8.968862003577736885517879272811	12.365431960807995892537292093039
10.480667672524552003210374095943	9.411950261279406149128590186592
12.284165347667785894714143068995	2.204449399918767760198079486145
11.669238780485212458870591945015	8.112535350229329367266473127529
10.425799577166568354869014001451	9.791883838775190085357280622702
14.058930943273253433289937674999	11.900179397945301218442182289436
10.840794955156649592709072749130	13.283070674916192643877366208471
10.579990064864055909765738761052	11.464133027181375723557721357793
13.966477516754007837107565137558	10.236193043780948741527936363127
13.995539199256468165799560665619	10.694639705883647096129607234616
8.384396679107032568367685598787	7.922806087945614805789773527067
11.697349591740985985666156921070	8.950798164777477694542540120892
10.911888948198846804871209315024	13.299556686117123049939436896238
10.168759760853777862621427630074	10.647469134373867660769974463619
12.983329427408467182658569072373	13.554106721270166246995358960703
9.750672655552321543837024364620	7.569642639068503875421356497100
5.618864563627900210462939867284	14.895660968819704805810033576563
10.784796084410391614483160083182	13.078336593350531558144211885519
13.285700546748929085083545942325	12.838093330777603284786891890690
3.184384544563301666642018972198	10.591011475201529634659891598858
11.857648750265607162646119832061	12.695618650673640814829923328944
6.831244985251303525330968113849	11.826352863742055632201299886219
0.970970986469495755954994820058	16.494833196912715322923759231344
8.064940459318494347940031730104	12.879939886160780559976046788506
7.393651706938344503328153223265	12.573959005274021549780627537984
9.215089469944928168843034654856	11.614253472446916859439625113737
7.900106088851284624752224772237	11.565972813517500838997875689529
8.053783402104556898848386481404	11.262809447213372848750623234082
9.528578341904569981579697923735	1.923920188169409684064703469630
3.138315907226990830736212956253	7.535124620154430630236674915068
12.949735776149987387384499015752	6.766527734577787001057913585100
8.422285061206181921988900285214	7.835159726533630575318056799006
5.577997208573210130566621955950	7.772295299014665204140328569338
15.599837344795922433604573598132	12.269743456434303752189407532569
9.788726531698261013048067979980	0.271616939153629388670196931344
6.796792099019739907816983759403	8.267518839761125448717393737752
10.112109761318833989207632839680	12.713324779116776497289720282424
12.949869659653751696737344900612	10.505568725221076320508473145310
8.564451366234228757434721046593	7.435335267054552943477574444842
3.947079324595988758517250971636	12.318044538173751334397820755839
10.334286825819923194558214163408	12.676550943880988242540297505911
5.709366896161935933662334718974	14.623730828082486254970717709512
12.147352186651296790387277724221	7.629743962145958846576832002029
11.437235123796035907162149669603	4.333370669483400661192717961967
14.573082319751794244666598387994	12.602390794212864122414430312347
14.621619494487074319977182312869	16.296749612154297182087248074822
7.074499284365801443641430523712	2.266719285710340869854917400517
12.367080380703058040126052219421	15.562381021004465964097107644193
12.295073217738270443533110665157	5.984961384441094267572225362528
7.202453084867300070470719219884	3.010853102469369879656824195990
16.803504130547956663122022291645	9.333353929130073112219179165550
12.325684868373576463795870949980	11.890301011703133582386726629920
9.289708533570710358162614284083	9.108851700274625429187835834455
6.629018214176236156731647497509	11.942099733152865326246683252975
17.586050557428578144936182070524	6.316576569080441849735052528558
9.046719371846730695096994168125	8.992828462197092420638000476174
10.111374076877753580561147828121	11.102331486718428621429666236509
8.035009220504800708795301034115	15.436384813865096532481402391568
4.442832134469279381505657511298	7.215554909315354592536095879041
11.600476223292638167094992240891	13.132041895180707413715026632417
9.661672471678947715645335847512	8.909814851104149724392300413456
11.195995202279370062115049222484	8.901325493025172619354634662159
16.790218694880518768286492559128	7.819955185519358309420567820780
4.575004466418088888701731775654	14.544799671984520728074130602181
17.399069426755659151240251958370	11.620954855450539966454925888684
7.477191273324660159005361492746	7.902112951890728709258837625384
14.092250056798262036750202241819	9.139052210318604707595113723073
7.234067653921551155349334294442	11.670354848706807615599245764315
6.494903338493683619958574126940	13.682606041512762828915583668277
12.613718247723525678338774014264	17.283023161589746052868576953188
3.079742551443064080274325533537	12.425122127637592939208843745291
9.698803847075023298884843825363	17.612657857410116690743961953558
9.316491223137246535657141066622	8.576608830244660808261869533453
10.284330133040420207635179394856	8.284380960884195843618726939894
5.324107919409707179170254676137	13.699308051903537730709103925619
10.394718313674067289298363903072	10.390680589031475733463594224304
14.449233313414286072884351597168	13.346213545669812106098106596619
14.700279846778455450362343981396	13.787041032135718410245317500085
19.194745711008067701186519116163	12.587813805581287596169204334728
10.353606357677147542517559486441	12.105808257600378041729527467396
