75
7.981239823784909148685073887464	15.249720069888876849972803029232
9.537953788707923763467988464981	3.470944761689678692562210926553
12.300783020022942437776691804174	8.049556639056673290610888216179
12.566785315896829899884323822334	5.456300591355450535502313869074
13.479999524734621374477683275472	6.508150858511805303407982137287
4.439239188926890733455365989357	14.534216531651338755182223394513
7.714929324015621148191712563857	10.641306344414660500774516549427
10.122450070734911875547368254047	18.594867997718225183234608266503
5.190709488292180928681318619056	12.579359835681012569352787977550
11.789601227631013813379468047060	14.130031566227081896158779272810
12.710134555061955552446306683123	5.829620249995187464264745358378
13.163535722582137665881418797653	6.525681212842235900950527138775
11.127675228036389754038282262627	18.540962697099864442407124442980
5.564813425451974104873897886137	5.052917152506100961772972368635
11.821114833670968380374688422307	2.460221330514572812830920156557
8.810953685007198998846433823928	10.882009692594735383863735478371
6.164642353089797133236515946919	12.584957927445243441866296052467
12.313781258843706112315885548014	8.220940397090755524800442799460
10.481059076537311725019208097365	9.211031435434579250909337133635
13.753810623805065915803425014019	2.774268307966258895191913325107
7.658067887210568081002293183701	7.800980256957235070558454026468
13.472598256646392655966337770224	9.462187894240161156744761683512
5.381155268669395752567652380094	6.665293521433076406879081332590
4.295875800396382615531365445349	14.355785978550278159104891528841
10.672674097448750174521592271049	9.629979231466510469772401847877
11.012320425857350159049019566737	10.961345258281657066845582448877
7.546691287340420828400056052487	1.197282999966756023013658705167
10.515602031311690467418884509243	15.465731105907238429608696606010
11.070948752063083375674068520311	7.416059512192789249240831850329
13.896728050822618527604390692431	5.393541575438825397270647954429
16.081521513551262358987514744513	6.601217895824158077289212087635
12.383470187347777269337711913977	6.054704564453887272179599676747
7.460027335365428946545307553606	16.434232404728987830822006799281
11.652131418167389398377054021694	15.401573877927356548411808034871
14.030240381087612178134804707952	19.708480972963300814626563806087
6.053496564852371975007372384425	0.949053572229063391318959475029
11.007156191896930508278273919132	14.016544527647660345337499165908
5.806381002675718328021048364462	16.565942854124092065148943220265
3.270434984075847317797069990775	10.365603013910945406905739218928
6.721400446018835239669897418935	8.898568791733840299684743513353
9.503626967651898738154159218539	11.754327038980697750503168208525
9.993337276332487917329672200140	6.820762735716264124619101494318
10.109863333471512447658824385144	13.262640434882035478381112625357
7.530948063211351239942814572714	5.680105444528122049518970015924
5.512027584515902134398857015185	10.970333847562224960370258486364
9.675405802703005875287090020720	11.606783323344661340570382890292
10.694270980136829862772174237762	7.278970780212061342240303929430
10.239386279298516413405195635278	13.215965008505499156399309867993
4.179648634518053462727493752027	13.717043112843249730303796241060
8.454941406058001263090773136355	7.868266586445444410458094353089
15.740338330997840188274494721554	8.062658591981209710297662240919
10.765535726898109558646865480114	8.065546063056446612904437643010
14.027902687134087500453460961580	6.800695878477435840636644570623
1.428111130504442272126652824227	11.746067718714307659411133499816
12.277496498956887549525163194630	14.798612317662659165762306656688
14.176547942505539623425647732802	2.956409009239163054871823987924
16.921620328370963193265197332948	14.151745569842400840343543677591
4.493480893039557777512982283952	16.160666041732884679049675469287
4.797438752128023509158083470538	6.818007294704642617944045923650
7.199011819068770634544307540637	8.062466074870499710414151195437
15.675828872734884456008330744226	11.777101512117569726001420349348
16.959230007753909319490048801526	10.046333003865651534169955994003
12.940939213140859820327932538930	3.278239629904859953057894017547
10.634606472237308594230853486806	10.637411230197548306364296877291
10.091481438855796071152326476295	9.765778255439652610903067397885
9.520774515749760524840894504450	14.180701472199004342655825894326
11.638796252865525104880362050608	13.537215322323522315173249808140
14.762148348613468584744623512961	17.393252810537219943398667965084
7.802877777910694589991180691868	7.650315488828219656625151401386
8.873426635194606504342118569184	8.797121587151284671790563152172
10.099632594063033153020114696119	10.992472655998232866636499238666
7.699137500038326642481933959061	16.816824786221879151071334490553
11.276220968012756529219586809631	11.327361848287054613138025160879
9.717804632261877628707225085236	7.322766774066872486059764923993
9.374223667269411919278354616836	11.155331305735412428248309879564
11.174137914688138550900475820526	0.655493373958631053710632841103
8.212724764935540378019140916876	5.607874670389632498768150981050
13.914845923920122316985725774430	13.140804058922697095113107934594
4.157906804674939671429001464276	7.259051864033766676698178343941
5.567727408406841327348502090899	2.926548908507180968285865674261
9.881769899323000316826437483542	12.839413445993475448858589516021
11.226908967256095550624195311684	8.228904534543586279937699146103
7.621030167090683704600451164879	8.789228400814767638848934439011
14.254234611494840834211572655477	12.858894988599903541626190417446
12.477808270887059904907800955698	11.878148299785770802827755687758
2.955301632997955785242538695456	6.615375188179785759245987719623
12.582821661780590360990572662558	11.404441349706678110464963538107
15.444216631128806938022535177879	4.356454102611515999399216525489
5.021245829843520525059830106329	5.183294303039184036663300503278
13.970234086610513912773967604153	8.818186641576886586335604079068
3.074073710232853251511642156402	13.386725871222942885196971474215
8.672238170595640838200779398903	11.272161116135350766853662207723
18.362599364177462746283708838746	5.501914092760697982953388418537
7.679672538124313163621081912424	10.090163298583684436948715301696
7.918773955123556085311520291725	4.994686812999081126918099471368
10.063097023754332681733103527222	4.624960019179520820387097046478
4.312627596889573311500498675741	17.639760914944950798144418513402
14.775567267321481068620414589532	4.157956200917306333053602429572
13.578622373738152617761443252675	9.644474035354900109950904152356
14.101795630783575674627172702458	10.936351219634424580817722016945
11.753765605943176097980540362187	9.329493907654704543119805748574
18.111933253417234368498611729592	9.586922573307179007429112971295
11.426060899073499754763361124787	14.008446365661560761850523704197
8.058812378698867462389898719266	12.535245533267731943283251894172
16.454924209560022774212484364398	14.515531916050614213986591494177
4.882030016257761673159620841034	6.528766714812118010513586341403
13.026809821355698204570217058063	5.925762232378312788227958662901
11.509419239986844019085765467025	6.421624922800358348240479244851
6.933595463157717908586619159905	7.970104395244920425511736539192
13.749539756468706741543428506702	7.507048519010670162288079154678
12.449495911311268869781088142190	12.506604649855853850226594659034
12.890984364492393154932869947515	15.530050625167731936926429625601
16.346502082111655340668221469969	10.203363868004240444520291930530
14.780501570502273978036100743338	7.151552469515179311088104441296
12.784019561325635550019796937704	11.348143826876864181940618436784
14.276604000771600411212602921296	10.598465102788576785997065599076
13.370913492260012134238422731869	8.423092113476247533299101633020
9.833573266160511749944816983771	17.502379511056041394567728275433
9.252220426735593861167217255570	10.755931853252889141003834083676
5.857999324938880647550831781700	3.678988956468616677852878638078
9.576562126717206524517678190023	8.964621183055420772234356263652
5.792726198244682933591320761479	11.622044635308732551948196487501
9.887421470698571468460613687057	18.937658457109080245572840794921
10.276629472626725103623357426841	3.324397631500564997963920177426
7.717521972268672314498871855903	9.108660583509575303651217836887
