75
6.370267586901387169007193733705	5.141392542051023362148498563329
10.849762582616278905334183946252	0.849871991976247187494664103724
10.811756088587518576105139800347	14.398268031338533390339762263466
8.008428539772703302901390998159	6.694306527955411922903294907883
2.210485070034007293315880815499	15.581713034459585998092734371312
8.008027626156824396730371518061	11.747069364627098053688314394094
10.409764574540666615121153881773	12.542654775488720986231783172116
13.875488441471237166524588246830	7.793576214169194216196956404019
9.101025983160170085284335073084	11.363272337883476126307868980803
12.697392381586503518065001117066	10.283105282473593788949983718339
7.750961358849624005529221903998	19.303926136360058052332533407025
16.197354659949333210988697828725	11.087673132300860601162639795803
15.304516842045046587372780777514	6.845563527916000978734700765926
9.014302204444302191177484928630	9.799917553156998195618143654428
13.275347148666657659532575053163	16.109297640775480431329924613237
16.024289845192114967176166828722	12.375536242954211729738744907081
11.032960847085293565328356635291	9.928348993821000334492055117153
5.845982242007408125061829196056	15.692836385000664023436911520548
7.976909274375991287797660334036	11.107226418636342302193042996805
9.652179357484580890513825579546	14.844891483812013177612243453041
10.432852600315813518250251945574	10.096673114817068750426187762059
10.503444980593876323382573900744	11.933740717721990520772124000359
13.269372388741798474143251951318	4.944068236979041408574175875401
11.551446427853914400429857778363	10.356318765059095099445585219655
15.129039507750363213745004031807	6.829469618772177952337187889498
6.541370964401283849554147309391	10.933451302977607255684233678039
16.256575433332031366262526717037	6.262697482795362091678725846577
12.741864653796842077326800790615	11.926354558568409203189730760641
9.048740342135333847295441955794	11.735209784462757198753024567850
6.615225025495066191183468617965	16.288991689260811313033627811819
16.985538937623481103855738183483	6.441149592908804955015966697829
3.605450119520464014044591749553	5.411675351207033912714905454777
10.080412536338197782015413395129	9.421905810275386983221324044280
12.087768942937342941945644270163	12.916110332494120882529387017712
12.331641432476166286846819275524	9.394759517682329530430251907092
11.744094785811185488455521408468	9.440076630524554701651140931062
3.619030548067432739856030821102	8.690168224456218837303822510876
4.924837179356712724143108061980	6.203057814798909497255863243481
12.570017286996604255477905098815	13.303436696681799844554916489869
12.231355452050424403864781197626	10.128415086076676843163113517221
12.121735101826272895664260431658	4.910276542613340566845181456301
6.394323037853437696753644559067	11.454864516349395842098601860926
9.661580628757436173259520728607	10.613686823036294626376729866024
5.727257301851388149316335329786	16.727038301605290371298906393349
8.276793816173038109695880848449	10.031375996101717262831698462833
10.226236798071310474256279121619	4.910790589579121068197764543584
6.418637253706663159391609951854	8.958799521063156134914606809616
3.939459538808695704403817217099	5.157608132137662337868277973030
10.675349169465295773306934279390	8.544639957125427898176894814242
10.913815437761634541402600007132	8.680762526529784750550788885448
12.673895769792906662587483879179	11.310194757174798496635048650205
1.987720653532278447528369724751	16.661742558114678303127220715396
12.021571987335560649512444797438	6.036404267702776493820238101762
9.714870261682829521987514453940	9.375372687795747950190161645878
10.099167888383135505137033760548	14.257433125931981976464157924056
10.824316652869786281598862842657	8.435170033442304315940418746322
10.066346706309092340347888239194	11.175809687976560269362380495295
8.479617588909519554363214410841	1.843988874746639083923582802527
8.103254549343114732096182706300	13.619127008818525226274687156547
5.996383446586040832926300936379	11.511712009918857901880073768552
5.714968388247589459183473081794	12.077361131070556865552134695463
8.951305796050753826875734375790	10.103654209496117033495465875603
10.892079070489526060327989398502	8.602905923509712948771266383119
13.920229435272503337728267069906	12.568166412396138298390724230558
12.718987908934080266476485121530	11.375008946657315433981239038985
4.771199932123639797509895288385	9.640095962235923465755149663892
13.761397956511402185242332052439	11.740642582490178114085210836492
6.578759663808426694231457076967	12.186355324530099508706371125299
10.318089362841250888891408976633	11.684608295101700292661917046644
13.296922367568086542632954660803	6.860688737881732279788593587000
13.141119699928665909283154178411	12.392730271516125384323459002189
7.667699696199065328983124345541	6.729595884676607298047201766167
3.255665065675751534968185296748	7.624966628356270703648078779224
3.507672913446990392571933625732	18.327938476744812135166284861043
10.400821145977392490067359176464	4.750383217326704432537098909961
17.876274266063298057360952952877	9.736068526092214625577980768867
14.865616121441647123901930171996	8.292885396775918849243680597283
16.679256537996344889052124926820	7.366486311374023543407929537352
1.563714496863580549756989057641	7.586465614164572102140482456889
4.249353258548037359787485911511	6.532023184480751254454844456632
8.175541841945937804325694742147	15.321966956964029549226324888878
11.329583813104004974547933670692	11.957193631763589181105089664925
5.056363442084008674726192111848	2.418897933542658584826767764753
11.526573928481928632550079782959	10.847003855837176189425008487888
5.321411637274684025555870903190	10.575539975855827279360710235778
6.995401280326487558625103702070	7.343841289887302004046887304867
7.753226848324251463395739847329	13.840948167936398149890919739846
10.811340359164843150097112811636	16.316543810525175217662763316184
7.722900420523425069063705450390	10.790765480208635906933523074258
5.947727822166125832836769404821	11.645495827541932243320843554102
5.418478960012191869566322566243	17.975932198793660887758960598148
6.044776867903378203550346370321	8.578896737735801636404175951611
11.854852312064144470582505164202	14.124587513879427902452334819827
7.560477914644494035201205406338	13.178892388045312600297620519996
2.689687864601608247028252662858	13.801523323771164086792850866914
15.046955225193176630682501127012	5.753583922168160391663604968926
10.762273924697879579071013722569	16.492317664085547335162118542939
11.105465373690815766849482315592	9.991303657336667143340491747949
11.447046559897293249719041341450	12.479796698315677616619723266922
16.678487340919918580084413406439	8.437373460880454700827613123693
7.529321401591496432104122504825	10.764872551982957560312570421956
12.579476960116423356339510064572	12.924577670922060335101377859246
15.821346487145730108636598743033	2.943720095182489338014875102090
12.345977840723833196534542366862	5.563750420194640611271097441204
14.169781826717217754207922553178	10.516961120762239545456395717338
8.456119465880345131836293148808	12.286313353717904561790419393219
7.655916217389894917744186386699	2.361851862086735032164597214432
7.840793579485884734481260238681	17.736183252005169208587176399305
13.714385551424232545514314551838	11.871521450314313383955777680967
14.710285639116197131670560338534	9.647577235297177367101539857686
5.934263727136178445675795956049	11.021247746584570847971917828545
14.752601780026644462395779555663	14.851501089941340438826955505647
5.542369143846300083566802641144	3.991304956743027432253256847616
6.121553227390208462566079106182	0.988439272129362223040516255423
13.342744794960772480862942757085	6.077028393058959032657639909303
2.660149912620544121466537035303	13.334525142771346040149182954337
15.677212863485667782015298143961	14.155921296870216607999282132369
10.598532421288547666904378274921	5.311396318396634619318774639396
17.531582197209917950431190547533	7.580274449457932384177638596157
13.459328433769099930827906064223	8.691585269606239450013163150288
12.853346892920507471558266843203	16.645812372902025089160815696232
6.921091253445763591400918812724	7.014293861265901597334959660657
11.391143672858397906111349584535	6.170080301598797944961916073225
3.606685675946403435432330297772	2.952770274089547619666973332642
6.286956721697497307843605085509	6.999785347690386849706101202173
