20
29.111751521336284298513419344090	21.697720301123386121844305307604
27.457856981530554207893146667629	1.516588427269173200429008829815
12.553009667764046142224287905265	19.657296173939311501044358010404
20.215516033704197695897164521739	10.249556787650092815056268591434
20.044881673092618257214780896902	5.520016085968698860142467310652
19.933513762992319584554934408516	3.275513419498104816796058003092
26.647411208569742768759169848636	3.476484261743052250892560550710
8.699523463249358101734287629370	9.656889928068089545831753639504
19.783000887174029713833078858443	23.798306329847260798260322189890
7.467100097129755198466227739118	8.230515672539169713672890793532
22.486247803220983598748716758564	6.182112670439146917544803727651
21.731933156618900682133244117722	26.471996809752958768058306304738
10.086939339330694309637692640536	28.404101177714174752964026993141
10.883315810652788968582171946764	16.190931767248784467483346816152
6.461114314819997872518797521479	15.241388964976611219981350586750
20.915902851348864288638651487418	1.254619976369970579810342314886
20.318830138660565864938689628616	3.635762049581090504801750284969
5.350459737873610954750347445952	29.842152016133542957732061040588
29.705715124239546298667846713215	6.644421619450623595071192539763
19.448518989460215067310855374672	13.908805823535683288127984269522
