18
0.058188294115954164453796693124
0.914316705428653619946999242529
2.863732483905568670934371766634
19.024820450820151052084838738665
29.398549415148554686538773239590
41.958097793139273790075094439089
62.570780847178909311878669541329
90.520058724986526499378669541329
114.806512797771731015927798580378
139.420429144414356414927169680595
169.531003416848534470773302018642
217.000882142541172470373567193747
288.577062361248295019322540611029
335.843328230388920019322540611029
386.626363508709232519322540611029
461.902401917931797470373567193747
543.421872557473534470773302018642
601.593559593695090370601974427700
