18
0.016420919470036210441321600229
0.963884412171254201240344627877
2.135213731648335500068469627877
12.712209717179874246539839077741
27.932482545345262536784503026865
57.263086857582408129019313491881
77.483215741500131912289361935109
104.029167271874001698961365036666
131.624021881955968638067133724689
155.336700139308817369965254329145
197.157119450832254869965254329145
225.682348603147374888067133724689
248.848348969358312388067133724689
272.561019597316658291674684733152
325.222671208644783291674684733152
362.776289812500749576429370790720
415.437910906250749576429370790720
496.511306319861546398897189646959
