18
0.003757455884482396868406794965
1.696750042349996157042824052041
5.827761130283505508486996404827
12.957761022070222622915025567636
33.942134496524033693276578560472
50.969945584731391363675356842577
74.270668395780148784979246556759
103.706147824721625738675356842577
132.320719687630969474412268027663
157.285758430677162778010824695230
183.394919807630287778010824695230
211.208503181653725278010824695230
237.113257820325600278010824695230
278.012107307630287778010824695230
365.453940803724037778010824695230
493.365745002942787778010824695230
570.300799952046986618370283395052
657.742633448140736618370283395052
