18
0.102223754820456314007515175035
2.275303190275622000626754015684
13.273423507580375257930427324027
25.931394889721488539180427324027
54.031931519057536661421181634068
78.691282851838110445896745659411
121.785710901349332857535046059638
164.344873647629469815001357346773
192.346027501258362235603271983564
257.058926299809627380454912781715
294.667668127319473114766879007220
326.681301788090877380454912781715
375.551255713865316465671639889479
423.026344070038589961768593639135
465.585517654022964961768593639135
515.932899245819839961768593639135
559.695628584174073694157414138317
627.538035810736573694157414138317
