18
0.022632707499326443212339654565
1.041127997426553930537806991197
9.462098703863523141421865148004
16.752284822813987119616285781376
26.954093020646794798267364967614
39.480803530900701048267364967614
53.590681202281921002850140212104
80.524072773326849983277497813106
102.752783886804238022705249022692
139.839240530055064937187125906348
167.387363130166136215848382562399
220.755234845437200874584959819913
284.368966930146484628494363278151
322.596628062958984628494363278151
380.693591544477499155618716031313
479.184466788618124155618716031313
551.077432743356439459603279829025
707.870187870309564459603279829025
