18
0.006284931839818597154589951970
4.064095602959573838575124682393
14.745384560555399033887624682393
25.774779664009990653994464082643
44.665532456368389091494464082643
72.852476677758104983695375267416
116.100691572399284723360324278474
144.842484525245339455068460665643
178.488442472022683205068460665643
220.990398171374494040719582699239
243.641783491344597223360324278474
272.383568814796149126777891069651
327.423236338859510397014673799276
372.767488782109921885421499609947
402.719020164284643215069081634283
474.075492600189249969844240695238
513.964543918254207710560876876116
557.852908386261333362199366092682
