18
0.001828671686788352346297870099
0.160898655722348848939873278141
7.508582792776365977260866202414
15.383011065023680430385866202414
23.401292572463376018276903778315
39.569749531516940521669312147424
60.427479271328486731817974941805
95.219446898023548442324681673199
132.211001158277440481469966471195
180.904676668665956640325020998716
217.896223299525331640325020998716
268.762220613978456640325020998716
303.399203509208007289998931810260
340.390750140067382289998931810260
391.256777972098632289998931810260
450.749339634751663652423303574324
501.615367466782913652423303574324
600.490384756838238899945281445980
