75
11.896339913000165466883117915131	11.752629651725012394081204547547
11.419663912505054526036474271677	7.757896810365123130281972407829
9.626077719084809913852041063365	8.478028043234871802269481122494
7.880995326120951105508538603317	9.862732606502616405919070530217
10.308206753133619670848020177800	11.835646514316216837414685869589
10.292511653843897434512655308936	7.182302151792749000946969317738
11.102906657820495794908310926985	10.508773710670661571953132806811
10.366163416967271615476420265622	9.013413101418764838967945252080
9.546492928238020425624199560843	10.797020198804798241098978905939
10.340858730877894089417168288492	11.188206624566504387985332868993
7.235275281584494067033119790722	5.549775851024237205422195984283
12.499221714887333689603110542521	13.039148685512742531500407494605
11.945828172679886947094018978532	9.229137056517835446811659494415
8.788946822246519019472543732263	7.763323025278326738884970836807
10.653726098080660733558033825830	10.781499528572759061262331670150
9.703079007776860720468903309666	12.209697720269030440931601333432
10.769736697552321658122309600003	10.359040953434016429923758551013
14.930184170520998776510168681853	9.906882213676897919185648788698
10.102122122260494663237295753788	12.620218553649166892682842444628
7.565670953937246423492979374714	10.716482900800503585969636333175
11.037881792289557125741339405067	8.968102283053928758249639940914
6.673688635404868563227864797227	10.697906880796278272782728890888
6.701016564561792066001544299070	7.795216245615495864740296383388
10.426546662076678018138409242965	7.881626470383192639701519510709
8.487690661109184020460816100240	12.469491262649709639731554489117
8.229661089003769802729948423803	14.189264873700714986171078635380
10.114840805589468075709191907663	10.114434231041069978118684957735
9.935748786844474267354598850943	9.666283371522261802510911365971
11.587534514339189684051234507933	9.946956549268357150594965787604
11.339637568045137783201425918378	16.212128230970307640745886601508
9.689885655629806748834198515397	7.983566789943548513974747038446
7.634441606942932168067272868939	10.136230331335525534086627885699
11.501896619786295516973950725514	11.965896874092244672738161170855
11.226492907323340375569387106225	6.227320011406805022602384269703
6.973333454013623367018226417713	9.653545363506045973167601914611
10.119508054094680460366362240165	10.216248408797374835899063327815
7.810293077594518962314396048896	9.133720921199037334758941142354
10.702821705182580913628953567240	8.637334452317034561019681859761
10.653711458239246923085374874063	8.565237942568774798246522550471
10.328506930482401315884999348782	7.460498104927417273302125977352
12.323449504363296114206605125219	8.913226750674493104042994673364
10.812462893912350381242504226975	8.193526228909384201415377901867
6.480926070842710551289655995788	9.643049350319772727857525751460
8.441854747342297571321978466585	12.234839891775049380839845980518
10.247446034367138523180074116681	13.962671389479636374630899808835
7.062143093695272710874633048661	11.167321535947142052691560820676
10.236389709138331127746823767666	12.003164938740823686202929820865
11.077406884799525954576893127523	7.075520275199591146986222156556
10.723483642222724654402554733679	9.369013881580553260164379025809
4.571538356906923894484862103127	9.954204364509678271133452653885
8.669177036429555727181650581770	8.534840601868536325014247267973
9.424397254226233755503017164301	6.695901753180745430427123210393
9.198562296340256239091104362160	10.446288281531924013734169420786
10.178240979877763550121017033234	10.760468379470394140184907882940
8.699578947423875163735829119105	12.178800283798134174162441922817
13.102323695396965064219330088235	11.247759652291044574212719453499
9.427019738894477640656077710446	9.237559470291603958003179286607
11.409393833783470384446445677895	8.404166046445471494052981142886
11.023749895964387590652222570498	11.782232456081818128268423606642
12.193411201300733637253870256245	8.778236282979399618398019811139
9.997728020831784689903543039691	7.929484466320278812645483412780
10.681414149709578254032749100588	9.734811071237107427123191882856
12.435123659485585179140798572917	8.138404199258074456224676396232
8.664912909660944961842687916942	10.307825457750086073360762384254
11.080876189079489790856314357370	9.334104566937755365074735891540
6.304482083524741042879213637207	8.672371747039171907545096473768
9.318028430301870557173060660716	8.934204685049625282999841147102
8.703094645825055764021271897946	8.339903580815215988764066423755
13.945834052152214610487135360017	9.270309164696165282748552272096
11.485380726603795054074907966424	10.765220113790967104705487145111
11.648400851834598057621406042017	10.873788665408374853882378374692
11.121523274171348560912520042621	12.133650035985942494676237402018
10.810234231680286853816141956486	9.671254116458499083819333463907
8.912681453573810586021863855422	8.337957793402287265394079440739
11.518017546768833270220966369379	12.999989362556505057000322267413
7.090276031723621308344718272565	8.078435729926880526363675016910
10.941897848961279038348948233761	11.690905969240960260435713280458
9.423171722358480550951753684785	12.302026057777135648052535543684
11.934080968703330682956220698543	6.786402016680472826237746630795
10.638066862015756797177346015815	12.012403332759847174315837037284
10.580030490967777367927737941500	10.446546236189552914197520294692
8.836772363494450388543555163778	7.965303836550553739925817353651
12.638005919623434891718716244213	11.099900890586674506721465149894
11.472863431149576740608608815819	11.442095701683911102009005844593
12.523840882549565733938834455330	7.577075313302606751619805436349
10.847626769360724452440081222448	12.573358237165544792901528126094
11.470147102816195427976708742790	7.934115363094002226773682195926
8.360079623346971189334908558521	10.557351422063934620609870762564
10.675478883817415720614008023404	10.262148535433761153967680002097
10.321430923346968100418052927125	12.233737553787367602353697293438
6.941840172571895450914780667517	9.389508020409415678386721992865
8.752656083825399946363177150488	8.623475544960570005059707909822
10.660532540806290313639692612924	8.247429074377865987344193854369
9.684116450360527039720182074234	10.805292898180749006087353336625
12.055922367732744504564834642224	7.641283396795201632301086647203
11.361314733641250995788141153753	9.882199620322271726990948081948
7.204237573504544300817542534787	9.532194728384528303877232247032
7.298145306370141582874566665851	13.458177791756442687187700357754
8.762976069897845832201710436493	10.191172441093605982587178004906
11.645248897594392190057988045737	7.832335936487718086596032662783
11.284187332287558547250228002667	11.123506970684097439061588374898
8.690247852159528108018093917053	8.615102768846316649842265178449
8.481128065805691562673018779606	9.321338992098560538579476997256
9.582956822023200871285553148482	9.920017950430105813097725331318
9.206238527061668008855122025125	7.818614039226635448187607835280
9.359820584209465721414744621143	14.084633779204789760797211783938
6.690040380399532082833502499852	9.494123092714337630582122073974
11.517330137024110570109769469127	9.863412954583372638239779917058
10.363863257325105493578121240716	8.692649653181099722587532596663
8.452233422470424528682997333817	6.964151177756259691875584394438
6.247792574793562536683566577267	10.355644941231165745421094470657
5.944376711720916972581107984297	10.025319518106719840488949557766
9.813754582556192929132521385327	10.173110274845017286793336097617
15.051616307575539366325756418519	5.625475468115427091220226429868
7.653926778198147928833350306377	9.689037935791212419189832871780
8.161565040398224724071951641236	8.394040724400214870115632948000
7.977983913153432027343114896212	12.742244153210853241375843936112
10.235788776103936115191572753247	11.172670861053008550811682653148
11.999947441405323544927341572475	9.440987176355536192318140820134
8.508106150946503021259559318423	9.463146558280170594912306114566
8.871924343258056566696723166388	8.098782011763631771827931515872
11.542407911809913656497883494012	10.515881468513148533361345471349
11.807709178187481668942382384557	8.625494888856490405260046827607
9.821935183602580110573398997076	11.174336824472458573609401355498
9.177128075560338160698847786989	10.183911359525968265415940550156
8.809762837772460386531747644767	10.394248774171828131329675670713
8.457951425262336897503701038659	9.480132978834099333198537351564
9.490570981539830697215620602947	9.997327200592138751744641922414
6.468012774222458460826601367444	10.196033651529214481001872627530
10.041049885932443075375886110123	9.492873326318060023254474799614
10.536313792628156704722641734406	14.662508497286754760580151923932
13.597394052106595907503105991054	10.654928206721134387180427438579
8.436587668040854026685337885283	10.170237990579133580126836022828
8.198525852566142191335529787466	12.644100364756242882435799401719
10.320590432530380553544091526419	12.576255551570902468938584206626
8.522478066623762060771696269512	14.497185012321441632821006351151
13.453386859195218150375694676768	10.041710408073624805069812282454
6.360110792839691384870093315840	11.470358784748126979025073524099
9.173028194335397955683220061474	5.265507075023382554945783340372
8.960989770754105521177734772209	11.078997650929686358267645118758
10.411394189775116103646723786369	11.258080383833931392700833384879
12.425827563114454576975731470156	10.420136792703218020506028551608
7.995792560850159880203591455938	11.452560184439155577251767681446
10.606969609463250847625204187352	9.569841282145894467703328700736
13.275605427079321785299725888763	7.809602001708197072105122060748
6.408911280738363025477610790404	7.832128662150481090975517872721
9.592557397235633942500498960726	10.412473509090212075989256845787
10.510983999272257349844039708842	9.942183155624954693507788761053
7.538764496106666435082388488809	11.193872365491005282933656417299
9.934329548363892925522122823168	8.258691763082264714057600940578
10.875615878986977236309030558914	8.367490437504581990424412651919
6.920440995055316513173693238059	9.553324500392339047039058641531
10.150601860736555792641411244404	10.633134163166323205018670705613
8.197559724567984318355229333974	10.429351816623967152963814442046
13.019839974757356770851401961409	5.929153825498731933407725591678
7.534621808705227685720728914021	11.486985060546192727315428783186
10.360799818866018640051152033266	11.995349011811601513954883557744
8.345547987122365896084374981001	9.828172799325852082574783707969
12.479883877064015251789896865375	6.780673197380323813376890029758
8.567635806221083782929781591520	13.312576293294817730838985880837
6.776870322999476670133844891097	10.556097081040645591087923094165
9.313686914113688430916226934642	12.752823177993898084991997166071
8.082941724797771954058589471970	9.666610154028342449805677460972
6.722809687755944452192125027068	8.787354393865548729536385508254
13.637830149709703420057849143632	6.505506546863603745123327826150
10.344005478616930204793789016549	5.168222902869096024858208693331
11.883791541059622431930620223284	12.026701760977363875326773268171
7.965231836536807108473112748470	9.682276704100129194330293103121
9.390210490255473274601172306575	11.945414891608743701567618700210
9.949868169270661866221416858025	10.648339070934929040390670706984
7.243943057485982883747510641115	4.213005014844391382666799472645
12.665075962249416008376101672184	9.188093854530510640188367688097
10.182189067988726804969701333903	11.733008612817817706286405154970
12.955269375651383256808912847191	9.364904569986231663847320305649
11.417827001803924957812341745012	11.786123339083390604287160385866
8.525553756832419338707040878944	7.907452078558685926168436708394
9.479507504165717080013564554974	9.037445041768801701209667953663
7.570771763668534326541248447029	12.082118030248828688399953534827
8.053600622325921776223367487546	9.425241105295599552960084110964
12.747307332662728640571003779769	9.188546790680302223108810721897
7.524933902044020683774760982487	14.134534283325510983786443830468
7.470011766059962532438021298731	9.958108805494207516062488139141
11.194730963740237683623490738682	7.657553421640171720241596631240
12.480158048288247485402280290145	11.610850791315320051921844424214
10.491972730633948529543886252213	8.948417802303715973266662331298
6.584486127824657586415924015455	10.961347995023665191638428950682
8.220921883069324920256804034580	10.779946429939988306045961508062
8.403193934265960507445925031789	9.747010087153643809187997248955
8.578184221618050386837239784654	10.471249918738747552993118006270
8.496141252045076086574226792436	11.635113481007376634579486562870
9.684154911886141192667309951503	12.663067235595484305576974293217
9.202186642850501030466148222331	8.307330132369093789179714804050
8.269414648062483053081450634636	9.858528253876695401913821115158
8.770738578593093137669711722992	12.993812502201425473913332098164
11.122615875256284923011662613135	11.992488106538456094085631775670
11.715712861050178617006167769432	12.149670755185148607324663316831
11.075321771296959383334979065694	13.813669116546156701019754109439
6.493057092023907017619421822019	6.953167335016271266567855491303
12.827229008135503818266442976892	7.557419082799375686931853124406
11.006470318726883306226227432489	8.769499615606394016253943846095
9.520745527037279387627677351702	9.015308057794413798546884208918
12.393412034679625932653834752273	10.937757881525589809257326123770
11.987867044066270239000004949048	10.088356206012235816160682588816
10.244458390638030209629505407065	10.362188681185072525181567471009
9.622910480319148973649134859443	8.570968390093957722797313181218
11.958997225183708223994472064078	10.483008582412772113912069471553
11.888477861124684409332985524088	8.603358254547893935182401037309
11.679264687866202976351814868394	8.780381457362288699641794664785
7.436000337313460661903263826389	11.080264528323100492457342625130
13.289219896602480375236154941376	7.861078824405869802660618006485
12.721881834960823809410612739157	8.879878547670642774392035789788
9.792248751408079598945732868742	13.353976335760727067736297613010
14.151780741222836468296009115875	11.249361417892771441984223201871
9.415290530773173571787992841564	8.561092596585119451901846332476
12.314577009668802531905384967104	12.694571329750996113716610125266
8.718210646296551402656405116431	10.309928070916720699301549757365
8.951688983277582778441683331039	9.603432470917871555116107629146
9.044978005074080229519495333079	9.133116575843741813400811224710
14.141744001319136003758103470318	8.277176025072591869502502959222
8.820956583338457335230486933142	9.302099547491778253061056602746
11.092260891931283950384568015579	8.707845510117703469177286024205
11.470716142059178110912398551591	9.846315416941690656926766678225
7.997500353817462936945048568305	7.172732168087592619087899947772
6.638260187756763741617760388181	12.562814397007155520213927957229
12.329384773754160420367043116130	13.422987483834784683267571381293
10.264975998010692492812268028501	12.266326729119096938802613294683
8.133211039700681155295569624286	9.456321411534652554564672755077
12.210947645372808523234198219143	7.296707157810390143026779696811
11.210297813762521101921265653800	12.759019457660254914799224934541
9.525672324474653507309085398447	10.118482059770814274202166416217
12.751592008483497053816790867131	9.688619992011940240672629442997
9.664448394259121499771936214529	8.479497947027597959390732285101
8.470372260328575819698926352430	13.394140235362486990311481349636
9.709951611003559079904334794264	10.750373551538467964405754173640
8.364890571313567946276634756941	9.441831910404337335762647853699
10.994109470606533207615029823501	10.975251024897810125935393443797
11.781017455139064509239688050002	11.127303900758084509448053722735
11.467219151932486198575134039856	9.772222862486097838541354576591
11.569205209530876388157594192307	12.619175357929405478785156446975
9.589368493928773773404827807099	10.518581299603928513874961936381
10.564846355607237171625456539914	6.854693396536809757435548817739
9.746066258618739652774820569903	14.717718977320018325372075196356
11.080506843338955746958163217641	9.833596749437326423048943979666
11.168754181989850593481605756097	8.271272623616134467283700359985
11.719384789970051841123677149881	11.112020037633362434803530049976
10.911729044473489125266496557742	6.902413977978596903994912281632
6.497647652811050278387483558618	11.376687917163756935678975423798
11.210038158880285763530082476791	9.016919032484885576650412986055
8.769457813484072161713811510708	11.529395865089139050496669369750
8.728995213367822358918601821642	12.775269338742507585493513033725
