75
10.441886724598816726938821375370	10.160181201162986397434906393755
9.178320780507586817975607118569	12.274544672469509976053814170882
8.351484509100737696485339256469	14.311798296656153439698755391873
7.580088613483191295472352067009	12.080690483237026100482580659445
11.605091744192360891929638455622	11.908201281857847320111432054546
9.449935677023294289256227784790	10.413723998255933977929998945910
13.822034577595239568381657591090	11.101851213275892860110616311431
10.114902637165691601239814190194	5.611499601869484266103427216876
9.233616339996277844193173223175	10.643095224416564192893019935582
10.033290458294885638679261319339	10.655380990967746157593865063973
8.329156735989966975353127054404	14.070165339882354516021223389544
11.382119869756948560279852245003	14.245821859434244061048957519233
9.798204597920525671383984445129	10.122384786085916630327119491994
7.786749901132084872301675204653	12.259119203355663074717085692100
11.286211478504053928872963297181	7.050642021918627655452382896328
10.769927736408810403645475162193	9.670286547146060840418613224756
9.046670856795927306848170701414	10.315979051873011229645271669142
10.935945588114696747084053640720	11.165819510999135388829017756507
12.205831003952717139782180311158	10.111000900218304110467215650715
12.373699637966216968720800650772	11.314543587534531710048213426489
9.287738845560356892860909283627	6.965914199251390215295032248832
12.573702696837148806707773474045	11.127686790417113726903153292369
11.685690833742061300881687202491	10.203460831007051368146676395554
11.058333773962241153299146390054	10.590761289055388161273185687605
9.172106438351569579481292748824	8.497275926557195546706680033822
11.992084712265048906942865869496	7.676942100336162866369704715908
9.687545543792888125267381838057	14.348247740933988580991353956051
11.179813941629223705831464030780	10.006424353730235310422358452342
10.625618640837050321579226874746	6.777323695178093743152203387581
13.910167138898547278813566663302	10.653042430998493017568762297742
11.531885107267791923391087038908	13.804163636024968653259747952688
10.984629330425262239145922649186	8.836848389034866357860664720647
9.570929045142236191168194636703	9.569899398230823805988620733842
10.928916673828476646690432971809	14.143691506171727212404221063480
8.382434722519949588104282156564	10.152926541445969732535559160169
10.054517336486354039948309946340	8.321743283772995880553935421631
11.336651993078241673629236174747	9.253431622812954060464107897133
11.715423513258338417131199094001	7.978303099640628559541255526710
11.716289397834996677261187869590	10.880795107351708850274008000270
9.072958324868787727268681919668	9.353197674606031242205972375814
11.452938777537566394926216162276	7.737629111300794448879969422705
7.590981514199935276110409176908	10.108666633921721711431018775329
7.574413367006497921352092816960	11.300026263243946544889695360325
10.815919894314665938850339443889	11.713655996095575062554416945204
11.157626660914964134008187102154	11.060721034314269672904629260302
7.524563533268369575068845733767	13.461325563961668905221813474782
10.887462380772028325282008154318	10.788944097404257860262077883817
11.036916923977193150108178087976	10.435309874879768798905388393905
8.008422429996231883819746144582	8.722182190681095903528330381960
10.922922492132094873795722378418	9.590352317745569621365575585514
8.829415563674436029373282508459	9.867703091836364848177254316397
9.468530275903072279675143363420	6.188839073487505615389636659529
7.871851816199107787497268873267	12.586872513559654862547176890075
7.304343192986483934703301201807	8.921759921251425140553692472167
10.525333792380701325441805238370	11.169335018879056775631397613324
8.291746754311443368123946129344	7.464516194008987248764697142178
10.430119793007698092424107016996	9.760641704179178645972569938749
6.104522078311477528700379480142	7.056429538053889061188783671241
9.000372478207426141239011485595	10.400336375359922058692063728813
9.830734992916111636418463604059	11.010366880343806172959375544451
12.181669497036510918519525148440	7.660003124861955114965894608758
6.869033707688897649745740636718	10.416755057383333848974871216342
10.794284881178137780466386175249	8.766787738625692938398969999980
8.588362481793934577467553026509	14.654925251680744224813679466024
11.119826363134730939918881631456	6.681604406855903732775914249942
12.230885537591980494198651285842	7.149815221388323926987595768878
9.419831149265462499897694215178	10.936657926517790784259887004737
10.768259481917979769605153705925	10.609881435091276458138054294977
6.685616788079192573945874755736	12.259086186034242160758367390372
11.449921594253236634131098981015	7.057800451769158378567681211280
7.534513150395273584081223816611	6.893426515507766083601381978951
8.383309570219871886820328654721	9.631838517300677082744186918717
10.452046840965758534025553672109	11.431912078489920858714867790695
11.036979001294209723482708795927	9.439139210241075161889057199005
7.325326409735914978682558285072	13.887975143614426087879110127687
12.597857729486083400161078316160	10.362427596758132963827847561333
11.041518351224489435935538494959	6.812177430303453462556717568077
10.842659096949747166149791155476	10.667902879188428499901419854723
10.698779807455977675090252887458	10.426015062174254666160777560435
10.322824677308471308379012043588	9.002605477308504688949142291676
8.475596017823647798650199547410	5.604304059075863264638428518083
10.666189801533036529690434690565	11.563019957174697438517796399537
10.652834642957770938664907589555	6.061041943402269538410109817050
12.975710941685722588090357021429	12.938344356251146649583461112343
12.009988086540083429554215399548	8.242730416276881300063905655406
9.135861320775340743693959666416	8.408215736996108802259186632000
11.308370397010484964539500651881	8.228248024792929271598040941171
9.625152626304382508237722504418	8.602779696672254061695639393292
12.044976969500970298554420878645	10.975107470773053819357301108539
7.404415074546434105684511450818	9.718601309498527740515783079900
9.140426614253399861809157300740	11.204861993918765250555225065909
8.993293383556517639476624026429	9.747396305297801433198401355185
8.696649841602996033884664939251	11.907148973562392768599238479510
12.016760807845756175993301440030	11.307286182914175753921881550923
8.433848309678095844788003887516	7.337934383348509115307933825534
12.444622073321330191220113192685	9.786703046584028342635974695440
9.042969211975972143591206986457	9.421734637802135381434709415771
10.866728283292268031345884082839	9.482431170104257844855055736843
12.021796237807880203263266594149	10.025150746932729006744011712726
9.824014762643468401392965461127	6.649897765453705034133236040361
9.029574764127085373388581501786	8.103716393586932298376268590800
11.651626214096012290610815398395	7.187738927087337970078806392848
10.771991115431369223642832366750	8.272654749293362641537896706723
9.833413204085827530320784717333	9.919238817860163592854405578692
5.837252434262031108858082006918	11.776004380668297244483255781233
10.458176828263610502744995756075	12.510107924999484652062164968811
8.952489131243888564881672209594	12.563607894668773923285698401742
11.590048021874094885674821853172	9.111418409778826443812249635812
9.836123688734861758575789281167	7.179102120781821305683934042463
11.089238078202640735980821773410	7.588336899085248887786292470992
8.607417309681132167042960645631	8.237718038852392510307254269719
14.470642801414943079407748882659	11.873483746480962608416120929178
10.339130963629324710950641019735	8.768563145922318113889559754170
8.665256937690367422533199714962	8.908218694685080762951656652149
14.327051195540757788648988935165	7.371645055187975970056868391111
6.040156109373569393028446938843	8.943064043755127201507093559485
8.928408254807338906289260194171	8.269519129075680652363189437892
8.534309090372332207152794580907	11.088243103686844293065405508969
8.419606301577399420921210548840	10.336673632567265457282701390795
6.565901282030984553728103492176	7.238577799890904884705378208309
13.234924875555265089133172295988	8.132324324632314471728022908792
8.801263917333594477554470358882	8.461856463362051883336789614987
12.127837567358927373106780578382	8.803594213002753576802206225693
8.040159053111109344058604619931	10.979401046101942895916181441862
13.240516077185096932566921168473	8.830364228234708789955220709089
3.751503370155888639203567436198	9.373026790694071408438503567595
6.611587303101057244703042670153	11.463137326907713031687308102846
10.807303843893924621966107224580	8.919438231472398115329269785434
9.147394378793096691993014246691	11.470806906569650962524065107573
12.997855734510663339165148499887	12.218635509216440482305188197643
6.142190075096790380371203355026	10.120278034477482975717066437937
10.195835397498553831496792554390	7.591273353499571996394479356240
13.771686956242318089493892330211	6.267751096204218441698685637675
10.447382130637498320879785751458	12.961497430379633755137547268532
6.120362389075010511874097574037	10.481984624848626808102380891796
11.789667117793621642363177670632	9.264600355245059759567993751261
10.461428928501481649959714559373	7.381601089463460496631341811735
9.755600177756010182861245993990	10.438175273520112540381887811236
9.200399408141146651018971169833	9.682566238726968421701712941285
10.138252768913032397790630056988	11.321393875521208016721175226849
10.745646547215457644597336184233	7.064216074948946655354120593984
7.101335535774386364948895788984	11.405471366865395310696840169840
7.842911951938578596355000627227	5.076069759617937826590150507400
10.035753984510655811845936113968	9.216244741491255609844301943667
7.144028371905690733001392800361	8.842211961092811378648548270576
9.881160112265014561216958099976	10.507246975281640644084291125182
8.234341176555165731087981839664	8.996419528097373330410846392624
9.384697440418285907526296796277	9.687598044048055356824988848530
9.118798141873973861493141157553	9.737578365209568431737352511846
10.121059575500988003682323324028	10.092637478288084551536485378165
7.864633572284212448266771389171	8.571675815697719968966339365579
6.370291399828888145862038072664	9.270880842319767722869983117562
7.658770682717202404887757438701	6.823678638921849781695527781267
10.268771245141575576553805149160	12.892818832954919372468793881126
8.139965031358700642272197001148	10.453118822829326362011670426000
10.620201763647436621340602869168	10.429345283930437915387301472947
8.193313783775334258052680524997	10.770252015580261684135621180758
5.436907093753813313696809927933	8.270788893100897709587115969043
6.605796712790898084222135366872	12.234236741905956336040617316030
13.026672584291356216112944821361	11.083098596287907611213086056523
8.416531156090783838408242445439	6.965314858538207865024105558405
12.439370914780457866299911984242	11.613335538679068648093561932910
6.833679062163582784705795347691	9.681681581926174118279959657229
8.574094276542581383182550780475	9.017794988224636654194910079241
10.745023726545662512421586143319	7.595504035805334730468985071639
11.214931314350378599442592530977	7.356845493402545343997189775109
13.425304258608619534243189264089	8.105585532344587562647575396113
10.211299661462842180981169803999	8.797244668188051619495126942638
9.591513984543317050679434032645	13.215638147406536972994217649102
8.592695055156433170395757770166	11.886830200831004944461710692849
12.233705356194063185171216900926	6.544268525639890476952587050619
7.320570821765921110113595204893	11.378747825146788841266243252903
7.551920037770288196554702153662	11.071311681864887788151463610120
14.840314322302191385460901074111	9.727782249912232614974527677987
7.907284226444367902786325430498	8.959018935367945246639465040062
8.372064485355032559255050728098	8.922417629477648048919036227744
12.685762699230300754038580635097	7.283005907113996535429123468930
7.205629273216068497731612296775	12.251861192455830718017750768922
10.454060455388246353436443314422	7.803394376804012821935430110898
8.008585662334098742576315999031	9.316355463258208402521631796844
8.280100669841756300115775957238	9.698898264630567922495174570940
11.520630602602025760461401659995	9.365982017920815749789653636981
9.538002714030143991408294823486	11.432483756403962971148757787887
11.630031608422161326643617940135	11.556020432579531487249369092751
9.008229688148212233045342145488	10.020113412555163634465316135902
8.354648566944181453663986758329	11.497699871376770630604369216599
12.192828710074763876036740839481	11.081143525928043302997139107902
9.049054140743812979508220450953	7.937498348532771252905604342232
12.654126154702005635499517666176	13.359202224766315580950504227076
9.642884143885881442770369176287	11.837813477856929722520362702198
9.305042272473778908192798553500	10.625437264757817246163540403359
10.017098142314990738555025018286	11.331375066924639583021416910924
8.821152779815990996326036110986	7.958061573701987967410786950495
11.938356507459664257453368918505	9.717874899607638283782762300689
10.183006794648857606944147846662	10.911695776510555333516094833612
8.155467980883175371786819596309	6.616655526475655690887833770830
12.049685662613205394677606818732	9.225120274376402917937411984894
10.842791463341628244165804062504	11.723760899180179606560159299988
10.711775379105569427906630153302	10.772188147136908753509487723932
7.275030150027701481008080008905	7.420848665014251110960685764439
15.862647692618047301493788836524	9.289031170915825086353834194597
12.285410082914681950683188915718	11.374353325126103086972761957441
12.889624536436530277683232270647	10.506593307837025719209123053588
8.837044758371146002673413022421	12.932991611235905793364509008825
13.794167520090203638005732500460	8.916299131209651562812723568641
9.971312828957174190236401045695	13.271597494417086693374585593119
13.218638775655749739712518930901	8.545145492358994232517943601124
8.814630768132682092641516646836	8.900939046178821811849957157392
7.694156525588068618048964708578	9.924103632605207891970167111140
10.815134811391356350895875948481	7.996169675291818990103820397053
5.854947634987205162815371295437	9.902219399527963261675722606014
9.288301690174282754242085502483	7.234178855889060955064451263752
5.895419008549047212852656230098	13.898169438780213269524210772943
12.362253151696464215092419181019	13.221541965963679032824984460603
10.223792019886754900426240055822	7.180921653014233463352411490632
10.385302598755334457791832392104	8.901964978490816804423957364634
9.572965743711295161233465478290	5.420825870869118823236476600869
7.774975856682178054768428410171	12.340548333041649442520792945288
7.524379911148519894936725904699	7.378948604055650228872309526196
8.030523057804884956567548215389	9.473104766893957418005811632611
11.514261624698756136808697192464	12.351560719402138843747707142029
13.655410011467392195072534377687	10.342420249563772927103855181485
8.679802364995163443950332293753	6.570020271070156070436496520415
7.749492916811478337990592990536	10.988498588690468693584989523515
12.073315217335458982006457517855	10.505559386476093663986830506474
12.723432294423583144293843361083	10.322790040854053827956704481039
8.965380021225106688120831677224	12.370815465887975648229257785715
12.646292652529092848112668434624	6.492939922893661730540770804510
10.744108504146813842794472293463	10.790588698112671295348263811320
10.489582617547542398028781462926	12.416308693503356863629960571416
13.332273015149505468457391543780	10.839477375102759992842038627714
12.339642555228614639872830593958	14.092395351681579640512609330472
12.952697150258980940407127491198	9.611842342486061951944975589868
11.494616875888729268240240344312	11.077371333079842230517897405662
14.662878661346958608646673383191	8.184672840309417551907245069742
8.893152444394779365666181547567	7.990445764824965380057619768195
7.191846551385863151040211960208	8.763870635626474836499255616218
13.083188120863685099948270362802	10.926110141311355050675047095865
11.223886264800238876659932429902	12.027016111341152893032813153695
11.647400792609854391912449500524	10.080910861883408458083977166098
9.425107024085738416374624648597	13.251883401260228012574771128129
6.806686119090485931337752845138	13.117776990747328724751241679769
9.634752654868485421957302605733	11.522529506572389834673231234774
8.910296091052467559734395763371	11.255683990383918313682443113066
10.641306491998907546303598792292	12.481391029382175261730480997358
8.093635771678037826859508641064	10.611856442170420677939546294510
14.933909798737300178572695585899	8.782159293089282670052853063680
8.563595698081931217870987893548	11.154801582712943641695346741471
8.839450405320327774916222551838	9.668716411301558011359702504706
6.162844036254067958680025185458	6.956087530565965515449988743057
