75
10.485736003524287696109240641817	10.619147148798122159973900124896
9.840552035385922380328338476829	14.162091916962861404272189247422
11.393982335074394285356902400963	9.640917908181343420892517315224
6.495882003625192524509657232556	9.155071980519965180178587615956
11.282167067124238002406855230220	9.646647860033690236036818532739
11.926276540880822452095344488043	8.541978690827924936002091271803
9.829845545467675194117873616051	9.807263497948294883599373861216
10.048636781523658356718442519195	10.557238072902558556620533636305
9.219686758825192285371485922951	9.934555806129997890252525394317
9.812864466200567292730738699902	13.944040414437592900753770663869
5.882554631030263436741734039970	9.652991082955928447972837602720
9.643793376166168940244460827671	13.231527050894772656874920357950
12.947896974382134160919122223277	8.503154744626158390019554644823
9.662717691333090996863575128373	8.833015215859507662798932869919
8.716472709255095097091725619975	8.667787600174218454185393056832
13.625966917189098026597093848977	8.085602314194700213079158856999
6.670020090786863420362351462245	9.566381635539341843355032324325
14.624077065689192522768280468881	8.381280155036909818022650142666
10.399349905760647772012816858478	12.045094615458772580041113542393
7.233208491309694565529753162991	13.299937859129318695750043843873
9.352447642563051388719941314775	11.869562009244173594879612210207
13.284901243013756300115346675739	9.983245094869161562201043125242
10.292485160825865619926844374277	8.536262080769606797048254520632
13.766881409649327494548742834013	11.916408021539044881365043693222
10.862332675029225725893411436118	7.344229955628359896024903719081
12.577913770129555359744699671865	14.310669566558203769091051071882
9.935868871747109309922052489128	9.756967340013286360544952913187
9.821018334235835922640944772866	7.543205597137717433042780612595
8.093397692673077514768920082133	10.141755294729110303819652472157
12.978562684745620359194617776666	7.075697311256191390782532835146
9.834011748623670001734353718348	10.755435385071358211916958680376
11.939844304909541961023933254182	12.761617233279380911881162319332
8.661837847907820631121467158664	8.662546499924005161119566764683
12.170464430013035794786446786020	8.779901332254455681436411396135
5.746040219274062721410700760316	7.162683047254237322931658127345
9.022736197051633766363920585718	10.378054018116397827498076367192
10.204262538430928231036887154914	13.245337873064773503983815317042
10.410116756749417277205793652683	10.396561980576366934769794170279
7.610775198782531170138554443838	10.186325723319255232013347267639
7.301399235092937090030318358913	11.322130839537370761149759346154
10.254685068955188498307506961282	11.152449204151590578248942620121
8.929974412443048237264520139433	12.627821634823170882100384915248
8.956672957303348781010754464660	11.428988650975995255976158659905
10.541827921932277689620605087839	11.593559207906253050168743357062
10.260462448382437372629283345304	11.191951772050339641850769112352
9.367151885573429481723906064872	11.515620705098866594084938697051
10.723476113556168698437431885395	7.931332286041813617316620366182
10.732587392906161483097093878314	9.358472864571343308170980890281
8.093238685924520225967171427328	12.132459228092390191022786893882
8.466747251380537520049074373674	13.096921373148640910244466795120
11.691613712545677827847612206824	8.894870998999309108512534294277
10.199265305550067495232724468224	8.633296227697647040599804313388
12.417059644520817229818021587562	11.803578921576114879599117557518
11.085146821063482036606728797778	8.251781160501824530228986986913
12.598161595521013111920183291659	9.593851057645455426836633705534
11.663206726462721718462489661761	12.947789144645398096145072486252
10.020890215601465200734310201369	10.714836781684439870332425925881
9.555462969477488854863622691482	8.214500804484515583681059069932
9.541603138375528203596331877634	11.093559818796144611496856668964
10.112238642124435017422001692466	9.930496069221716126662613532972
6.458843608708058070533297723159	7.827027543420504329674258769955
11.374705410051557663564381073229	7.951220632990652958937971561681
7.809107760578931411998837575084	6.846992887234454983058640209492
9.237875944712797604552179109305	7.673039487707542960492901329417
11.875366155689862424083003134001	10.481330887534324958210163458716
8.508229471696415302517380041536	7.770368308486651720556892541936
6.733739954459085907956250593998	10.328885954416954007228923728690
14.218960865697177098354586632922	12.394044740194773979169440281112
12.357773995011493539664115814958	10.387779159034671749850531341508
9.762174278332990340345531876665	11.135577110035091763506898132619
12.576528188252288131820932903793	8.646365884225851061728462809697
9.953184145640692648271397047210	10.363089895417038732716719096061
13.717621867479289576863266120199	9.150566111935821922429568076041
9.944431630946171551954648748506	10.183269503119571908200668985955
7.844375211385379742523582535796	7.725459486994862956521501473617
14.153327996453519688202504767105	5.647919867014333128452108212514
13.762267368225737484976889390964	10.025308549645675526562627055682
9.592314915486177540060452884063	8.171139121919843262276117457077
10.468030567381841677843112847768	5.712764997645814801785490999464
16.488720939402512044580362271518	10.496189767064064923829391773324
10.610071598346804577772672928404	10.474933212497191448164812754840
6.491697111090434901825574343093	9.638391071389296627103249193169
5.399462323295587395932670915499	9.254574574201949843654801952653
11.432759261835293784770328784361	9.146226468175687074335655779578
12.331705532436505023952122428454	10.136114364170987656166289525572
10.792232215176744247742135485169	9.552237088494702987873097299598
10.942957482393392609765214729123	9.844613209815085141940471658017
9.022580229642677807078143814579	11.537962379804527657256585371215
8.041429366176886972539250564296	13.786216392253823670444035087712
7.108276209226113806494140590075	10.751540284177337980509037151933
9.424024355544833753128841635771	11.474347035203305011918928357773
8.959976569271958624085527844727	13.443830567712383938783204939682
10.152894435852520160779022262432	9.872354603404078332573590159882
9.914493083277843510359161882661	11.440550144697276380156836239621
10.361871923988692500984143407550	9.399190961828528756427658663597
12.614996861257512961174143129028	11.236075039311716139422969717998
10.105658015282786621469313104171	8.233982811792907696712973120157
7.545480371108025607895797293168	12.429817494029160585000681749079
12.249919196000966792325925780460	10.609690432776691437766203307547
7.082269836631930104431376093999	11.173999069358849567379365907982
11.779673974022523808002915757243	9.591990684763846530813680146821
7.896728563983857362984508654336	10.968352400001606383739272132516
10.454621536888819122168570174836	8.818263979950664577245333930477
7.651687749163549767672520829365	13.316714995425586565147568762768
9.468882386908394011015843716450	8.755639046183258500377633026801
14.213433313109216982184079824947	9.263891738165707323560127406381
7.173001887345106908355774066877	8.975615543787094807726134604309
9.508846787244291220986269763671	11.240191339219554933492872805800
10.433574544478046774997892498504	11.749454736878295335600341786630
7.262181815607279489199754607398	8.934211345531521075713499158155
8.724040754533888275545905344188	11.212884528227160529922912246548
5.221354429616791748003379325382	8.245007006505606028667898499407
11.936095378264321098527034337167	6.587000094875556044371478492394
7.345567083978631117702207120601	11.916891090408013198498338169884
11.351950533146435873277368955314	8.059233427204077315764152444899
4.325721847139275766380706045311	7.877031504491647240229212911800
11.249131214311608673028786142822	8.196429381579195094786882691551
9.915638697858415895325379096903	9.199264040698093225500997505151
7.948217774727051931904497905634	11.735284937749582923061097972095
9.319813724324720993763548904099	7.893001579459232530666668026242
10.724562218451000106256287836004	9.374722025808887693187898548786
9.128143855758308333747663709801	10.089733679526178278251791198272
9.280098072457265701018513937015	9.219535568873977737780478491914
8.903453669074783860537536384072	6.128678213665179619340506178560
11.445199304163271136758339707740	8.963668192344174556751568161417
11.500578010575425835781970818061	11.541229912459835205140734615270
12.613420549146326266054529696703	11.107394798860008577889857406262
6.085229473084822870987409260124	7.547161694305193790910379902925
8.391086483525942441019651596434	11.384312658107637261650779691990
10.598437167449153761822344677057	7.588719866852651207977942249272
12.888437156197989352790500561241	10.440950759422154447975117363967
11.534073227377628967360578826629	11.122597660672171926421469834168
10.989942378225235231070655572694	6.950305228936901613678855937906
6.785147318527145365862907055998	10.515183055155825186943729931954
9.316919297026206692180494428612	10.201770153083652203918063605670
14.233037424595574194086111674551	7.874024165681381859371867903974
5.986926839855750692720448569162	8.986194585905874276932081556879
7.734334929653392975978931644931	9.686744558538110894119199656416
9.707919295761060496374739159364	8.813114431791843728092317178380
10.863302056900991487964347470552	12.684799962021243047161078720819
12.347894313843660540896962629631	11.534544220802846581364065059461
8.497946929981429420308813860174	10.260023560429225142343057086691
9.946619564006804026234931370709	8.278580199284746754528896417469
9.648687383213044199692376423627	7.567388670288940133445976243820
7.353712345971617381223950360436	10.326841028513330300597772293258
14.014768919816855685667178477161	9.957765728318708653432622668333
9.587261446925332109003647929057	8.389255591754981367103027878329
11.240836583456921715651333215646	13.079980038487651228251706925221
11.081535597093724376804857456591	10.419082760727503611519750847947
8.461232901202974332477424468379	10.170984474364713534555448859464
10.809734972361852101130352821201	10.936703275153298875466134632006
11.745044205827555927612593222875	8.190912524222689228281524265185
5.893711275297945029194579547038	11.512891105492004228949554089922
12.196086197720038768466110923328	9.896313591370825335502559028100
9.523548671719801461676979670301	5.848084646841566147656976681901
8.491693134755845306926858029328	12.421918160909635631128367094789
4.407734443312539163173369161086	10.704184494361772550519162905402
8.728036725153961228329535515513	9.271522320841009801029031223152
6.321928810145058363900716358330	9.192418088947825083323550643399
7.765160231665031886905126157217	11.545184215433344832035800209269
11.345894643698413162269389431458	9.905391839830313571724218490999
9.870120961408483495347354619298	8.171620898826473577969409234356
9.337572140764658357170446834061	10.846525734849457478503609308973
9.632957525405828391740215010941	11.149983266994949460126917983871
11.194855243498796681933526997454	10.609358925852014010615675942972
10.266047278981927703966903209221	11.319486419635413909645649255253
8.289474606225894603994674980640	11.409892385299327699499372101855
11.729654359470282898314508202020	9.656652085243880634379820548929
10.918212004296877992715053551365	11.114094210234940263148928352166
8.741383312693486118405417073518	10.975998188279305622927495278418
13.983089097291532709732564399019	7.962176516229554579240357270464
10.501859940854306074697888107039	10.522478417073264367331830726471
9.553900058129777050908160163090	7.054152180489023038489904138260
12.617296645296546486747502058279	7.751162655837779524858888180461
10.225906368760366405012973700650	6.911277707021488581062840239611
12.530770764460347876934065425303	13.781644675020917389929309138097
11.151556620361125382601130695548	7.965617503206197547171996120596
11.341549066395996803180423739832	10.777101495435795541766310634557
11.081244019667463973632948182058	7.537248588413881122960447100922
7.101221242890689566706896584947	8.542699485403186798748720320873
9.359870192677366418365636491217	10.733268708975874261568606016226
12.683959707466538446851700427942	9.629306528545150456466217292473
10.770108002970413707544139469974	8.720799701871213116532999265473
11.530812217532391272811764793005	8.608828654395130897114540857729
14.290497490567631189151143189520	10.263013012764824694045273645315
13.935831356232656119686907914001	10.333621772121132309507629543077
9.248812480472016872568019607570	11.836210946709021740730349847581
8.636907724353976689712908410002	8.090281565456360013399716990534
9.753686664612425616383006854448	11.273744798403971145717150648125
14.745461409165255162179164472036	11.289896164193860883528941485565
11.980874671490955307717740652151	11.825026377718929282423232507426
8.787441294531799229616808588617	9.056584140301286112162415520288
6.748096222352090833851434581447	12.183994546056297281211300287396
9.057325628661981653522161650471	11.868488170914030632729918579571
14.997739460400408617601897276472	9.089962201195492141891918436158
9.204517940330710246144008124247	8.809218538102310702697650413029
10.587262094815672597292177670170	12.253150619544351584977448510472
10.938162209137637148614885518327	10.367105880048795185643939475995
11.430819608422927657898071629461	10.508855912665557852392339555081
8.482493984176558754484176461119	9.242858630670003350360275362618
10.439600542947012229433312313631	9.656275014783558319209078035783
9.592979494488341529745412117336	9.053209831939151186475100985263
10.810530670768946137627608550247	11.191556154421681057442583551165
9.229064407615760856629094632808	8.592880384409030014580821443815
6.311936003884133228325481468346	8.982636113333160921001763199456
11.675703479395691530839940242004	6.361951316415527912795369047672
13.064619135770033864218930830248	7.150581906057069225823852320900
13.769418911128656901610156637616	8.069861260443500938777106057387
13.677881480260385416158896987326	13.343396807093000688837491907179
10.644790686877595220494185923599	6.924656560314679687451189238345
8.511655944060978029597208660562	8.548548346418943566504822229035
7.875422298001124588040511298459	7.768449279435106546998213161714
12.284840275808171838889393256977	9.985689359342966753274595248513
11.151436632512286450946703553200	9.622367301592708699331524258014
9.223892295569754651296534575522	8.755383681032624210160975053441
10.831399077362867444662697380409	9.845893233914036812848280533217
10.135037246618070483350493304897	13.423825575561910028454803978093
9.016194737270769365977685083635	5.234237057805569470758655370446
13.433007985645536663810162281152	10.560175795039373980443997425027
9.884276716000805151907115941867	8.608228624533735384716237604152
7.197765721498406321643415139988	7.395511289831304679864842910320
7.826889968663873986542967031710	8.314172243950499918696550594177
13.153923287550158605085925955791	9.019009859115760363579283875879
9.631538676203476256887370254844	9.697667250251914339287395705469
8.721904772225444801847515918780	5.481008591170536625725162593881
10.181603171656181672233287827112	10.837471312936562739537293964531
11.971918686810511189833050593734	8.530476243888553966598919942044
7.545793974755534705423087871168	12.315314345876487323039327748120
10.391769251305044363675733620767	9.760972003000402352768105629366
9.986440834923676845846784999594	9.467812028518380884634098038077
11.570350656515499210286179732066	8.222724324180353150381961313542
8.455371048497269725885416846722	10.631150914940526774898899020627
7.924300335828800001536365016364	7.771892759428919994491025136085
9.961391832019771186423895414919	9.570429041543661696778144687414
11.493241850496465517039723636117	7.717537629641986640649520268198
9.925039434827249706927432271186	6.050784801432068427118338149739
9.244761683932575024869038315956	7.403203859329077651807438087417
7.063288761419107331107625213917	13.208974305124781878362227871548
12.884148903713795064618352625985	10.103124004428570614777527225669
5.496027955747554649690300720977	12.171595687594331636205424729269
10.527401529092751175653575046454	11.790948391642448456195779726841
9.254082650017021904886860284023	12.407260676656095554903913580347
9.613559230815189593499781040009	8.759813775480889574964749044739
8.481705544628383108829439152032	10.911880906106167898883541056421
7.039445747601916991698089987040	12.815889958010458826720423530787
10.234832954514100578080615377985	12.356439302154257120491820387542
13.233962596884252249651581223588	12.007090316776496408124330628198
8.738544526616506047389520972501	11.206887227081130831152222526725
12.054184652857205861664624535479	9.965007948887045330366163398139
11.172532699558493263225500413682	10.403601707339310777911123295780
