30
0.449893304578402597471153967490	1.264030926943050525679268503154
25.025393000257036391076326253824	6.999860906727838560925647470867
9.341501458471514141024272248615	23.517128658984063349635107442737
4.241578072615908467923873104155	4.509528994096786647105545853265
20.430302637303618951136741088703	20.380131691182747033508348977193
18.835887941828929115217761136591	11.469299492011453267537035571877
6.915987833329952927385875227628	5.956966311006891778845329099568
8.934981060386027351682969310787	17.209853715722690736811273382045
19.879563139232775625941940234043	4.189988718207031226370418153238
21.649106738061973942421900574118	6.601308558678317339740715397056
18.020738193068179811007212265395	4.084967222450915258491477288771
10.596860517730464223973285697866	6.157747117447592621886087727034
27.089243906420676921698031947017	13.573924612853184967775632685516
7.377275042177556585443198855501	14.210108973712120672416858724318
5.486825154761270972869624529267	29.884005239601098224966335692443
11.743668428578427409547657589428	17.263797233811239095757628092542
20.445629494037810047757375286892	27.898528739470254578236563247629
22.648301657759940752612237702124	14.681553128645980166311346692964
11.769030396261058513118769042194	20.962791527480753472900687484071
24.980597892276023230806458741426	24.565343985067009668910031905398
10.738557476110537791669230500702	15.511213497800103056079024099745
24.510967526489302770187350688502	21.999161682115893512445836677216
7.724878622279990558752160723088	22.966470831852149103724514134228
21.291130100877204256448749219999	22.247546412433393925311975181103
23.411225496498477838258622796275	29.214223260949207627845680690371
8.630489979329622585169090598356	20.795435979749033350572062772699
13.504568280987902184619997569826	2.435737920743997975137062894646
6.817253553879720762154192925664	8.937357011116510818737879162654
9.252295624846722077450067445170	2.862452081677784310187462324393
7.145576372284592636674460663926	6.923577525946726041183865163475
