30
7.934928410168912371602800703840	26.910921937444751250723129487596
21.586821147024661371460751979612	24.585884150279536441985328565352
5.252355134482575849119712074753	3.051660083376515064657041875762
15.147601691620371511248777096625	7.348033333376179143670015037060
17.575649445475136189998011104763	0.006873543162990713994986435864
14.664258348541700627265527145937	23.224866689285295962008603964932
4.719303342263454936755806556903	21.922260977956543825939661473967
20.511285184512306756232646876015	23.674128064205188337609797599725
2.087427576287815611522091785446	1.670185664287320292942240484990
9.694437422442529594945881399326	26.929293608874516507967200595886
20.837379098081211026283199316822	8.451365891210947722811397397891
5.525894573789392971718825720018	16.348087997333216492279461817816
13.156308722531685262424616666976	20.734131285753740314703463809565
10.232325473244998192967614158988	13.210565843068215130529097223189
7.622542049869393210315138276201	1.588849663843910908767043110856
24.214639063676152375137462513521	17.485231454524853944576534559019
26.553887950310027576961147133261	9.567836944173564006632659584284
0.942885130356735379208998892864	8.263166228833853210744564421475
28.318473559038977782620349898934	8.739929794353143321927746001165
9.253360769005800179343168565538	6.848419466032553692969031544635
16.854640008659767858034683740698	14.484563798514811239215305249672
5.237564429158414469611670938320	10.375921862181003874070484016556
23.842630891243459245742997154593	1.697109783012550332514933870698
7.012573155939890057197771966457	7.381920475481819288177121052286
10.560749968389194108908668567892	12.686802118350525958589969377499
24.722511506250821611274659517221	21.884222198681435145317664137110
26.197571578960651805800807778724	23.098959990677776943357457639650
0.934828598808360444749609996506	13.789007199065130393478284531739
21.929313540840006169219122966751	2.258385700569710330398720543599
20.450839234511633435431576799601	17.745871007544231190422578947619
