30
18.939736900209602765698946313933	20.901668580972433630904561141506
9.048528983824279947612012620084	14.176640800678933729273012431804
3.871454216794773195431389467558	23.301411898273286738003662321717
11.746494127146821284668476437218	16.864618867927898548941811895929
19.093040053681718859479587990791	14.111171339681984449043739004992
18.395250810158533028015881427564	26.377730162182782436275374493562
8.612082962457174417636451835278	0.829504541493026881227024205145
18.872705670238513420144954579882	5.537850321225881167208626720821
19.934492571132881977291617658921	7.994720717396049280978331808001
16.989856987354340134288577246480	21.767715613349906789153465069830
17.482296869255982585400488460436	6.452174136432033080268411140423
0.847989752181173006562175942236	14.687507021087355951749486848712
8.361726820863236042669086600654	0.228989851907208663561732464586
4.705457926758237263697992602829	13.818398035055322381481346383225
11.095336109034320770660997368395	29.170366047425680733340414008126
15.383701276320767448169135604985	10.592710925936552612824925745372
13.491868586536911678308570117224	26.692223471961820990827618516050
12.867228789479071338064386509359	22.905199810378643832109446520917
4.535423067657706752697777119465	3.494814885680301852488582881051
2.709364782623405965011897933437	9.564936468522853729723465221468
29.237513786536606374966140720062	21.965817517824188342956404085271
19.290947566483186648156333831139	27.934656813788439677637143176980
9.800323079900728373559104511514	21.241148169541940404769775341265
21.831388546879232137598592089489	19.431908085804760588644057861529
19.471192544962626413962425431237	26.267263839835383265608470537700
23.585652773168643392409649095498	18.710492230693922977025067666546
1.573213316249287840875581423461	6.282360196320563971994488383643
2.798941507790831728641478548525	3.933555975659487558004911988974
19.816231908649434956259938189760	10.973260357405628440119471633807
7.967456844487720957204146543518	12.842878738957629991546127712354
