28
0.002116365768607408881507581100
0.431337542340217261482848698506
5.034764502400332020215500961058
9.798667706057486270765366498381
17.312961376711783145765366498381
26.391503785008364246778000961058
37.632835514194319159742008196190
47.624772823855337833265366498381
52.589330471560415958265366498381
80.987802605543492973083630204201
99.878529569203635674057295545936
112.256013094680525910007418133318
127.212240417857799457124201580882
138.049459656139049457124201580882
151.316414381776127129342057742178
183.443428541932377129342057742178
206.924126173768314629342057742178
238.118483632566835694888141006231
263.054716595981062710052356123924
279.821989545199812710052356123924
302.025411240776179511158261448145
327.989297803566728362056892365217
351.529748438145531963527901098132
370.082494056915379587735515087843
419.705174802773910869291285052896
471.900509767327150711935246363282
520.626963461141713196411728858948
570.249644125204213196411728858948
