28
0.022754352289538815057312604040
0.809243690457599029741686535999
2.140608722395803908966627204791
9.208529933359784536150982603431
17.166839772887136916779127204791
25.451851064391043166779127204791
38.899206471239693883035215549171
61.929405385680105666779127204791
77.153143238817818883035215549171
95.213302785582442311351769603789
110.437040638720162633035215549171
133.329055959410567311351769603789
162.578155690855879811351769603789
191.251074147020943883035215549171
217.358019022226272909392719157040
248.656779923145904831471852958202
266.493377858824658233061200007796
307.227630788512158233061200007796
350.014777459283095595310442149639
387.565347769028562652238178998232
422.026840384989782251068390905857
460.650116141825719751068390905857
505.774798453450785018503665924072
563.205950797200785018503665924072
630.457842887044535018503665924072
658.357993237449250045756343752146
693.140982678556156315607950091362
722.584796012044535018503665924072
