28
0.050611625776169955059913263540
0.848095311617244496105172402167
1.827040174889166479488267214037
7.310685142881979459161811973900
20.335869811689860853221034631133
23.938669035873736845587700372562
35.357130242925052243663230910897
44.150747491460208493663230910897
63.838060980887171069753094343469
80.664234353642825681163230910897
103.389415933232669431163230910897
122.619004918052439734310610219836
135.078640176396731931163230910897
161.378582192998294431163230910897
188.377318846858997858362272381783
218.940978514827747858362272381783
235.706781102134470984310610219836
276.456872654868845984310610219836
312.116784764243845984310610219836
364.842370701743845984310610219836
395.724590493779544431163230910897
422.723327147640247858362272381783
451.041009617759470984310610219836
474.450586033775095984310610219836
515.899133397056402827729471027851
579.010986724878762288426514714956
621.391656590415777827729471027851
684.503509918238137288426514714956
