28
0.009603887294119317630247678608
1.252387000728941046645559254102
5.680773658422104688270337646827
9.711186248319247482641003443860
20.548864705626922244618981494568
25.669678508867988853126007597893
47.189088949367324232753162505105
59.387697347804824232753162505105
90.323350968839406505139777436852
109.739322955788338731508702039719
127.931367637151723215538368094712
159.866845847600927754683652892709
177.829675437444677754683652892709
204.224282981389990254683652892709
220.605157615179052754683652892709
269.061990500921240254683652892709
285.442849875921240254683652892709
317.221200705999365254683652892709
335.918863059514990254683652892709
381.893625022405615254683652892709
404.594857932561865254683652892709
430.321023704046240254683652892709
466.467050315374365254683652892709
487.075875998968115254683652892709
519.927499534124422098102513700724
579.127364903478110136347822844982
623.030771018499422098102513700724
682.230697423009360136347822844982
