28
0.000298151894622566970838306588
0.316511283041991831055383954663
2.759407690554937175875238608569
9.191844231319706182148365769535
16.411532402113593320791551377624
30.404293021171749700215514167212
42.731147636902854003437823848799
49.950835650679337618385034147650
68.770645564314591524635034147650
97.197933619734513399635034147650
106.709401888046699014012119732797
125.529210848007636514012119732797
153.632954066511842938780318945646
177.500005525742011514012119732797
186.683126253281074014012119732797
210.391515535507636514012119732797
235.020284456406074014012119732797
266.172819499937190812488552182913
283.926696528543004660605220124125
298.899443035093440812488552182913
322.607847576109065812488552182913
347.236631755796565812488552182913
397.399717693296565812488552182913
441.131743626744139419315615668893
481.385984783140315812488552182913
513.461363201109065812488552182913
636.389403538853571262734476476908
694.351866917759821262734476476908
