28
0.019205388536569500956829870120
0.571720403288013434561776193732
1.873303693388111090811776193732
7.604008477781421859731381118763
17.462831501389395327805686974898
24.937511448288809390305686974898
39.989128392789965005249541718513
47.118636121832537355658132582903
60.795392026983904543158132582903
80.132957462693113370733044575900
92.810852054978269620733044575900
107.862468999479418130249541718513
130.405460637663026091104256920516
149.123856340371219175722217187285
161.801750932656375425722217187285
193.718814241167052614400745369494
229.398773062409077283518854528666
254.457248079057677614400745369494
291.034418563610302044253330677748
322.032317706473691032442729920149
346.921205698456617483316222205758
389.854342460258351366064744070172
427.211489677055226366064744070172
459.392580985648976366064744070172
510.614901542289601366064744070172
544.162961936217584479891229420900
572.327303886039658209483604878187
704.167471104621427002712152898312
