75
5.886358257129641557980903598946	2.104526534983794938682422070997
13.280934880833260791632710606791	8.582090992162484610616957070306
11.187837560140255988017088384368	11.641196786653337014172393537592
9.158865945499510274885324179195	12.828193996960379763550008647144
17.852680848013658732043040799908	12.444947725602558463720015424769
7.212686746582189556420416920446	6.881911222350510115575161762536
4.404096479463782465302301716292	17.109201984035344423773494781926
12.862734675451134691570587165188	5.293985566610714954549621324986
1.311449835411081510372355296568	15.101866012372447301004285691306
16.598990382714269742336909985170	4.434051015339177226337596948724
15.430951476731975091638560115825	10.719782633488296852419807692058
6.358208656464629626725582056679	7.567451341453762303501662245253
6.606212763417940614374401775422	11.714461818262499548382038483396
16.522973832794445314675613190047	14.208967321194439392684216727503
1.757496723673932503828609696939	11.229240278435412392354919575155
19.995096027403217675555424648337	10.949910638010271313191879016813
18.389776473177075644116484909318	15.875675983477607999816427764017
17.569573506889788916396355489269	3.013595151337852051653953822097
12.481012006628294130905487691052	8.077912443664420294453520909883
17.561786217248808839030971284956	12.892894472257125926262233406305
14.355749874059004156379160122015	12.807566336639743198588803352322
4.426671929845724662300199270248	1.785473469956390113466682123544
9.054936428183532726166049542371	15.065668331641768773465628328267
7.635289321988649291483852721285	18.214313941795186480021584429778
13.186880593241525616576836910099	4.066469916553484331700474285753
4.197598092052841955990061251214	15.522962061902664032686516293325
4.871368346773294888407690450549	8.225310733548681696447602007538
4.649316432492955897259889752604	1.249662407271919795093140237441
6.200439383224415124118422681931	12.044520699172231559259671485052
14.391135015562277033041027607396	18.496423539773033439814753364772
17.319425485518976870480400975794	12.173983018756263874138312530704
8.249356872327153311630354437511	9.881454811589556186390836955979
11.796605754263616461230412824079	11.417934366866962392350615118630
9.962015275298377048329712124541	6.268023661048498063053102669073
1.702306826640882508883123591659	6.613482271477268525927684095223
4.462893788485832402557207387872	10.642847329152134605578794435132
3.149855717253550402290329657262	12.341290063077385852352563233580
6.270341408765946589198847505031	4.944547110032222470010765391635
3.976806091438069845622749198810	6.081686914059557302891789731802
5.939525763008351333382961456664	13.251402261321709730168549867813
8.649985078954900430403540667612	2.472318833975931440249951265287
15.048885325189020889524726953823	4.670117976470328002847054449376
8.006913864533821367786003975198	5.766455001063296670338331750827
12.013254572652609653005129075609	13.935257047210262371095268463250
8.557302016444209513679197698366	10.047700810875513255382429633755
4.653799835213644264797494543018	16.917591612694977243336325045675
5.309563619644852572321269690292	0.522354167386441803344609979831
10.461371621122617980859104136471	19.192991211106146920428727753460
10.058244857678717565363513131160	17.023322419620924961236596573144
4.549844030361632540859773143893	8.567990098321450531670961936470
16.501515396600265006554764113389	14.064629470517420628539184690453
9.131633316199666339230134326499	13.806904090120109884765042806976
7.590183216462101256638561608270	7.724452141688709083666708465898
1.401102037922333787278716954461	13.127113318828044441488600568846
11.143767403526133819013921311125	14.506493382112704892961119185202
0.538991805856431360766123361827	6.467594898626868094027031474980
11.853642813238732145464382483624	0.387497509419973962252470300882
10.955296720544552613318955991417	2.709876711800072168756514656707
17.719721197143250890349008841440	12.229118061474126832877118431497
3.271393395073174392706505386741	13.719346964779759900920907966793
3.446371613130843947203629795695	5.420513372935312546019304136280
6.663164400437584511394106812077	3.676114442198692433549922498059
18.182066017272397573378839297220	5.780235229625404258513299282640
19.664283924743706677418231265619	8.985157904965547004394466057420
14.692979879257471509390597930178	14.523145721203684743727535533253
6.418667257384383262319715868216	13.521630610128895000343618448824
10.172062906261093218063251697458	3.921335836047829204176196071785
11.496179907588818025487853446975	6.502378013262601008648289280245
7.248659100484003303677127405535	0.192627664901466877367397501075
12.123507467066664489152572059538	18.972917594891956838409896590747
3.638419262845634882808099064277	16.210152295440053649144829250872
4.792239309728222096396166307386	10.343624351408889694425852212589
15.660184480568117848520159895997	8.662714846182852923561767966021
1.377828666197065121679088406381	11.038268528399472145906656805892
1.118404863918639469133609054552	14.087449521544098018921431503259
