75
18.384778035343767754739019437693	14.705424405852877356437602429651
16.327828186879891347871307516471	11.349776437854069754962438310031
8.357088461123515443773612787481	6.120371183501770673274222644977
3.623106132251864508475591719616	4.893188099470242136135311739054
7.150096713399845427261425356846	18.726091546906737050903757335618
9.978220395768056860674732888583	7.312595787922667511793406447396
18.276451817354249840263946680352	1.484306363301794995379623287590
1.227983292668886061704824896879	10.585229133097033837884737295099
14.085013552069002074063064355869	18.113738787143308428539967280813
9.408588771608284773151353874709	6.931331392118732281915072235279
3.770765486570175628600054551498	2.863219910729136508109604619676
7.408037314143631313356763712363	11.073782613585214207319040724542
15.300933190454314214434816676658	4.852557006507539405504303431371
4.096871738184369782231897261227	12.329676100919511938514006033074
12.930728327757336160175327677280	15.579756796014075703737944422755
14.788015465754313026991439983249	13.320076422930419823842385085300
16.349161208066462336319091264158	8.991078696297380545843225263525
5.571330349127737946446359273978	9.538820863086693080390432442073
4.924502010985727373792997241253	7.245251067405546585575848439476
5.820454369939564109870389074786	5.056993936189982719042745884508
19.084062556026271550990713876672	16.795066049456409018603153526783
7.587496415347676936846710304962	12.706449702763606524058559443802
16.153304247979129115719842957333	13.979313247230123806730262003839
5.299802484071479469207588408608	5.890651372097486238033070549136
5.345680182865113039269999717362	11.726704744872572305780522583518
5.763971280562604881936294987099	5.646221868203701532706872967537
19.902436390452987069465962122194	3.451881775890262016304177450365
17.559095255667564572377159493044	14.690636982054725123703065037262
15.714696534191734400565110263415	17.540152754978770133220677962527
16.216101707179539914704946568236	17.061877309405645064543932676315
8.376643718398835147809222689830	9.962757238243435509161827212665
8.651658096900103345205934601836	5.658768214008880192977812839672
3.012627023712142193545560076018	6.822411336410565851906540046912
13.502633015771390745385360787623	4.636667504389030192157861165470
2.198881682698360151562155806459	12.190282771147749940610083285719
9.546461047952146117268057423644	9.629079705060849647679788176902
3.856073440113250150318435771624	5.663691789601057458014565781923
3.090589027844530267685740909656	10.731978358448147403692018997390
4.546244670639629781305757205701	15.369887634470845938494676374830
3.252899537824690767706670158077	4.532818850107277697247809555847
11.714807185950515844297115108930	16.900869382533752371955415583216
3.404842706490649462125475110952	1.974483734472919360669607158343
1.194322422931745064644815101929	9.536228829588392130744978203438
4.592681070808697363361261523096	8.711670281523819170388378552161
16.796572295832707055751598090865	13.364906721528061694925781921484
10.860372147420779498361298465170	10.833437179291747654019673063885
4.378850412979215178665981511585	1.072159770576522896945448337647
3.660156493319457471358191469335	5.195239488098605029620102868648
8.714124760444775574796949513257	18.011909159259996471291742636822
0.601379896400026092706525560061	18.670121239362021725582962972112
13.844960486861587867224443471059	16.936842452265494785024202428758
1.912710900443133077430957200704	11.987643785529334294892578327563
12.643038595609146668152789061423	5.770595049645390162140756729059
7.185152481210234753916665795259	1.224120724614822242060085955018
4.311070645182029537068046920467	8.441300247892783659153792541474
6.759258325505316022940860420931	1.170597847886319931021148477157
12.251720161816020748801747686230	9.674574696508685178741870913655
10.267666367823590434227298828773	14.504222912114926202775677666068
14.564195575441333474486782506574	0.013127704507736037697895881138
13.927982162658272713429141731467	16.078528328861427354468105477281
5.697538829805822047092078719288	4.768271881464361428015763522126
3.780455482844761405658573494293	2.071428843401937669455037394073
8.881010075130300052137499733362	3.129734265043415675222604477312
6.637155746511901099893293576315	9.920930461003006683995408820920
14.675780824299524240927894425113	10.488548949858003567214836948551
11.389645369974557453929264738690	13.629618755216936776264446962159
5.423836979851858863810321054189	2.440687968590004253144343238091
7.517579361957582584352621779544	19.823042487345166051682099350728
8.819996375015438871969308820553	17.879222246797368711668241303414
2.168534246894056050081189823686	7.141898094310575650922601198545
9.170572355282397225550994335208	12.270587616565457267370220506564
13.078690076581530377097806194797	13.474903485294486671364211360924
5.435211818469517730534334987169	7.790079580068294262673589400947
4.272486410284656699332117568702	9.233864437368143995854552485980
13.485811290661812833491239871364	13.310377651797832498914431198500
