75
9.378658188198071954388979065698	2.834007327833831801910946524004
15.235684716756725975983499665745	4.308126134700080989148318622028
8.804480402122429438804829260334	7.114877833226612935391131031793
11.516400110561539449349766073283	13.281151838187065905572126212064
12.818733715257458527503331424668	8.836951965334787217898337985389
7.964947847907463795991134247743	13.889348784610273668249647016637
19.694903028589003213255637092516	1.416372811203149950642909971066
16.961727844209509186157447402366	10.181733908954596401486014656257
13.956466024339015064015256939456	8.410286608798850593871065939311
5.991994074269476833194403297966	11.053005099982168957239991868846
12.086305502132857370156671095174	14.820258375270725537120597437024
5.760642073516231143059940222884	3.774587843521081786946069769328
11.138043419355916796575911575928	7.688504356184544974439631914720
12.205325461751659332776398514397	11.019696910620606189468162483536
13.571032237908646322921413229778	5.736796481429756511261075502262
6.006964303728042686714161391137	13.167072020719055913673400937114
12.222264781703664482392923673615	8.992345776466917683933388616424
6.394970981337936954957967827795	7.871252040933226723495863552671
13.796186911391664864368067355826	8.311834348638612368631584104151
7.804954957369334422878637269605	17.362472904657465733180288225412
12.352262370091288801177142886445	3.604521859645984704911825247109
8.095671183582336283279801136814	9.329644899175301375748858845327
18.523505061034811092213203664869	1.855527150784151757534345961176
14.123663290805026804264343809336	7.170089660272445541977504035458
7.674771031653552455509270657785	9.609112830318570885879125853535
4.771109160055300613123563380213	9.040478211417156018114837934263
12.109705661442983881670443224721	9.643196215039367302779282908887
9.495434063368637822577511542477	19.181175844840296917936939280480
9.064406725900379768745551700704	3.578143261031407895700340304757
10.361407351188580250322956999298	7.734956594618067171609254728537
8.635327504813409049688743834849	6.753490139808985937008856126340
10.565846637897877258183143567294	12.216680920636163065751134126913
6.548086515306392740853880241048	4.454627168602607767411427630577
10.138589444443111275973024021368	9.764594805086513673586523509584
10.470973009642875695135444402695	13.015444689328113270221365382895
7.890822949281819376210478367284	4.634421382354225293909166794037
12.048870879081835738588779349811	8.373683399603280008705041836947
10.951450895327653256572375539690	11.436058113344996556293153844308
11.049035383866144144349163980223	5.393978223921308767785376403481
6.706441787498550688439991063206	19.618917642765755005029859603383
12.625583916594200317717877624091	10.702340180109821687892690533772
12.712300757101861137243759003468	12.369060344693462383247606339864
3.765990164476955115446799027268	17.044020608336509781111089978367
13.889878760693299852846394060180	13.632369461566755219905644480605
14.331535533606743371137781650759	10.839641180581729429377446649596
12.916053283508764693010562041309	7.467332827931428163026339461794
14.827655313628330446817926713265	10.430730514914843709561864670832
9.424347287491317004537449975032	7.384822562930406952830253430875
12.840504532284592542623613553587	5.117932729128895630310580600053
6.398848548486611775842902716249	14.571559162434706280464524752460
15.313042969616221355977359053213	15.545782570894434826413998962380
9.837260509935973118444962892681	13.908954721089042294579485314898
14.031125771594991746837877144571	8.104847761294003305465594166890
13.373814548450837946802494116127	13.013054164768343312630349828396
10.217375091994027158648350450676	3.567885484448138910806846979540
5.790515015278677957155650801724	7.928446659450516520450946700294
8.185208083109877463812154019251	9.095785289738437029427586821839
3.037872416843194756097545905504	10.151067794055174786649331508670
8.927760786241407231500488705933	8.270854143591561680182167037856
10.870549000473619827289439854212	14.308039147188146955613774480298
12.883634283440596135505984420888	9.079463574682632653889413631987
17.775467229372448940694084740244	6.995284902738792887078034254955
19.525983611051991317708598216996	7.192044693046254266732830728870
9.748339765302112880362983560190	15.243342837242586540469346800819
16.673284254287416672468680189922	14.588006715147589176240217057057
6.527151213513269212285194953438	13.162688217641184351691663323436
12.038975038051257016036288405303	14.556026342967218312196564511396
13.950325695564369965495643555187	15.983070840376363719315122580156
15.635676885656842216576478676870	6.768918659210874544385205808794
14.176531234274172277309844503179	7.709419798356046626963689050172
11.286250680728104001104838971514	9.987047978069799825107111246325
10.725209218070430594593744899612	7.315649863225380578057865932351
5.368035426974040014158617850626	8.367841113359700599971802148502
16.391517219311449338192687719129	12.650398040751371198098240711261
3.377537208183892580848350917222	9.840847640597825574104717816226
