75
6.659269663212711520827724598348	3.632982827946028336896233668085
8.565812560267239916811377042904	12.691873310418102960284159053117
7.021379137322423247269398416393	11.428845491474472595427869237028
10.377267606923751941394584719092	9.459074098355797488579810305964
6.175621501128870427521633246215	9.334992997047578455749317072332
14.028142831786901467694406164810	13.192925373080827355920519039501
8.778411517376948580704265623353	17.429083971110159723139076959342
9.596429204608522667285797069781	7.891210727951082581910213775700
14.234847152590406338390494056512	7.600919888950047109688057389576
4.268135985183406866383393207798	6.492860863789137404467055603163
8.071666856120502941962513432372	11.701718555762555595833873667289
5.784335207479328389013062405866	12.212647069751199069287395104766
13.157742033119099289706355193630	10.663291551209390206622629193589
9.431122312650234817965611000545	2.522142960753488871716854191618
10.029482440493829642491618869826	12.545968903488379453392553841695
7.428989448624045088820366800064	12.334770425413013938964468252379
7.152545553844577241875413164962	8.138119897901932020545245904941
7.874677265874311160587240010500	11.884009543120605201238504378125
5.970218171122082750912340998184	9.073527344261648863721347879618
8.307567127737033985113157541491	11.795900649079085198422944813501
16.029963147484490804117740481161	9.905954227986965676677755254786
14.410336102121577894763504446018	16.750465047861066381074124365114
11.337134468044563817556991125457	8.575607630773250278366504062433
13.513367870719131147438929474447	5.818259458353828961207909742370
13.769819968702716295183563488536	7.704308138745837197802757145837
9.868221988678739009515084035229	5.169523188575661620802748075221
10.003619532393123847668903181329	7.710237165201583309226407436654
12.830508197840114092969088233076	16.080235032071520606677950127050
14.619482200692697659860641579144	16.902342935958845515642678947188
11.047632437820391615446169453207	14.158994361904760239667666610330
10.662916915102464088249689666554	4.209295467645368660214444389567
8.739086887019412941413065709639	3.489670318100476897882344928803
10.766995311101581478396838065237	10.595975926440317493870679754764
7.123156156304752961716530990088	3.613911056728599469067830796121
11.277216416321852676674097892828	9.793764006832400781377145904116
6.630846235673906186036674625939	14.076157854989151729796503786929
12.423916078007414043327116814908	5.994575080102529263115229696268
12.699743886291043892811103432905	11.022008619491156622416383470409
6.543171046669442603160860016942	15.689337653349351597853456041776
6.473027445308377814114919601707	10.227040347232581041225785156712
8.423396224348223881861486006528	10.487641401556350828627728333231
16.637756801016426067008069367148	7.528739466238352662230681744404
7.736537195478858208730343903881	8.976411967346248133026165305637
3.191134430270669675167027889984	14.815427643104378319094394100830
12.716727280230889718382059072610	7.365980046418747484437972161686
3.583052064142754566944404359674	18.442570238307411045752814970911
8.810030242378568132721738948021	5.640820101008648279616863874253
7.865005848779452968244640942430	12.361051994799801434510300168768
11.639785089557033614937608945183	11.275415845571302497774013318121
16.971301290410551132481487002224	15.126368818833061169470965978689
10.800331829722740195620644954033	7.987794009796634675524273916380
5.268911423550516559544121264480	14.350180132571351165893247525673
10.151654727835747848985192831606	4.344948988766041964026953792199
12.647812897201843540528898302000	13.419010640010444745939821586944
8.233115334000022045302102924325	7.899247065977208492881800339092
12.002998312595970276106527308002	11.577129350177330024962429888546
19.858656582074715402086440008134	15.354569165448552325869968626648
3.941354205716346648102899052901	8.005228790384510517696980969049
3.932943293740929213697654631687	11.141839017832232627824851078913
0.848899729427415650206967256963	3.893013894159013332796348549891
5.914568317391215579448271455476	11.200207343170596629988722270355
7.732566421856638783083326416090	11.547530509321305203229712788016
10.729384323003923640271750628017	10.460645401279997201982041588053
8.829181269125053077573284099344	4.215244621065528107806130719837
10.229084601175154389807175903115	4.446148168657125587799328059191
9.902600527251982143184250162449	9.268802127698640092035020643380
15.020604225765184835950094566215	17.014326185893555276607003179379
4.695621732732941033816587150795	10.465302880179995881348986586090
9.184702994478971760372587596066	9.018482442796653231198433786631
10.450055684009306844473030650988	10.139812994803550694200566795189
10.072686176198780927393272577319	8.815197487209402993357798550278
14.179554718150463088477408746257	3.986900924788103317553122906247
0.238537136634860758022114168853	8.484776229337104069827546481974
5.413677965889385212960860371822	13.629030594053451963532097579446
9.101588095614491891183206462301	11.067778319275390686016180552542
