75
7.027628467249289911933374241926	4.718578577860348843842075439170
4.449365537989029562027099018451	17.402591990334105531701425206847
1.954573258436855809350163326599	12.636656257189978092014825961087
2.348577308822468179272391353152	16.990638626598041582838050089777
7.618568387821373910639977111714	18.437394657874165204702876508236
4.774869501428260498698818992125	2.221133120213594214220620415290
9.019063379272147074061649618670	8.772670557499322896433113783132
8.073888044987050705003639450297	0.095826127845799469184839836089
10.339411978544774228794267401099	18.188941309191843487269579782151
16.749057068937382553031056886539	6.613379948229414218019428517437
0.555105602631189576356973702786	15.285593050556450123167451238260
19.953946984264302244582722778432	12.696905657870940942189008637797
10.578522738320078389051559497602	2.935772894417973954972467254265
11.259187328250888526781636755913	7.072493002079256463332512794295
7.105271116712401635595597326756	8.285160549838844090686507115606
5.855359035657727417856222018600	14.138663506919398216155059344601
0.326346137573310102197865489870	5.863048569905795481815857783658
12.270369081009977918483855319209	15.432115819744280926784085750114
11.190643863223037612897314829752	4.048989633807731358672299393220
4.989254547360659763910462061176	19.571909005351400878680578898638
18.404282676256453754604081041180	15.457175580880113230364258924965
1.404763323226707605329011130380	13.700366323960192715958328335546
14.315431067833017664270300883800	4.489816292518535867372975189937
2.697465734078876575807726112544	1.173083860128767419439554942073
2.409885218582532573350363236386	19.122490254404716836234001675621
10.096569315542803124685633520130	16.290564132363698490735259838402
11.993641018603621972715700394474	19.361544027273293266944165225141
9.077882585327568421007526922040	6.948399565658656129585324379150
3.544242795481256091960631238180	13.626301543672457938782827113755
6.599632000607124737712183559779	10.818205644988545088835962815210
10.037462985898958578445672173984	16.776963199695039463676948798820
16.092265120267843059309598174877	1.713395964761523782016183758969
12.264419729302565187367690668907	13.256299399220516477271303301677
0.896569617598459434049118499388	9.016326632985780520357366185635
13.448078260008760054233789560385	9.989767178756782328719054930843
3.448572046455815609533601673320	5.788222872151580489230582315940
3.056043682658908799965047364822	3.567574454054449617501632019412
10.278047728350097500538140593562	6.446466114393787805170177307446
16.469768864879178238425083691254	3.858581061352239771622407715768
1.395979733324717031450745707843	16.924737760086511428880839957856
6.885321862827242789251158683328	15.656129598383930812133257859387
14.369685003536725176331856346224	1.399874136032479565727726367186
8.702801197475940497838564624544	13.816958974745352506374729273375
7.598338382930545087390328262700	16.248128753221912745630106655881
3.837617267477839710920761717716	13.176989108780770010298510896973
5.017917054154274580923811299726	11.007920518724535696719613042660
0.779674785746269360942051207530	3.333074351429330395291117383749
13.708104000919963283422475797124	14.244980722299025899246771587059
15.163671459928957929719217645470	2.060434760099159046120576022076
17.124311062324444776550080860034	2.524691661985634105747067224002
16.612147938101216482209565583616	5.730188648949372520746692316607
4.008350956369516993049728625920	1.440102397798308508924947091145
17.134342460057883528179445420392	19.345634233573981930476293200627
12.203982183360436053476405504625	14.650821538875648641919724468607
19.095703761862331759857625002041	15.504824923669115577240518177859
11.385602741839200291451561497524	12.110639416382650068726434255950
13.162797423444796862668226822279	10.324157595492057026831389521249
6.208638613893999291803993401118	5.304906800159905344571598106995
8.072201072910001329319129581563	6.610285352019951155000399012351
9.314129445552865149693388957530	15.017281561328259087417791306507
1.972719861026770438172661670251	14.605999972326433322677985415794
3.907725655155842581223168963334	15.007690971563638626662395836320
8.887154064734087199894929653965	6.219390526551453746151310042478
19.769950875815180069139387342148	12.335998417449925312894265516661
3.131544049665695439443879877217	3.090008716561309931591949862195
2.054131966507690698620081093395	11.377692801801975619468976219650
17.013284739003562862080798367970	6.855514968790277663401866448112
0.418113317634738468342447959003	18.559716406343301997594608110376
9.791422675052970703291066456586	18.283146180568394356669159606099
1.466130666553151495890006117406	1.298688983932594354087086685468
18.332490502458153258658057893626	8.850014758354113553195929853246
8.713328524484785120307606121060	2.767291310146944294245940909605
7.590417089712580001048536360031	18.045652011240449041906686034054
11.120675382067242153993902320508	17.016882022059263590563205070794
8.322006118850746148041253036354	12.364395682082701455328788142651
18.102552874877563482414188911207	7.774684693901676268978917505592
0.831917844294336461530292581301	8.318881011839048156275566725526
7.865090240887759875931806163862	19.765439025477160583932345616631
5.234958650382286471369752689498	16.469208824582132422165159368888
12.825198888369314431656675878912	4.695880490496023185187368653715
15.163800314535912150404328713194	17.414281711646349748434658977203
4.845624939432777722458922653459	2.148022615028100101852714942652
7.396676750341844019942527665989	5.083482333145726173029288474936
3.038333131210311233161291966098	5.380258208021948540533685445553
19.072866729911535088604068732820	12.442865417037403119593363953754
17.067205724598434102290411829017	19.166484192465244262848500511609
19.559334831942834398432751186192	1.650925871839126202189618197735
9.794340686289128683483795612119	15.167312940229109585743572097272
0.310328467848335343148846732220	17.448694903909387932117169839330
13.615925339135287686076480895281	12.968110178580429803218976303469
19.878882179169025334886100608855	9.036933671910611920452538470272
11.920421088455640301617677323520	0.023274760274243355695489299251
5.757100480478372084292004728923	8.103972796564423930476550594904
14.664147283767803742193791549653	0.158948318843732394611834024545
0.960646016933981439223089182633	4.635547561994972198817777098157
12.007167263844522153704019729048	4.435705510208503454805395449512
18.189317243301509563480067299679	12.139775308677542398072546347976
15.036915366529360227332290378399	15.252513155400817979057137563359
3.676147625736154722630999458488	1.437779630228992466811632766621
13.276869752658527090716233942658	4.904756850077434116030872246483
2.139447829101510656357731932076	14.970588332985316881718063086737
19.806127952927440105668210890144	9.268725628125553228642274916638
19.025773976981046331502511748113	7.285357673353836105434311321005
2.730154016634860347778612776892	8.303471590213966635474207578227
14.680118249264801022491155890748	19.106339121332304387124167988077
4.355897098685099777526374964509	9.421699059733727565912886348087
1.212373618716171552733840144356	2.597592132952286636538019592990
12.727881816660433500487670244183	18.920404284768448377462846110575
5.083354443701797009680376504548	2.416742568725631645776275036042
18.478065273707265703251323429868	11.688931854791047015851290780120
0.606604424249581608563630652498	7.344070861546803108410585991805
9.174622388607149403583207458723	4.455430435638010777665840578265
19.048663329680742606342391809449	13.386569052855591621664643753320
19.620759304408739609471012954600	19.341948694062576663554864353500
2.132754325716212928654158531572	18.944777048929857699022250017151
19.662822984340813547987636411563	17.553705888906524279491350171156
18.727962518682659265323309227824	7.970962866518718215047556441277
0.434599929991601463541428529425	14.086107602434719154871345381252
19.007832011471993638451749575324	10.619866122206218506107688881457
0.586596540115880138444026670186	6.435544171360454868136002914980
19.496760069077541999149616458453	18.509688176036583229233656311408
16.342128207585549404257108108141	4.805189489196967755901823693421
8.731944351586989228053425904363	12.336506461751877594679172034375
17.283027250149395115386141696945	8.951485439935426668967011210043
18.050277246538200870418222621083	2.455633366489673452548458953970
14.357862010074651237800935632549	11.705185624638168917499569943175
7.667190211366143870463929488324	8.438432976167053567451148410328
4.067263128361622293027721752878	10.922570461123065399533516028896
17.766943731092091240952868247405	5.256575872680365080213960027322
7.533015564521523543817238532938	5.930067534611023205570745631121
10.594312380032373965832448448054	3.873457414699086331921762393904
14.187276876040668227574315096717	5.514406286685542113445990253240
4.963793770505491309563694812823	2.038563732630587210792327823583
9.942239096547474730414251098409	6.471806361203200630427545547718
19.916809023893037533525784965605	19.384738612889321984766866080463
0.664789968900196814871605965891	5.708921589810778129958634963259
18.096420001753426021195991779678	9.705077784858573863857600372285
14.937111628486450243258332193363	6.816676658961783985546389885712
7.683262636494583297519511688733	16.353524968046965426538008614443
4.736250684999133042651919822674	11.897852728715150760763208381832
13.880011189299672480501612881199	3.159467013979908589504930205294
15.749177284026274037387338466942	12.625440383009067346620213356800
12.398951989328105938170665467624	14.193759133370225100634343107231
0.350214768013861199591474360204	6.318494811459958171440121077467
3.185877893398285642945211293409	13.060673793810572362872335361317
4.353176916361904957852857478429	10.109510403564241798335388011765
6.642662765986651507432725338731	16.496807260244853665653863572516
0.803054134550211795584573337692	5.217850749442280999801369034685
9.280889608081515973481145920232	14.108115481468129104314357391559
10.746633859703429436649457784370	16.261077370184104040617967257276
10.389554997615313425285421544686	12.462803167694055161973665235564
5.261092211242230476386794180144	13.332937154186870643002293945756
11.821301809206124389106662420090	11.805675073305952338387214695103
9.592467962349696009027866239194	11.858904216591790614643286971841
15.027239807934124726784830272663	3.561646984989355058104365525651
19.012754212307285683891677763313	11.609322553337309003040900279302
2.665177970007865937418500834610	18.202323455556516762499086325988
4.040511112235254387314853374846	6.983003194368362365196389873745
4.039743058893372484874362271512	16.679797204761587892107854713686
9.685562340830804473057469294872	0.720324430007361904415574826999
6.241341066991992647672304883599	12.859621233845901500103536818642
7.141826347511264216905146895442	5.523091164539883912709683499997
10.844510038290168907337829296011	9.204895957015292395908545586281
3.343941225482276458080832526321	13.711358570734081041564422775991
6.537994615657288122179124911781	16.323780381993259425144060514867
14.241231794470932570106924686115	16.721125091582976551762840244919
8.944365468601683133442747930530	15.778782089155747314634936628863
6.554343042752495129832368547795	2.723716702783263166054439352592
8.025679143059019082784288912080	15.123281563076956146574048034381
10.231284276342753614130742789712	6.140619438709697952560873090988
18.698555966875815670391602907330	8.900409085164334044293354963884
2.549215894706589047302713879617	17.844805668619482474923643167131
1.553050267081070856534097401891	13.132278837536064841629013244528
8.424728569066950001342775067315	3.790038191655791255385565818870
1.734595116484713983595611352939	2.965316241109314798762852660730
11.650901293343817854974986403249	10.038341019667747389121359447017
8.962340791932239980610575003084	2.222808487723728632090569590218
10.761930610402414387749558954965	0.638481500515406530382733762963
10.534964141869036069465437321924	1.330663212237299664053580272594
0.990899281601071990621676377486	17.214677815793510973207958159037
18.290881122705854977539274841547	4.381995645528791172296223521698
17.739973244973516131040014442988	11.078560764574241659374820301309
8.377672863684642479142894444522	3.848576866483208736013921225094
8.439733076258404409486502117943	5.906892566758830120932088902919
14.344932179033076380392230930738	2.102511919838876419674988937913
6.749640016173186651826654269826	8.126434471486716049071219458710
6.818334334837834020959235203918	11.005495386759031717360812763218
1.918950869901119293814417687827	19.128069080785326860905115609057
3.396776671507157896456874368596	16.523664487314714932608694653027
11.511360366422431766864065139089	6.371366305154342768446440459229
5.148811877346989973602831014432	13.093409448545923368101284722798
19.095059192662137803608857211657	1.878423839458982502748085607891
7.046228468274192024978219706099	13.850413396779332586561395146418
7.344366214999360487070134695387	8.434374519661890445831886609085
10.842375575496214779036563413683	4.005596853834783033221356163267
3.314313261435470892024568456691	0.328271884268955815855406399351
0.097340265727552388597132448922	13.087815889083145748372771777213
13.837076607118932614071127318311	1.493472739805368210141978124739
11.408673402468167523693409748375	16.843961327399096461476801778190
8.835512165845972987199274939485	6.395884344429059176206919801189
17.086985271041438494421527138911	17.813242707849124002450480475090
3.648549181217990433623299395549	16.814900200269725871748960344121
5.330137726850079360474410350434	7.451645575168144297606431791792
2.525240442470539914410210258211	13.587757696573314447618940903340
4.916566495302121531096872786293	6.313919243258117042216781555908
12.376140586101790574957703938708	2.192465894936581616292414764757
5.019310819068490303607177338563	6.442567201202640703172619396355
7.361286080647984064739830500912	7.085490638975420196743471024092
13.736918933377353368996409699321	13.342370647304193198579014278948
1.136985798751959375607611946180	14.726604898378170105388562660664
13.079236349255360494225897127762	3.337756825329123433476752325078
9.315243127852630422580659796949	6.139146157613768473026993888197
8.509748104278145319767645560205	2.218475084331135160908843317884
10.549523787429304633178617223166	6.931397479856336474313138751313
3.229297098165690993454290946829	16.425639717002599837769594159909
4.305282916236324197711837769020	13.327349009230644583112734835595
10.436349117936117636418202891946	4.852076222915250980349810561165
6.206362215735429899154951272067	11.861637419207148980149213457480
11.511038758366041179215244483203	14.609544761843141102986010082532
14.884296281197419986597196839284	2.943039189072793604395883448888
17.049663968314582973562210099772	4.009522590315397039262279577088
2.124987438243977067031664773822	6.013151190910972943015622149687
14.490796996536550622636241314467	2.599608773403856432082648098003
4.882368656399873607654171792092	15.555063855609974510230131272692
4.801245456910732123390062042745	17.321919303081443786140880547464
