75
17.706905433389483306427791831084	5.665584692197613847497450478841
13.618466768408335809681375394575	19.441247095804449429579108254984
1.487888580659491033486574451672	2.297708447406141551994096516864
11.486031911396237248368379368912	18.258095734210392890872753923759
6.408805271371081246911671769340	17.030964590656296309134631883353
2.007694062385201316800475979107	12.288424810621654259534807351884
18.165110392320855225989362224936	7.076550785329338566498336149380
3.853224740963421268702404631767	19.553891168206600781331871985458
0.126998463649483639414938807022	15.645366439219237975066789658740
1.465533569337935659859795123339	16.208725524341907942016405286267
9.968881340342942820598182152025	16.580899699812917447161453310400
0.668615275651647245069852942834	15.077337408908888960468175355345
8.865403674351600926684113801457	4.087291003473715989002812420949
3.779896334285393066920732962899	15.812894708512049035675772756804
13.340222177105294676380253804382	13.152100012903417791676474735141
10.582658283911602126181605854072	10.805859826653152921949185838457
4.765729429897344715527651715092	18.918224543552554450798197649419
0.853120160327098808750179159688	13.756879925467213610090766451322
0.358364719427284317276871661306	12.440269772595627273403806611896
5.588246159453524875004859495675	19.715829210644301383581478148699
3.014696946938177912755918441690	14.565829880807166674117070215289
8.549653468619561991204136575107	4.495586293479920669824423384853
17.884725918401031208304630126804	1.945908187916081111268340464449
4.831248975652508548250807507429	17.981223013390295051294742734171
14.043585920138026423842347867321	19.304695646189230728850816376507
1.809131756023696357971175530110	14.119522196246334644342823594343
1.278797639700690602637678239262	6.990785035292006455165392253548
10.217532777860320436502661323175	16.910925058215571681330402498133
15.519514849142455048536248796154	19.068929796282748867497502942570
4.007840579684902593271544901654	11.308644947418143189565853390377
5.758964237743846581452089594677	17.565653275976924163614967255853
11.333407490454128208057227311656	3.038453530085591935971933708061
3.020815281183448774982025497593	19.503878945704524738857799093239
2.583508628947519536467325451667	4.766488931339846857326847384684
5.196901396402207495839320472442	18.093174489495382317727489862591
11.458152745749005774200668383855	4.609958905318736199774320994038
19.706349719802194186968335998245	4.160358946692062076522233837750
3.443230214896955132530820264947	18.266270450884103837552174809389
7.865318319110450318021321436390	15.008390002838272181406864547171
18.794234310190432779563707299531	9.414897149415866195454327680636
19.499095119918475660369949764572	17.518106174425700061192401335575
6.605167915084932950264828832587	6.724544708132135895084502408281
16.841627616932871802646332071163	2.319168024065973998659728749772
10.424742196081851375311089213938	0.155905237710882715873594861478
6.579116887932672241845466487575	16.463973146604914177260070573539
10.964764842422118462650360015687	9.787663464949307723372839973308
3.558994276509275245246044505620	0.757815663513008441753981969669
6.776546617602845046235415793490	19.777625322406805707942112348974
5.129443273613565779101008956786	6.772338486254946943176946660969
14.167693196069858885266512515955	17.720176312871103618817869573832
4.797144641409428089673383510672	10.782928978803452579882105055731
18.446016917327320072672591777518	11.922503411769094228134235891048
15.622882591647798022904680692591	1.191653150386802195725977071561
12.739782322117306989639473613352	3.869750718546458578828151075868
2.633022811314036371044267070829	1.952403904014630153795906153391
2.558194778105604694218300210196	15.864100884024495030644175130874
1.157928734022384276158845750615	1.910660636579946114466110884678
3.463332735800708217510646136361	0.300941745149092554356684559025
5.043450262913369286366105370689	11.880479785765960087928760913201
2.310472604162345788836319115944	3.095329988793482645093035898753
5.581787256305066335926312603988	12.906252020591368889768091321457
19.241011514943995308613011729904	16.217842996575235758882627123967
13.368354794853189559944439679384	8.583227561611327161017470643856
18.015854206766810818862722953781	12.696995693866519161474570864812
2.324935892999269171355081198271	10.154295451291456942044533207081
10.066930049915718825559451943263	10.758981783927339392903377301991
6.468469585355238749002637632657	0.225202851411459015196214750176
19.586263686977638087682862533256	3.348754206833794988540375925368
15.078547369336515515669816522859	19.916146886361634216200400260277
6.698550269065552953406950109638	5.195777653746034729920211248100
13.024789323487658165845459734555	6.781038139037516287999096675776
2.090388709250752263812955789035	7.880334678362668654472145135514
1.812059689019387409558703438961	8.166936332058138958700510556810
4.925453260767325147639894566964	8.647412308859385277060027874541
0.064752195766721865055615126039	3.829228745593973304295332127367
2.510336020843562110371749440674	11.169905784289660743979766266420
19.528837801851729238933330634609	6.201396248746187112033112498466
2.034659172555102202295529423282	7.014022753285670930267770017963
2.462064544929944975848457033862	19.787271999866682392621441977099
9.701593244219576916975711355917	9.642179425909862544585848809220
19.408462998660553466834244318306	6.833128577058102948171836032998
3.258301643303891381719950004481	1.035078172458323564342208555900
2.658140862680979932264335729997	9.060533578876356131104330415837
17.456774032271493268808626453392	8.271988988970482736817757540848
10.682947727812559080007304146420	17.829682992453673051613805000670
3.401336320604959606583861386753	7.887530461968019324103806866333
0.373755447152612774175395315979	17.628162473767972073801502119750
5.527969067656755441930727101862	13.396119925484279988836533448193
13.213502164766929070083278929815	0.127097147512618136033779592253
8.528790270284092756014615588356	1.237783996928902841005992740975
3.206277136039852315718690078938	5.208398246430416378416339284740
2.448877243162188577230153896380	16.331026531520201672265102388337
10.823290200256284521174166002311	15.284126412242699188936967402697
6.130662969864413724963014828973	10.433657803278133968660768005066
3.250464913970767533157868456328	6.629427926788378222511255444260
17.409378247557693697444847202860	19.193896812593830958348917192779
4.194108477981846050397507497109	17.639110061194053002964210463688
2.948861003448581818986440339359	5.600549994454118163389466644730
4.340384138099835809043725021183	19.381929167959938808962760958821
13.112449815247671836004883516580	9.473464185147022931232640985399
14.121756040011483435137051856145	3.587812806565457979246502873139
2.117488879395603706967676771455	10.508688597637307893251090717968
12.265632468326884918496944010258	16.341992050403405301040038466454
3.400849772973593143632342616911	15.656006192501825680096771975514
9.586964195307054126260482007638	14.019926510436588884545017208438
16.944967914476350756558531429619	19.324803710473755558041375479661
7.512064043964221227156485838350	12.775284841137889202400401700288
0.677245460783271191473886574386	14.333297606438293314567999914289
12.025739989391585282874075346626	2.043544690418201970061318206717
10.011226160490027226046549913008	18.788228900243041152862133458257
2.973509965908061047912269714288	0.780472467730604080315970350057
15.911602477154023205230259918608	14.821391414015053555885970126837
6.164276602751206368679959268775	16.711634012195219156637904234231
11.793528152378547346756931801792	1.647805376614965844339621980907
1.708398819152876502158733273973	11.144366656633442502766229154076
5.726267723727760383667373389471	2.156744440030591292156714189332
6.265152216740627721947021200322	3.978333099640591896672958682757
16.369282025875286024074739543721	11.341094253243152678578553604893
6.890694582014120328494755085558	9.771660428720746693898036028259
4.646912007183010118183119629975	4.225907424191488459541687916499
17.860756312388875954866307438351	18.107653988703575009822088759392
1.900032648785570099647657116293	14.502808359637979762624127033632
18.854325892551578647271526278928	10.910922245582932887941751687322
10.025031740630620191723210155033	16.759025642956668633587469230406
19.176536347201906806958504603244	0.078087240083077880115070001921
1.699729163556467081974687971524	16.975191568311931433754580211826
0.979409463696054860548656506580	10.121074777678270351088940515183
9.622457781570679102856047393288	7.805366697286921784382229816401
16.001600037688508137989629176445	4.928191867388774127789474732708
16.431330185300257795688594342209	4.258741194347708258760576427449
1.060919767866868035355309984880	6.003443037057925479871300922241
9.033733768516709616847037978005	7.181690394064636606685780861881
1.208216621549937919155581766972	15.197562038895311431474510754924
14.188765605120888579904203652404	4.587237566884629913488424790557
18.275514875982590723424436873756	13.401308956980496844835215597413
11.337395714615949415815521206241	4.448687402286541470175507129170
14.791800706923986297169903991744	12.602331924659445405723090516403
12.708168306819571213850394997280	14.071260779789875883238892129157
18.944731236825525400035985512659	18.569454142079592884329031221569
6.465337020817885083090459374944	5.095138702175066036659245582996
10.232223217953444915906402457040	9.378922445528960594174350262620
12.699733082574161002753498905804	3.160475255665724514386738519534
16.767150760648814156184016610496	1.264885521849239413683108068653
0.845907627770769998676314571640	3.859553744968431399087194222375
9.580927399327602955736438161694	9.598708838066196236127325391863
18.368646710092079388232377823442	16.669543583339041958879533922300
11.762747154922760017825567047112	5.377959073082583252300992171513
5.559512290196922279505997721571	13.730663312428415423482874757610
18.565651604549298525625999900512	18.004468241169782061206205980852
9.961332602346157472084087203257	15.400040846031838981389228138141
3.241144182808648466220802220050	4.798059140359820062826656794641
9.761734041267457584467592823785	12.883083089146987632034324633423
13.605999930498562378033966524526	6.876393755611953650941359228455
5.152480908945036297552633186569	5.846809605550918220728817686904
16.564886706589096121433613006957	10.628996384424764798382057051640
3.579830198929132567542410470196	7.831815079401009960236024198821
8.314390087789240268989487958606	8.594366598123169609380056499504
12.910269804292779483034792065155	16.586816779077008021658912184648
4.162596619022154165179472329328	12.605762499738606408072882913984
11.838044739280315198470816540066	3.774876751718618805853111553006
15.032105356329132916926027974114	3.542714032306382154757784519461
8.962193875931925290956314711366	4.088959568006034217546584841330
1.470578864777811745057078951504	7.344983809517174222492030821741
11.157977808843693168228128342889	7.719374365380698321814634255134
7.339761307587546745878626097692	0.274881509408118063220172189176
17.561695575201532903975021326914	8.100443517584523078767233528197
15.729130206173190131835326610599	1.265787276749161804900722927414
8.011209292525187208866555010900	19.595373508458322930891881696880
4.213671664352460766167496331036	15.078003034297511320005469315220
18.564933912819284955730836372823	16.647393046375849934293000842445
17.871159934644701650086062727496	15.831184837310502189211547374725
7.527726673210317187567852670327	7.787741519946463242263234860729
10.872822281109344899618918134365	8.331051164198369107793951116037
5.908879595110363425192190334201	11.950717062301162485482564079575
15.309492451426876868936233222485	16.118708206093270263181693735532
19.853317572448684558139575528912	14.993705524660468242359456780832
8.825679383538675537579365482088	4.878127397857898728261716314591
18.470483481840087591763222008012	19.924937109090919307163858320564
8.923228909432214805974581395276	14.372064318382617997826855571475
15.824737580209545129150683351327	15.311367523815050617486122064292
14.520413302012846301636272983160	11.109915303671673569851918728091
12.807914527194164122647634940222	1.417021754739886674201443383936
10.728460103904783551342916325666	16.302741372695695787342629046179
13.589947187191688371399322932120	12.909797899773360896347185189370
10.569895243006580898281754343770	3.465382711659865666575797149562
13.925002846580428084166669577826	10.874744473490384422120769158937
4.338183749817366319234679394867	15.044602486956833331532834563404
15.196927699286886692675579979550	13.649062645331158094563761551399
4.405261709574275208467497577658	4.365056921528893241202240460552
11.988981892535919726583415467758	18.470691788138619671144624589942
1.436174724830816540332989461604	16.787401231916792454512687982060
7.705670303241611840405766997719	12.342841497532408112647317466326
4.096605045707200076776643982157	19.189200925508998807345051318407
17.370054445206864812689673271962	9.607303451447613440450368216261
13.998180700793817266003316035494	11.788545984235774710668920306489
9.833906458991474863751136581413	19.962355932725074580957880243659
17.004925161330611160792614100501	1.903783855119860479732096791849
10.940719567397012568221725814510	12.022057893198592637418187223375
15.547406556714978620448164292611	15.180568028414228365363669581711
6.053238022492434922128268226516	9.099719183354499918436886218842
1.314540620648980695506224947167	6.053136777058409911944636405678
18.094856601217358615940611343831	4.576684762862994304555286362302
17.567122365539805883827284560539	8.357099220285075347192105255090
16.182639504485752723894620430656	14.484855902154228246558886894491
9.798202234254539177982223918661	9.787015206918942666902694327291
2.874679054771667185974592939601	13.617096820143398616664853761904
12.027258006780471077945549041033	19.038846115973168338086907169782
7.395659066665809078244819829706	17.361145877659936331838252954185
2.551564017555767449607628805097	1.835738846317778172334556074929
2.688593518708659590998877320089	19.113766183233856565948372008279
10.279269401547605156110876123421	2.617206293726219712425518082455
16.847816715995353575863191508688	3.466920741945274109241381665925
1.417617518714280322456033900380	3.579454050852171054231121161138
0.372746949476847611038010654738	2.900069622961551907280863815686
19.846087831869404283224866958335	2.385317262281188011030508278054
15.963490155974014328421617392451	15.254232557915020862537858192809
11.836791981619391833646659506485	1.659974942499828909348025263171
9.899850610345421131341936415993	10.378581280339941983470453124028
3.272849112759703693598112295149	7.467786377249190366001130314544
2.644150170066579264016581873875	0.745829731779963367443997412920
0.549879302188396312800477971905	18.474524347522098821627878351137
5.787515793072255831930306158029	3.757501748213198933257217504433
9.306547899754631814062122430187	7.054272795666973294714807707351
12.981947904813747385333044803701	19.000354062628264983914050390013
18.354638143031895225476546329446	1.952489985627328117345768987434
