75
12.309882344093296069331699982285	13.139156084016235581657383590937
18.456593970982957841897587059066	10.417087372867154471123285475187
8.062207893236507771916876663454	13.155070450724643649209610885009
1.692256175810260554470687566209	15.747907750861863007685315096751
16.049843230230663948532310314476	2.984082722597198866765211278107
8.775487266999142832446523243561	4.887669870470611854784692695830
18.536012066095004513499588938430	12.743839090862143947902040963527
5.101105651479347358190352679230	19.272195065534930336070829071105
13.983850860110516478584941069130	16.557399524929937939532464952208
1.617768209376144739053415833041	11.612914009069656984252105758060
17.922953852180299350038694683462	13.216009314761175019725669699255
19.311135347999169198374147526920	1.790166149506473569630315978429
10.459712005923778477267660491634	1.186007374451754081690069142496
2.599968881448688762247911654413	14.976701781420160841662436723709
1.993867496328238786418296513148	2.224042442723950241401098537608
18.634136738548729539388659759425	10.377402089951367258890968514606
7.678648195195929559986325330101	3.597971615257919975050526772975
5.632661499182542996777556254528	8.950118754394559061893232865259
7.032555376749494158161724044476	12.525321834755088090673780243378
1.570917422766671123213200189639	12.582212419326243235673246090300
10.441205493883934707355365389958	13.558909135165034598458078107797
8.933098176613372132237600453664	4.664727207002168363203509215964
5.905154158914727169360503467033	0.322530364056190510524402270676
12.060353774333709253596680355258	8.610740882196859402597510779742
12.507836498946033998436178080738	18.433189762942042477789073018357
9.522408696486397872149609611370	19.950007656876067585471901111305
7.238492866794301150434876035433	10.616430913010585612710201530717
4.379357284079892664863109530415	11.853030765824115633222390897572
15.115867706425360594835183292162	3.739293625111672625394021451939
2.793892990523603181429734831909	6.013646634572813454155948420521
19.539631848374209965868431027047	0.716564652997857542970905342372
6.592188627231847064535941171926	9.895676354756865578110591741279
16.863358755298424540569612872787	14.353293784566778512612472695764
9.836992823797711338329463615082	7.079681864712352279411788913421
15.238777138673889055553445359692	6.661169000860907019045953347813
7.873536556453495371954431902850	18.338257630668525877126739942469
19.390279362974823129661672282964	3.549970442665346670452208854840
5.235129836738496855730318202404	2.833586825659306640545764821582
2.642475633420120484373683211743	2.986829357347331459493489091983
4.470702467621602949066073051654	6.045009345992291116544947726652
4.044453479456726618934681027895	3.445719749971640766261771204881
13.910910302782932390641690290067	18.019432585328885920716857071966
14.984821759493931025986057647970	13.193242143655290021797554800287
16.779141165714321459745406173170	17.630587891445838266690770979039
0.909480821717996157360630604671	0.253905464055734775286055082688
5.047785711305907696555550501216	3.670499484861484695841227221536
0.549302204573340890902954924968	10.040909284273730861514195566997
11.943640170566006020180793711916	8.863726300467707375219106324948
2.850158837978613579622333418229	12.545977225151499823141421074979
3.764901748114803936573480314109	16.783989503150241517914764699526
15.108911655523549200097477296367	3.966863698720131115038611824275
12.855441118034161007699367473833	15.756563507638304599822731688619
6.465296764451577971044571313541	12.011309577421542371666873805225
9.326361678885007222561398521066	17.992891447679671301784765091725
14.119122913698721077935260836966	2.701209954380221489600444328971
4.240894497775123284100118326023	3.977859266927503689714740175987
5.447152974964653004974479699740	1.373336857200111449373025607201
9.370339693381705359342959127389	3.400520078576723115304503153311
7.263966330402498172702507872600	15.287911768467296269591315649450
15.227709271065323903826538298745	16.509083671578924423783973907121
3.395968210884958704554037467460	4.009742695582863447611998708453
17.572472707851616746665968094021	18.672522874649004620550840627402
11.369766501590884644201651099138	13.612853002471867469580502074677
14.986921652182022768329261452891	18.312226373053437811222465825267
3.470130327034461892310446273768	11.304740648084713683374502579682
0.641501998501721182321944070281	6.596400138904822796348526026122
5.142796243559287105995281308424	11.666555040598760584202864265535
8.441339752138453889074298785999	0.534059880117585539238689307240
3.973362925662717870523010788020	9.652371733792392660689074546099
9.595037911774717542812140891328	3.763734992426430725487307427102
8.963415435188309743352874647826	14.462543072033557933764313929714
18.842983082109284964644757565111	10.560816768446413149717955093365
0.207546098217283869757920911070	9.422843385824037909515027422458
1.551776567202569623304952983744	2.435847335729910412283061305061
3.892633326772234614310264078085	17.431036626269364120389582240023
16.727487128417969586280378280208	0.049855294171330388763863084023
16.091001924522583266252695466392	2.647442027654447471718412998598
8.800864384607216095446347026154	3.484983735232474177934136605472
17.036709502024763196459389291704	1.632192413836588418263318089885
1.578538820135586551174355918192	10.181000911591841173731154412962
0.270430105272083665113314054906	17.166680877772293456473562400788
11.591596398085769692443136591464	17.118035409376368249922961695120
19.702720610536495371434284606948	12.563415613037477669422514736652
7.648628473395198135165173880523	12.473671545723945541794819291681
16.611850992874142463051612139679	0.068641326693219539833989983890
15.727895166736850285360560519621	16.382877900512355040518741589040
10.857819186826382917843147879466	14.284731795724098901700926944613
7.314010714335950069653335958719	4.390082732227281070436220034026
8.315056892617221251384762581438	13.265718308774856026843735889997
18.795091699134186313813188462518	17.640760620535008484921490889974
11.872882163109029107772585120983	11.677589894272998094493232201785
2.489548753664974078958493919345	1.178811620836488494035165786045
8.504808489437749585704295895994	13.662405244434891571359003137331
3.879417373156077708529210212873	12.158396964826625463729214970954
0.144485317300497850823148837662	4.965534779953806321373122045770
14.530517172147350279942656925414	18.914362999788572494708205340430
11.402590181510344535809053923003	5.118889366207335811509437917266
14.288438264648918973875879601110	19.363357180034967086612596176565
5.565468126218804378879667638103	0.976981113610078111264556355309
11.332088367820848162637048517354	3.109694142688961271403513819678
3.962658528139981761739818466594	3.474824134657439334006312492420
12.215208411809623356703013996594	10.083781444971844365454671788029
14.272655144485032252532619168051	11.625693842881709372250043088570
16.852859726175712040685539250262	16.644807106026814125243618036620
5.493075093101767336634111416060	8.070763879386337436017129221000
5.113688071537070278793635225156	8.773545760235352375389084045310
9.611828139042948748738126596436	11.020344335046219796936384227592
18.683733113525143210154055850580	15.831518689381208986333149368875
3.524679897267033457097795690061	2.490932712804720949861803092062
18.190777476979079096963687334210	10.960468200524450921307106909808
5.360266754338773864674294600263	19.548485657778822854879763326608
16.079206320118565542998112505302	0.150305284218990031774865201442
8.278294741506639908834586094599	15.145306088611704353752429597080
4.790596200606247023756623093504	0.994296806848420366975460638059
0.962431489698072351046675976249	16.468684408307407096572205773555
19.893394637323527973649106570520	14.494063551129931610716994327959
16.591230936797948913863365305588	2.036308989542747749368345466792
12.311006977135425799474433006253	17.076254880757751664077659370378
10.121038073330176132458291249350	12.361125614269274919365670939442
3.812493835956833887479433542467	15.024079936611085983599878090899
9.702748250359650938889899407513	16.077821827428039114238345064223
11.943007288607670801638960256241	0.409677302512447827353980756016
4.736021375367551300428203830961	15.407397246469532348100983654149
0.145326381191099862633109296439	2.995699447071678012122220025049
15.661610338435901113030013220850	6.704402770413881995636984356679
11.082572408120254792152081790846	15.995147326447662905479774053674
18.657866699993924441969284089282	9.720001471234201773086169851013
12.843530223181311100688617443666	12.377839479827873248041214537807
15.387430079122186299400709685870	16.611529790170219911260574008338
13.887405981751744121766023454256	1.037722099717779400407380308025
5.111041024632580587194752297364	0.426819169129639686133259601775
15.754535068321075641506467945874	5.040038304733036156335401756223
1.162996332421089018538395976066	9.536754778686605149573551898357
10.567603656476400431074580410495	5.865527656795988420412868435960
10.077674681319043870075802260544	9.354968519213514355215011164546
16.689049257621018540476143243723	4.837489424249574732073142513400
13.732816705749888441800976579543	6.341788485652026352568100264762
3.263695672888251575471940668649	11.048389085789311891971919976640
4.984583617406772582114626857219	3.178629401193482362231179649825
18.318960761702413719831383787096	18.060769203878091815340667380951
15.558974535523892868127404653933	8.139667165635742662743723485619
11.859851876755486799197569780517	1.247305421297120187063001139904
12.758971304806836499778910365421	19.208777359619709557136957300827
10.663567676519708271598574356176	8.197498458198115400819006026722
9.067824619819987219671020284295	14.825462401613073382122820476070
11.813461661315420414553045702633	4.473386597104545003844577877317
18.437663382831214420320975477807	5.669294192365434525981982005760
0.084839507275007441933212248841	16.797930732734350556256686104462
14.005786514359495953385703614913	3.867700577504691317187734966865
18.479590607680513869581773178652	9.770061522012856158880822476931
1.101896169049068063827689911705	8.008757052985126634325752092991
4.235530708754891016099008993478	10.349465758990010755269395303912
7.422310351702606112667126581073	1.422233282774516549551435673493
9.576512773919340304473735159263	8.030568711237179968520649708807
3.388806471082566051933326889412	14.953864544560113714055660238955
6.087328952457593089775400585495	16.806375015804388084461606922559
5.625742819504351288628640759271	7.139143132993702067778940545395
16.556536432998520069759251782671	9.839544646783240366971767798532
2.340733719010479330080443105544	5.429631107819878899078958056634
1.240210393124596688352312412462	10.091319603727175291396633838303
13.908303864587258757978815992828	17.038348185195800965630041901022
2.679581118986844590068585603149	1.701226803602455817099325940944
14.206116783868957043068803614005	10.640896463794522475154735730030
3.376736998325802208142931704060	6.143637582274177333374609588645
2.508456990569207789576466893777	12.085450472565460344753773824777
13.621172420958744808672236104030	1.961073040023626479211316109286
5.457454686303671032021611608798	7.303620473118231259945787314791
9.250332068468152257878500677180	8.405120249174583335616262047552
8.794401800465703189502164605074	1.657391133394201521156219314435
17.356133108552619148667872650549	4.404068824932121373194604529999
17.249114666293433373311927425675	11.687821751743225462405462167226
3.771777579606376828991187721840	8.946320460275137165240266767796
9.438835696348951032064178434666	9.480763921993705878321634372696
2.455423364715554335191427526297	0.262993213645710266490596040967
14.274496007761449334338976768777	14.945621297608068900331090844702
15.834777981132699409272390767001	0.949553079278506739768772604293
6.073660655624428805765546712792	4.912677461082923358048901718576
19.368336157544337794433886301704	17.975564720398384821464787819423
3.300753339427231480840418953449	8.090382282988050732797091768589
15.329691144162243432447212398984	14.365803130400507825470413081348
18.281291608840007256731041707098	0.064607817193580441283984328038
5.234449120479980344100567890564	18.838384705845278688229882391170
11.919942830711242720553855178878	3.194919041481383281677608465543
6.297526115492568798970296484185	10.420247054775577666418939770665
7.990258167934117139452609990258	2.371387660801835828294770180946
17.350314973548577768269751686603	12.970807204350325747554961708374
7.068866681736127866031438315986	4.098341963918404218247815151699
0.608358252616088002184824290453	13.026446330174623611242168408353
18.659669911244808560013552778400	0.540176455726786297617536547477
9.201352296352549586799796088599	2.588677635360632223182619782165
0.627852308440366435604573780438	9.391834791375226032528189534787
0.318639485327485427745841661817	14.045220009618821777053199184593
9.815056093000571024731470970437	5.306606938500404879732741392218
5.849105255590800744869284244487	3.456438491437932025718282602611
8.945736154619993385495035909116	17.049891062481293602104415185750
1.056483506282928086505989995203	12.133532833739286260765766201075
2.634505045323720651140320114791	5.473512600887497470125708787236
12.805631894295698813834860629868	11.369511069782856083065780694596
14.857503391250613589136264636181	8.180183809071122524869679182302
3.961807860593509200697326377849	5.971816836816117302078055217862
2.535815162400429922939792959369	1.100530641625885319712097043521
18.446364801980550396365288179368	0.397936398178253547541771695251
19.851446289742028739055967889726	11.594880695120991731528192758560
17.595541296172093836958083556965	4.048757118332577675801076111384
10.789735771031860878110819612630	16.743333383782776024872873676941
4.536591546061458757321815937757	4.732340494644793338352428690996
11.381151701038781709485192550346	16.789998940664535354017061763443
17.901194753248844904192083049566	13.161102941336526583882005070336
2.977774831925441567648249474587	1.987894970322710008758804178797
10.910886469883216420839744387195	12.370234115528703000563837122172
1.099584093277699015089865497430	15.277810608123655100598625722341
15.281282914701314723515679361299	15.441486339071561317837222304661
0.465590741125951890211354111671	5.497619173842172024535557284253
1.037710699761080768155352416215	9.565638061059122065898918663152
1.011989874769143593624676213949	10.273505383917866495835369278211
16.883942235051115687838318990543	5.268384457188075131739424250554
9.165234169261376351300896203611	11.032733382071317151940093026496
4.479384600113913705854429281317	6.890450999551031685541602200828
14.547649792215416653107240563259	2.670721358224472652409531292506
4.155702899984257570054069219623	4.831459354402016792562335467665
15.036892874842527234591216256376	10.855544362219351484100116067566
10.797645646855224654814264795277	5.339028532339023414010625856463
1.331354051202278121479594119592	11.552485422674688919641994289123
18.054282213562203196488553658128	15.366583724131789523426050436683
5.494542137231890777115950186271	13.211896282346906161819788394496
