75
8.044345995524560422040849516634	17.206694247428973909563865163364
8.810520850698397410383222450037	1.174325830199922648944266256876
1.525392642547445110068338181009	9.129439161696478066687632235698
6.987671567674178518814187555108	15.898711601325887343705289822537
15.496935247125655621402984252200	5.033894284970719112948245310690
11.349799522247154826004589267541	7.499209754056080257100802555215
0.973963718135497646954945594189	7.419002430594954233811222366057
17.905707103118597700586178689264	1.343609769369928930160540403449
14.742073100006914287973813770805	0.321320547665542299853314034408
2.693636384395221572418677169480	17.345931541959437538480415241793
10.175153996811667767019571329001	4.321371327606571277613056736300
18.314997102826701791400410002097	0.475994585761518873567865739460
15.004466414561772324987032334320	19.616040186831849467807842302136
8.805270892868026777478007716127	6.691060283142835629632827476598
8.861991057963054529977853235323	9.982851949100872701592379598878
7.167677395566222742218087660149	5.277836042050985554396902443841
5.647889645389543744613547460176	10.288098417593387168267327069771
10.175900654141399215291130531114	1.623006607503061360375795629807
19.632334819562583305696534807794	17.866740394354604148929865914397
4.794615851518837956746210693382	13.544562469514920266533408721443
13.362506802774984038251204765402	12.273557801224935559503137483262
1.612523616037746521101325924974	5.372212588867864013764119590633
3.060495566143111023649225899135	2.785545090547401070324440297554
12.268820708600600255522294901311	3.265981995629776424294732350972
17.703489608371377528328594053164	10.493350891384041645437719125766
16.603524007756369940125296125188	14.166663125268437184445247112308
5.162545069167912004104437073693	6.772495659109535992570272355806
1.694308219806730519962911785115	8.501214846708133876518331817351
0.126901945446391550831322092563	13.131570722245715643339281086810
13.116646317867999727013739175163	14.507749798765134485734051850159
13.585035008316220128676832246128	11.747803694049608225213887635618
1.560131727989018113333941073506	5.949471890756344194528537627775
8.689190316881585829378309426829	7.994781530220073761938692769036
15.539289070405997605917036707979	17.701318774748767026494533638470
18.999734782448378211938688764349	15.998942196005742744091548956931
5.456016632455824577618841431104	19.438618405179287407236188300885
7.926780291887219220825500087813	10.916872178403387749767716741189
8.527900062752282295264194544870	6.684741390688710538370287395082
1.017222814087110904779365228023	6.040910000508543653552351315739
5.376881522588075057456080685370	10.224675680976979208480770466849
18.492221744244268677448417292908	4.735685723688209947113136877306
11.809659709127451776566886110231	6.904819707285843044530793122249
14.222888585602596833723509917036	15.015858760657131654170370893553
3.049159564195818017395822607796	13.398840316047028409229824319482
15.162592277015221498004393652081	18.944039392951449229940408258699
3.129211945950298723317928306642	18.830908970718777339925509295426
14.162315571005317238473253382836	10.341523379085623801643123442773
0.798063149303058771977248397889	5.785724086013432909680886950810
2.165590761503668471021910590935	15.124272823001154719690930505749
16.943479601716568083702441072091	19.671196955983596410533209564164
12.293316724104348836021927127149	15.892455009908545093821885529906
2.756468785353596295806255511707	3.871872355343088933921080752043
6.206275126297791544516257999931	16.101273730627028157869062852114
5.175208423412462899193542398280	1.784413136677314160039031776250
5.248034525592957244555236684391	12.527328621163922761638787051197
16.272080087214376931115111801773	19.068006621042083992279003723525
8.598388620837273066399575327523	12.739709065771435803071653936058
12.050040095990846467088886129204	7.459270809156746118162573111476
2.695217943468048993338470609160	5.208252280712429183040512725711
16.305452852306466127174644498155	19.314554271759661219221015926450
12.848413242875782458440880873241	17.804558195560101552246123901568
16.293960366338332335089944535866	16.423225770400375012059157597832
13.682960654471612471638763963711	5.338493789736700634307453583460
2.765096114778580194126789137954	14.243516288669180624992804951034
1.137359070588777054666707044817	12.068441037347760413922514999285
17.896592322114749151751311728731	9.709915156624315812905479106121
15.843208838437858432257598906290	13.072988566312018221537982753944
2.762287021004139475621741439682	6.953307691760731046315413550474
5.141138238014981709511630469933	2.136530581117637161980837845476
6.252125075866425518711366748903	0.123228901221861253389988632989
4.371578539488765180465179582825	14.076478255781845305705246573780
4.981642532909338783042585419025	2.572555542132501926744225784205
16.365155568412653508403309388086	8.642285732158786260015403968282
8.019114709787785955086292233318	17.939164033675023546265947516076
19.924085850530438790428888751194	13.852788252983618377811581012793
12.754908595496894818666078208480	3.042925204055739740738317777868
7.132382988458781269969222194050	7.087081958526413316690195642877
14.479647827024217932034844125155	1.512217060268421509050540407770
3.411885670226795230774996525724	16.543934788610155095511800027452
18.131530611327448809788620565087	8.574093269059417821154056582600
18.574037916770958389633960905485	15.158218783106017113482266722713
16.471175170876609428205483709462	6.459203477517538871666147315409
0.709436466996764547587872584700	5.628717748717777524802841071505
16.231633886464898353096941718832	14.334281189074470574951192247681
11.814484907344720454602793324739	6.649069481918338908599253045395
4.901973932665606881187159160618	14.962781084645850881997830583714
15.171811489744602141627183300443	1.535212324358454782924354731222
9.494325033877208497301580791827	9.366624718172744223920744843781
18.170497855941572851179444114678	12.036434848319659707271966908593
8.109256135819936872621838119812	12.760703422509475757351538049988
11.890939915125587234001613978762	17.422871286752457109514580224641
4.654591608269185165625003719470	7.925921802186442377546882198658
6.412563488692306634675333043560	13.484756969341999521816433116328
14.637060179044693697392176545691	0.504310211118328410861977317836
17.464887039188699446867758524604	9.832650315605608426494654850103
6.062972463091833574821976071689	8.555177554790329708112039952539
17.765842525277935948224694584496	9.584548399561283460457161709201
2.941318201611053950728091876954	12.768639023209757965560129377991
0.701495251738388780893274088157	10.530498862052944275546906283125
3.210901456601211734209755377378	7.940131906691753727045579580590
19.386820008487383404371939832345	10.541563839868121732479266938753
3.833046224910470201052703487221	8.965437346806542251442806445993
13.615918021740075261050151311792	18.786089933744069213616967317648
11.332620874936869981297604681458	18.396561303622451788442049291916
3.994781655481853821498816614621	17.626038311396882818371523171663
15.991882241235046535621222574264	18.998954610965231637464967207052
12.591249290069256971946742851287	1.663380314516058611218340956839
11.837785790049252909739152528346	0.904823417932540952079989438062
14.491553106042207588188830413856	0.401890776144420147630853534793
0.983793546610651770123467940721	17.683534528569552435328660067171
18.190165942971276535899960435927	15.802445886525999796390351548325
3.400147273134497272195631012437	8.601888383146691907654712849762
1.034233273845961420533967611846	16.724307426304420687301899306476
5.503271054393737315990620118100	12.040039633649922024005718412809
17.839602492960565882640366908163	19.747763409732041139932334772311
11.476245364960648842611590225715	19.274013756792683693674916867167
7.005724442701244392139869887615	14.094453834701569761023165483493
11.557302089722762516998955106828	13.806904144085835994815170124639
4.350370644649023788019803760108	17.236001604083231342201543156989
14.786890542281067695284946239553	9.572523154806173550923631410114
9.328600976206701034243451431394	15.407790917847650646876900282223
18.088577855461288379501638701186	6.354830615846620567310765181901
10.817903431813636672131906379946	13.367661929558622091462893877178
19.898229398170013126900812494569	11.764477593053936033129502902739
8.492298146753824994448223151267	18.032653909655827817459794459864
7.385126475233909637552187632537	4.226520065576739426660424214788
9.538095372262226590009959181771	1.644687131216653330767485385877
4.753187306739663497978654049803	1.669955504283402447640582977328
7.555039197305624121270284376806	4.623086789587043554661249800120
17.984681031564097253294676193036	3.448775883848613776905267513939
11.721212651929732828648411668837	0.586392049119326408401775552193
4.423278210101397434073078329675	15.208599834095046787751925876364
5.162579004961534323570049309637	2.796270333029262644686241401359
2.510857642143244916610456130002	9.420398443546835309803100244608
7.912779350463825522865590755828	13.065764508112449604482208087575
11.203883227325890814540798601229	1.563384717470202023292813464650
0.543269125968439681173549615778	10.119999697651893555416791059542
18.119130879812438195131107931957	6.056296365924279001546892686747
12.131211508644451413374554249458	17.438611463275524471328026265837
18.825918869671479427552185370587	0.944986750499376970680032172822
4.399151366203906121654654270969	3.355750765591301032486626354512
19.923569702615036902670908602886	13.159364267123512703960841463413
6.234409685584823002102439204464	9.519975555501940078784173238091
6.671286737542192923910988611169	1.799158341537592242787013674388
15.310130173900027727995620807633	5.108308956445053894412922090851
9.744481835630915966817156004254	11.926421036773554362753202440217
16.070866267763268098178741638549	13.348846806381221341553100501187
10.248485240226788306472371914424	2.874935940613545515276427977369
7.980513791616992591571033699438	2.365715003158639362368376168888
2.174542643131232022568610773305	10.433036615688614290320401778445
10.484914978884621206134397652932	10.585096102642520321523988968693
9.496348777616304914772626943886	3.082684529345842694425527952262
14.537182923318885841013070603367	14.581013115050240003256476484239
10.371022568624489679223188431934	6.533285200988121488308024709113
11.496001984744559365481109125540	7.561679271451948736171289056074
13.996593992151225904763123253360	11.111430437044756303066606051289
9.121488952957063744975130248349	4.605026123600319820639015233610
16.395459659478625269457552349195	19.530652688690558704820432467386
3.208278974782434733725722253439	4.947797706142007534424465120537
18.264864997640081867302797036245	2.646083479093266355164359993069
13.223050579523093261968824663199	17.468347238598546766752406256273
15.885835610457410993490157125052	7.854186873415923031416241428815
9.073992176274526144652554648928	12.030770567825237904457935655955
18.648190784155104893216048367321	9.417672221285574352123148855753
7.538105185919237172242901579011	13.916536284759439823233151400927
7.889483364883790983412836794741	10.697074598247338528267391666304
16.798580454345962920115198357962	16.897623806097278986726450966671
11.698924091091537746933681773953	2.286474574650942948039755719947
14.140994445383189059839423862286	7.377505880584321218407239939552
16.878110021857516187537839869037	1.210207028787886329723733069841
13.062398026078934520910479477607	8.075456449648211076919324113987
11.194986156206001126633964304347	16.673800945901803061133250594139
6.738952634979773037571249005850	1.347396032741938753929389349651
1.441232143773001350695039946004	6.757213605286249702430723118596
5.008828735162619949505824479274	3.439288493630170417958424877725
5.587691064390143402818011963973	19.802662501836366004681622143835
16.696371975878307125640276353806	11.852182954604714382185193244368
14.104375103260268886629091866780	2.192504220081856747270876439870
12.787715193068354579963852302171	16.690384536408664928330836119130
8.700724141131621180988986452576	4.020281348135879007088533398928
18.656055765368069643272974644788	10.457667909939837969091058766935
15.512922024161737155623086437117	16.988324119261491773613670375198
19.230185814059751692184363491833	6.395472759907185889005631906912
8.161154238766910040681068494450	4.658140053150782833313314768020
4.421059037232543786899441329297	4.104119329304893426524358801544
1.141534460854001231666643434437	4.944478043525344368447349552298
6.287974642296352278947324521141	13.163273366850290813090396113694
5.223001600032621816183109331178	11.633127127728737804090997087769
0.753338242958452308783989792573	2.604088978619687466675713949371
13.467300003851361722695401113015	8.897637905316543083245051093400
11.986229252203406403509688971099	12.771156335168550199909986986313
13.508772961876729823416098952293	1.698095901563156928659736877307
0.381842795156488445940112796961	14.211325428122986380685688345693
9.689838061500479327037282928359	15.329198023212365242784471774939
16.207017461846106698430958203971	16.451862150312919652606069575995
2.759207164381811683284695391194	13.826338611451163274068676400930
11.256797132776641845453013957012	10.698495201734960602379942429252
16.787912615877868205416234559380	0.500794026822097837481351234601
1.766082574803971017018966449541	5.720710596631772837383778096410
19.957788614324762477281183237210	0.949258238208976479199918685481
5.556481325697204098901238467079	5.825045465468809524622884055134
11.359570412839845587882336985786	9.613653978199410587990314525086
4.778142267243163487933088617865	1.847042725084673264746015775017
17.248885923346811921419430291280	19.245502614852693312741394038312
14.868225607428231072049129579682	3.168410273320692027709810645320
13.521341438113985589097865158692	5.428643021584651506827867706306
10.086785211866200029362516943365	11.781181539150853865294266142882
14.454850550407192244506404676940	13.973946958334336088114469021093
6.513282528448987029889849509345	11.484183277618232210670612403192
19.210892861549851318159198854119	17.405612522241842299308700603433
10.415267605172576992345057078637	6.667066408451562509185350791086
14.952474739697903416413282684516	12.242992725133568399087380385026
15.939411152294990614564085262828	16.449340456655562547894078306854
13.531139682099555088257147872355	6.604176632696907134345565282274
14.749179259784297002511266327929	11.961764787218392314116499619558
9.414392800141593298235420661513	11.368932621273387439941870979965
12.397213274962542328694325988181	3.508708421571788971249361566151
12.994873721484712092433255747892	7.635918048135248881180814350955
10.703631468159393591577099869028	5.640381381899621793252208590275
2.259394088725497073966153038782	3.646356610843273227118288559723
8.584713810642462306077504763380	6.210366344442029173933406127617
18.711273372389658931069789105095	15.361547630902748551307013258338
18.786916724591296912194593460299	19.631810763437854916446667630225
3.435769316841044140886651803157	17.237477957389103266905294731259
14.887597372051601496423245407641	16.769979831786379520508489804342
