75
13.771146145469980837106049875729	6.492169412566195063618579297327
19.525208399875563003433853737079	10.553822182988648492596439609770
6.752822322287952871988636616152	4.534148190753426455046337650856
16.407766664381266963346206466667	3.032251289857310627695596849662
6.452508865536499271797765686642	11.516269495316242554849850421306
7.202654476901080293771428841865	7.332230124170139973216464568395
18.460627491349832496325689135119	15.128196542384523937130325066391
9.044206650641422484682152571622	13.453024139063966657658966141753
16.266824745469012469811787013896	15.405681426662285460338353004772
14.448360207083661421734177565668	13.931092938039659756555010972079
13.181110386608722251366998534650	15.182582141155329225057357689366
5.829702448998126840251643443480	8.686773047002901648738770745695
4.811373963029295097726389940362	12.374129460925392010040013701655
15.238045585282616656286336365156	8.200056789072451834954335936345
4.509471524715545243111591844354	3.155398425971125409006390327704
8.525990017305502988165244460106	15.050140822273231577810292947106
11.849510898136559333693185180891	7.254060596054980436520054354332
15.099339439876182211719424230978	4.966290058833024545492662582546
19.329829646818495803017867729068	13.602183884844903261068793653976
15.996217065742303731212814454921	6.707338432810223238789149036165
12.388806090482709976186015410349	9.744707407188151648824714357033
18.779565614815926011260671657510	12.276549476652569126144953770563
16.553411135309190171938098501414	10.887856532393293207405804423615
17.315916281308098234603676246479	9.882017694494233950308625935577
4.903721644010900604371272493154	2.385924499102856088939006440341
12.920299333452540224698168458417	13.414324560018304310915482346900
16.274278711567969679663292481564	1.490105827201040344931470826850
7.297137316606332468893469922477	18.366770162321110149150626966730
18.235649228952933498248967225663	18.618128996146033671266195597127
18.019170510755543546110857278109	6.275806370493260288867531926371
13.983363050332595634017707197927	4.907435316683603332421625964344
16.618246160766162233812792692333	3.036729075446846781716203622636
13.330389884632086960891683702357	10.698570352061235411156303598545
11.064882678895298084853493492119	15.167547192480634876687872747425
16.837613708687655389439896680415	2.710415895522524376559658776387
1.035980466873198668764644025941	17.494956469678864863226408488117
8.888840165377873248075957235415	0.374339304521542626247310181498
15.839917680213076778272807132453	8.890055418036231671408131660428
4.107260986176310524342625285499	19.418302748347898045722104143351
11.514295746772615913755544170272	13.778097952588099772697205480654
7.475009050869115156956468126737	13.093408428472530502517656714190
6.707365404331115499303450633306	17.171554824052805088285822421312
10.154022477769608201469964114949	6.386291860992341362646129709901
2.033575288450242268822876212653	16.901763731603431040184659650549
18.436687498722484690460987621918	2.262882155006722406653807411203
15.640381641407390844733527046628	2.158176040329284894880856882082
17.348676341880899798297832603566	11.016734019939685040867516363505
0.157488281602771174050303670811	3.312991820501327566717009176500
15.518002788351241250097700685728	3.261546802183772353345148076187
4.832929661487936456865099899005	9.672312564824148140019133279566
4.422894106948003667412194772623	5.694575945630598212687800696585
7.121569228659645034440472954884	0.077813476713590734590297870454
0.020200894327055962662598176394	13.025695210599721463040623348206
17.054062423257843050805604434572	3.411431841876733095375584525755
13.026878011866680040498067683075	1.766124361650391882960775546962
18.756050897827122980743297375739	1.192227453164094175264153818716
1.297877558125335450966986172716	7.110537348917491229371989902575
14.741996030161972797145608637948	11.216474428553231845739901473280
13.149553598249227093219815287739	4.794832875525994353438363759778
9.362566911845648931489449751098	7.877392058785659401110024191439
15.969918991142954212136828573421	14.211211314567194108349212910980
18.222665668538908789741981308907	12.727443289797280456809858151246
18.493430832707229427569473045878	14.911673048853764100840635364875
1.247857621731218724647760609514	15.177503102262072331996023422107
14.668238339312033247097133425996	15.130507120403443366285500815138
2.618096437164367795702446528594	13.160743734659698489508627972100
12.793683154128569157137462752871	4.608345607791748399506559508154
8.195196548407279735215524851810	14.015629673010529643306654179469
16.502412597327804633096093311906	8.645764313957762681184249231592
12.204855892037633324775924847927	1.646392857961687106183035211870
7.034632303983427981108889071038	1.184933221736372832566530632903
11.023884118807387721972190774977	0.604490884464514710572302647051
12.934369827004939423886753502302	15.396217450591851871877224766649
4.980766642689820500322639418300	9.159062432382626184335094876587
6.143777439004942664269037777558	2.683289869224867452146554569481
13.671739190997705293284525396302	15.726225903833023878064523159992
4.866172778040935398280453227926	17.688621494747383877665924956091
4.182027460628329862402097205631	17.078319018762069703143424703740
2.052503784617181192828638813808	13.196293859246083002290106378496
8.513373105360571457822516094893	0.473370859917427999619121692376
18.811325989782087475532534881495	4.009749053033290877579020161647
16.522955266085116221574935480021	15.414836794472853043203031120356
17.868041669890825318134375265799	19.087556679139666471201053354889
3.962593589273262217886895086849	12.822740516053755754910525865853
6.592218982912136482354981126264	15.203384330855367778667641687207
2.920145247978809255329224470188	6.375034968367828014379483647645
3.636215747391167152358093517250	18.455686890184441750761834555306
1.935265990040451189457826330909	5.311434351025443589833230362274
2.068999343611377383922445005737	4.080142460418015204481889668386
9.348747359839912007828388595954	5.399770150023835313390918599907
6.322129510926779438761968776817	1.425820490904130544151939830044
8.454894422910893325706638279371	17.752394058189583603279970702715
18.363480232380094747668408672325	3.077246192094829080332374360296
9.819725504872604204820163431577	14.773442862044500856200102134608
10.109196955612860691076093644369	3.505091612422446267771647399059
19.775322034801334325493371579796	14.183339629277453397548924840521
19.173723870944307634545111795887	14.110871566594498816016312048305
12.333650811051290574482663942035	13.144415332018260400559483969118
14.463227272936538980729892500676	14.944298378863667409177651279606
5.346135097103708488930351450108	9.098864859362050694358003966045
16.816705372862728040672664064914	19.361499644151486165810638340190
14.379603662396458929606524179690	16.397915728144681679623317904770
18.811570024434246306554996408522	13.588951897655626055438915500417
16.826337427866853602154151303694	6.443341071735328995373492944054
2.570300499638282776260211903718	15.141774238335061752991350658704
5.304152369759218998979122261517	11.562769382709614518489615875296
14.981083132130454060870761168189	13.264293573783415780553696095012
9.625887028545436763238285493571	3.106963831765308103882716750377
12.646550157425552995960060798097	8.452456912267079403022762562614
1.719873557775042360873385405284	18.340613889659383772823275648989
4.868885185872366960779800137971	0.402590205898452069277482223697
18.326444383926919101668318035081	3.782435611221832694184286083328
2.274344444643270346517738289549	10.151951169679161779413334443234
0.228124146883812439767780233524	17.333719783174235118394790333696
12.006436990849705281902970455121	17.418896931366457891954269143753
14.227298822802787015007197624072	8.448254783808049950266649830155
10.966815429050049246484377363231	11.728038402982917887129588052630
6.456528837304880141800822457299	6.897121026328063564392323314678
15.281815633943370613678780500777	10.521177849797824777056121092755
10.486742477418074415140836208593	7.324160992088697419433174218284
9.297863953427016880937117093708	11.053571575676349070249671058264
18.073283866394376673270016908646	6.841314540462112958607576729264
17.230040428542597652494805515744	1.498194346815178157328318775399
10.990486513899577758479608746711	8.619657533750871181155162048526
15.689977927530950552181820967235	19.851959310770261879497411428019
1.414044739431072894575436293962	2.618722460808293739376040321076
0.994121877412248444727538299048	10.607884598175111534601455787197
18.924974309415791395849737455137	13.111668755502655869804584654048
9.911784124306430854289828857873	8.795873604046189342398065491579
13.223502374376341350625807535835	14.215053265548959871011902578175
18.309189552552737723090103827417	16.451228102008009557266632327810
12.776466318975733926777138549369	0.254448034941658907115424881340
1.134129750053283203214959939942	11.756142627928806376758075202815
1.436900574639232708307190478081	4.175649954921767381677000230411
3.345107077008886431457312937710	10.950122982367791024671532795765
10.319424186728070935714640654624	1.763673775561094281272289663320
12.670948709995286662888247519732	17.214424867143161890226110699587
10.098674229942115943003955180757	9.116394411482486859199525497388
10.923054315769347155651303182822	8.727900044178614535894666914828
3.185646462818554347506960766623	10.323812289856462598436337430030
18.389826015855518903663323726505	16.735119430567202414295024937019
1.889016546895423420693305160967	18.965198755928735607767521287315
3.435343056112853954431329839281	6.050759047636777410161812440492
10.879739794454728496475581778213	16.252611032395286372320697410032
0.856868765239211516160366954864	19.869436748103083800742751918733
2.275042340519008998711569802254	19.716329708480259341740747913718
4.400255981223308410221761732828	5.948291205526096803168911719695
6.397081527426673019931513408665	9.379942559504872434672506642528
12.006909678618441716935194563121	11.529876527778634809351387957577
0.251103296845547330207182312733	6.297128520609518886885780375451
10.110278459771862458183022681624	1.088805736215714414782951280358
18.490499256878983658225479302928	0.411769350265258626819786513806
7.352965170112670811874977516709	14.249271397340868006153868918773
7.912506967195191975861234823242	2.035951816991639073961550820968
13.492654411230249777986500703264	17.598632187788279424012216622941
3.157496147313996193162211056915	0.615395796152546914470349292969
14.926506401900226705947716254741	4.875986060118673748320361482911
14.917413760498686059463580022566	18.370681332773980187766937888227
14.393115959002161119428819802124	11.826401488077358692407869966701
3.363848879882826992115951725282	16.752491447270003277481009718031
13.503681716866879014560254290700	5.071582967507282546648639254272
18.325197690399210870282331597991	19.725647449237946773337171180174
0.065626827039222401793949757121	8.990863523131009671374158642720
5.577737827861000141638214699924	14.563821310328323832550267979968
2.644417873826159226524623591104	11.186468839039942935187355033122
12.842217815216695697699833544903	15.307179917293540327705159143079
4.580073477602651266238353855442	9.439284879438233133441826794297
1.071657767887894685543415107531	8.984263035756761439643014455214
17.084852819878534546660375781357	17.815228843521872192923183320090
2.960429157974360236948996316642	18.656083341155035526526262401603
3.300014160251996120365447495715	11.848232632462394775529901380651
17.251568921288406244229918229394	14.096441851822262947280250955373
5.498550880884605085441307892324	2.277215124703604320899330559769
7.709326303641176991732208989561	11.951245835570404096870333887637
18.605725931404691664283745922148	5.704556044776278866947905044071
3.973508361172357616908357158536	11.886926893973985386310232570395
13.169594217398344682123934035189	16.861669478239626585036603501067
7.158134512019693751483373489464	0.563658969468034953820279042702
19.619315933436872967376984888688	15.301344234308569269842337234877
1.693828445654665948438832856482	7.737441442982328609900832816493
18.560538657098394565991839044727	19.580693700033549475847394205630
14.580083399868037474789161933586	13.562279518712912818045879248530
5.618200182986665680573423742317	4.434328188666700754083649371751
4.421320464756377077719662338495	4.896446061130948379513938562013
4.616262420472567740148406301159	15.432126704437694186822227493394
3.473757176092528986544039071305	14.551785612671292113873278140090
2.215810879718573822572125209263	17.177406842374775663984109996818
3.309911963895970643534383270890	13.546930454036038682374964992050
3.068118238107029327466079848818	11.883927133239083673288405407220
2.664563624800693197869350115070	13.970568227108863368357560830191
6.917684278592169277999346377328	10.813275420515466862525499891490
16.824785433350104568717142683454	10.914244023978273645525405299850
7.099900175619191955433961993549	9.182665753744053915852418867871
17.466174889187126240130965015851	5.455199398353387962856686499435
19.145857211536679187702247872949	16.220928704151688748424930963665
7.055428418155626602015217940789	12.675337980847805496864566521253
16.755133480400953516209483495913	9.570497079312971777653729077429
7.212185738208831686790745152393	4.497388664107944578063325025141
6.709571641440059686090080504073	11.039503866231637374539786833338
8.951704031145780504630238283426	17.956930977266193139030292513780
18.065103636840923684303561458364	16.969078948441996601559367263690
0.959192165087929815570078062592	4.258755308327564215176153084030
3.674877041603004101943952264264	1.802198740652070085843661217950
10.920132247164469063704927975778	5.296041568238074148666783003137
14.158774389482513100801952532493	2.443911937681428891977475359454
11.599835630869890223948459606618	11.438706473337049374094931408763
12.179466661467674981622621999122	19.712529888438602654332498786971
7.362870337404611831289003021084	9.054145514935882488316565286368
1.322534577111722509101809919230	12.732801565711337588027163292281
8.815669201223029105563000484835	2.982524895431586386962408141699
3.792229054808142763022260623984	17.516350715272466231908765621483
18.965425209660736527439439669251	18.625896845466723306117273750715
19.270182995907848777505932957865	1.748615595588693949480330047663
10.007723135154209970210104074795	17.664702022316369323107210220769
17.105394872276477258310478646308	0.735158429687863268497949320590
16.933978044190936884660914074630	18.290709532278874860367068322375
5.309531825524434367480353103019	4.486785116074914370187798340339
12.421699368391427853453023999464	4.121918769413266403489615186118
6.542685955629361060914561676327	14.347240244597125879977284057532
3.155255596008383900397120669368	11.898219848868498260685555578675
17.102156501537255195444231503643	17.142630431875055307955335592851
1.293801657070012822714488720521	9.848528160186752700155921047553
4.894872959484821706155344145373	0.222270410819538355440272425767
17.546488337405918400691007263958	8.360763539434250546378279977944
15.431258412529537338286900194362	13.137881746713580000118781754281
