75
18.279356695484221262404389563017	2.738113109496618235993992129806
10.744501370573571463751250121277	13.046631652821083946491853566840
9.894079883236587491524005599786	11.353102175660211514696129597723
13.212256374075455056527061969973	12.545129332359470808455625956412
19.957002242654926504883405868895	9.895712821046201312924495141488
3.516045778735211957410911054467	5.074591683892805349387344904244
10.313478886813618018436500278767	12.656006782323593995442934101447
18.587312372608263189022181904875	2.428372182082980224038237793138
7.841544668633384951306197763188	19.698430423039955172725967713632
3.041930236014524613352705273428	0.026539177689654858127710213012
1.930751117347326628603809695051	2.349751640267263574912703916198
15.180157629982844014193688053638	9.248268081711362498253947705962
1.867126620251813085005210268719	14.627333226848563185740204062313
1.256855025087442845332930119184	9.276888947872132362704178376589
8.161775188370777200930206163321	7.149981138251846779496645467589
18.984685891412436120617712731473	8.221722571303033078038424719125
7.089780376908701775562349212123	12.386320857647438842263909464236
11.663407487934071227186905161943	18.345255571245441927885622135364
14.348959594870315470416244352236	6.711136054833727548896149528446
14.386543934359005803003128676210	0.461401958779223964057791818050
18.690400558226414773344004061073	12.999151328062792387640911329072
8.706803464492596233981203113217	12.196687810537802931776241166517
18.225080659806138783096685074270	16.649142218340973187196141225286
14.117588347384081970403713057749	16.660376351687009588431465090252
6.347045084849425755635365931084	6.595960098314463948554475791752
3.875484933326650782703381992178	13.023496857759381484243021986913
19.936104977216242417625835514627	10.858839163186440046615643950645
2.579072831208229832355982580339	5.122663496122484616535075474530
18.785142798018970466955579468049	14.701702413988192219562733953353
14.247623687011255810830334667116	15.444171167370008390662405872717
11.025471642016977824596324353479	1.114810451667722857038711481437
12.268384416870441455671425501350	8.786769119948219852744841773529
6.061976373772758996949505672092	18.018497037516535641543669044040
18.851215363607682462543380097486	9.453997514373693178413304849528
12.947619145080095037769751797896	17.855418367121647094108993769623
14.738763778870097809203798533417	1.494010705043634645861061471805
18.430582094050208752378239296377	7.401191387632628959636349463835
11.423572912928007028199317574035	10.426551170513446820109493273776
10.396569011985139496800911729224	5.103720673770646421019137051189
14.796988018886557014752725081053	3.667894761989613172659119300079
18.654076900625817359014035901055	2.182460818676156044659819599474
0.791541057198843489572936960030	13.104979485158477103823315701447
0.323941078365652668225038723904	7.630008770578728949374180956511
10.883002398612278582845647179056	14.732846625814154606359807075933
11.797352317613928107675747014582	9.877235343198169204015357536264
11.405798678737733453658620419446	18.980562541146415611592601635493
7.882195447126417953143118211301	7.494166999969790410318637441378
17.748174501265175706521404208615	9.256719731492216496349101362284
5.332650160841063247119109291816	15.217332747958190353188001608942
7.881805282796394251931815233547	6.119937109124304441820640931837
12.845135721169601339397559058852	10.620484917790568246687143982854
0.782029360391583550082827969163	6.108679110727460503937891189707
1.119813108474182250517969805514	10.049919627670712785061368776951
16.066812407053067346396346692927	5.458187131345934695048072171630
11.290147707435078672233430552296	13.746260711646190344481510692276
2.584732636305037800639183842577	11.462098791290481258897671068553
12.713842103620009993392159231007	7.666593861405567977840291860048
19.764958793217363819394449819811	5.872065417179113566703563265037
9.572377156447437585029547335580	8.506783936279942892610961280297
5.836580071615697029585589916678	14.828967163000383422399863775354
13.697666980045694273826484277379	11.826977650816678178102847596165
7.326519743861197753176384139806	15.298842855855438571666127245408
3.078706596813496787490294082090	18.849598070938519356332108145580
14.426939533808987192742279148661	6.578382001468167317170809837990
11.680733708400445891584240598604	5.745489257382320857914237421937
17.589996009898790418901626253501	5.077442753728306890081967139849
11.973898411629155802415880316403	14.592931814575052840154967270792
11.849015057920512461464568332303	12.785410620168949691333182272501
6.057383818631643990215707162861	9.979549577142313054878286493476
6.184105761200281214939877827419	10.405206261491686703379855316598
17.469587462172714964481201604940	13.739598373006057130396584398113
9.140971899013727863803069340065	14.383433461672312958512520708609
10.594137946118006965434688027017	6.551868462902160850092059263261
14.561856229066307832908933050931	8.650499869606957048517870134674
17.571327454741791029846353922039	10.088053824807044378530918038450
16.601631258375977751029495266266	5.951259514266319605724220309639
3.609618170919039581434617502964	4.882576576863009165663243038580
12.803124505334311677984260313679	7.442037817269437027789535932243
6.962994120462463243370621057693	12.464757671978933473155848332681
6.709916356497912737211208877852	15.689665418738359292660788923968
15.951482627918652568155266635586	17.296310165225683874723472399637
9.527107440284927619700283685233	9.216933464325876457223785109818
9.367821555214984385884235962294	6.387130765995792103240091819316
2.976543941083672262237769245985	10.157138468643754691811409429647
7.598131024823319812355748581467	5.202220838239463240881832462037
7.768250496367804736053130909568	13.242308229333398017502076982055
16.531921839751522185224530403502	9.011455579837264195930401911028
10.545080210829185674015207041521	9.646938155163411465764511376619
8.288277615020588129368661611807	1.202391605246368344594998234243
8.710694854856884106197867367882	12.595450337255114092727126262616
1.196594357224201043976563596516	1.554531487618733054389963399444
10.464012629197473103204174549319	0.309062361678856589719543990213
0.106969841413630417648050752177	14.950753367618251132853401941247
4.150608656927038175865618541138	4.355820695725792113250918191625
7.120511211685572661167498154100	14.029576086640132004390579822939
16.152601420962639622302958741784	10.333660892315103652094876451883
11.320798194883181508885172661394	10.498543518043019773244850512128
8.494165283603763327846536412835	15.354805333279994528083989280276
4.868086001870091550358665699605	6.419873607021332695410364976851
7.067641844388771410478966572555	0.514958324013074397740297172277
6.764357020128694664151680626674	6.442728223024999145707170100650
12.906015583266231772086030105129	1.969249817594798335207428863214
15.315899463073657571499097684864	9.467595659062750357293225533795
8.143969910270994816414713568520	6.900977501870188213217716111103
15.728895584900783433113247156143	12.259873744920207983000182139222
11.689697607667916656737361336127	11.070791731011441427767749701161
12.813585558941285924561270803679	15.215720678883796423974672507029
4.300774887514970501456446072552	5.832680995165026693882737163221
8.001862071059251846349980041850	3.176359872172426879188833481749
9.255752050757759974430882721208	11.000874879305966302922570321243
2.597404123470284709185307292501	8.260767335110113407381504657678
8.499807559574813708991314342711	6.129545829409645207874746120069
4.247134118469846342236451164354	19.395211923253825148094620089978
11.923409234650655719178757863119	18.653341264444883051965007325634
6.576231287757403620730656257365	13.428215251586834710906259715557
5.614900546910691403468263160903	2.996488466382538629062537438585
15.741848663486690540480594791006	14.189874554281445284686924424022
4.758548763043060958466412557755	2.420632792870399896401067962870
14.528756378065336818394825968426	4.792404126436650813047890551388
5.229098865202143286978753167205	7.706526607041088716698595817434
8.010786982168495384826201188844	8.427278048607602656261406082194
10.589323524872048309930505638476	8.469068807807749621474613377359
0.369565556700963471215004574333	6.817002612859662136202132387552
6.547346039837454334531230415450	12.356545742002333909681510704104
9.780554170486279730312162428163	0.223867503990142324710177490488
5.529477763898670517050959460903	6.932997755592786859324405668303
12.901460662845700255729752825573	0.964187460676916519020096529857
19.006702460146534860996325733140	13.911392378943133962820866145194
10.016754248154240869439490779769	8.458025050677981937496952014044
14.804093842326306429413307341747	9.234018825183531120615043619182
16.052591357368708457897810149007	11.483047955782708982042095158249
14.218894515170481085419851297047	9.117160487352826692131202435121
0.129201709866876957022441274603	12.077689018233233042565188952722
3.441836607456603136512285345816	12.543328223417974598419277754147
12.048332906899752003937464905903	9.186426025937446837588140624575
4.920611434424182029090388823533	10.842374168358976049830744159408
8.169231357295593909384479047731	15.786813327155948982749578135554
8.595482404580041091435305133928	18.795755401071193801953995716758
10.981979590084396392057897173800	6.109488747882904746688836894464
18.195029508621281877367437118664	8.525247496317067685822621569969
12.295560787771321997752238530666	5.823095573126239266059656074503
0.226721120583763147138256499602	3.923915868978379961617974913679
15.445390044629199621795123675838	18.385400859873708867553432355635
14.257708994074620889591642480809	0.961800098321573093684833111183
14.765976823813002027918628300540	14.240817170805723179682900081389
15.355898269321096805128945561592	12.548462860233685844946194265503
5.678899388643956491762310179183	17.029188461153186295859995880164
0.445992849583540795777025778079	1.217565556594767173237414681353
4.100619576173841096533578820527	9.571882747847753947212368075270
14.292452779811183560809695336502	4.315934347793918490765463502612
