75
9.519823259991740727059550408740	7.215410497335384754080678249011
17.657485541269252848906035069376	19.315461903015407330030939192511
12.545635358315847085464156407397	15.108419867175840067829994950444
17.401654712519679435445141280070	4.420144189009056923111984360730
11.463668994840276127433753572404	1.592405826610953756272692771745
6.117960227126157946031526080333	10.345996340320606776685963268392
3.751432303721922156825030469918	12.667475970967934983946179272607
14.911853076314224963994092831854	13.356240911720744790613935037982
11.447990515399295574638927064370	6.795444837707496965606424055295
10.771922843530816749080258887261	15.941408489983677654322491434868
10.840456738037081763081914687064	5.695351876887525754966645763488
11.775601358475340063591829675715	11.070753621361330232275577145629
18.669121905475865474954844103195	10.862264477703051923640487075318
5.006442326822717170387022633804	8.690347497443090318824943096843
11.111011278084573561386605433654	12.968223374924040314226658665575
5.575033196954109371290542185307	14.928796739036872764927466050722
15.219387318807973130674326966982	18.895692184600694218943317537196
17.016704162821877588385177659802	14.689919300147101566267338057514
14.122756830463650601359404390678	15.018422745440108911907373112626
5.645807628759449414701521163806	16.091547789336420493100376916118
10.001549495578883508528633683454	6.009655596338175698178929451387
5.324781006786130532759671041276	0.996118800033918061487270279031
10.812997463375399576079871621914	16.738572418118174311985058011487
15.914941049065062017575655772816	14.001904958060324091206894081552
11.173929603069225890976667869836	19.434847588931667417000426212326
9.469526512993384770311422471423	10.662824402105810506213856569957
11.766958029348474568109850224573	3.838312314732008623252568213502
7.009647815549602256623984430917	6.843059284159506816536122641992
9.345639462215684645229885063600	10.213932666165661089507921133190
11.298468806018679089220313471742	8.037516189892173201769765000790
10.890416205268261151672959385905	9.571783098849365956084511708468
10.852721220636722065933099656831	18.765069981759221917627655784599
13.373762255216924188516713911667	4.452560030192065809728774183895
0.370858958520032588879189461295	3.535236969505863857676786210504
10.741735553827629345846617070492	17.338151289773588104026202927344
11.484487861014983423046942334622	6.151311579515930993977690377505
16.921310460344866299919885932468	15.432141184728683569460372382309
4.878169936167692455342148605268	6.717813578864621604225249029696
16.273901237298922239915555110201	11.424983964523608648278241162188
16.214507926836997597774825408123	7.460456748361116829926231730497
14.425119772206263846214824297931	13.554850640018644369888534129132
5.385323280595641470824830321362	15.654967777519365412786100932863
10.112490723066541065122692089062	19.721540072372231833242040011100
18.008635175779957648956042248756	3.674507419316856093871592747746
4.743826074119578350973824854009	4.594371579328186072643802617677
18.764155940421890278457794920541	9.725280086978779436890363285784
17.763617949230006587413299712352	7.549075928446421279716105345869
12.984110181319572063785017235205	8.673469696303222065125737572089
11.859544641862564517964528931770	19.615506424442227029203422716819
9.348951882193251350372520391829	9.400577055139379467618709895760
5.180039975865337709137747879140	19.218253714646476026928212377243
10.580839212488204026385574252345	11.329157525560834329780846019275
5.416018611473343291606852289988	7.943037259220661283620756876189
5.605286343035809970558602799429	3.559450850948731037703964830143
10.331890590814028385580058966298	7.291313225504380213237709540408
16.140579685788047470396122662351	6.346879771071133546911369194277
10.069435343449862685361040348653	18.756278147552201573944330448285
9.527891389726104165447395644151	16.013040699079336803833939484321
1.385410667285499330958487007592	13.036749168886460736871413246263
6.536394969650839215091764344834	14.431627686982395175618876237422
13.244986673535455778960567840841	13.246111119874155903630708053242
5.624155346664299948145071539329	18.916386933689825156079677981324
8.485461537412179566786107898224	12.349009509195369105327699799091
10.945829955163068447632213064935	12.005130077150029777044437651057
9.757843011300522562123660463840	9.155912157424632269453468325082
7.486122819404062767034702119417	7.566498894831008570349695219193
13.536588177936353716290796000976	4.989058698968380944904765783576
17.559612659396808709288961836137	19.811507542883880716999556170776
4.468198418224923251784730382496	19.119870988545855539086915086955
11.622339518681737757788141607307	10.959463953064588537245072075166
9.158279785835304664942668750882	16.472087588042548134126263903454
12.141031524499982907627781969495	13.522724237922734147332448628731
14.751243444319355191396425652783	5.157443907929746274021454155445
8.392215139773711030102276708931	10.664754969130200379368034191430
7.016144749353301790506520774215	10.518330038907963697170089290012
8.753073386347383078032180492301	14.482657912425516144594439538196
11.435466275706863470418284123298	6.522303909265807497774858347839
10.079829490221102972213884640951	16.345397828858896360770813771524
10.211328164684758235125627834350	15.203466775653426523717826057691
8.564097793079126219595309521537	0.207291893933590154475155031832
19.676617178530509733036524266936	16.649964131150785107138290186413
12.032266845509450803319850820117	7.090275692913720284593637188664
17.462279116474778817291735322215	12.888200889971983542636735364795
0.245449151578222446445920468250	14.660915911830763036505231866613
9.682559454399259024626189784613	12.544661668281307242978073190898
3.452069769317030356603481777711	4.223041756442898808643349184422
16.574435840566387412309268256649	12.111747558538615621159806323703
1.226595515219155885233703884296	13.073564205005723692920582834631
18.472082685172001248474771273322	8.317342168746627351083589019254
11.054273330374774886308841814753	13.884728963382359623324191488791
10.312425422837645072604573215358	18.074459301108291242599079851061
9.907572026656083608031622134149	15.815650831883548477208023541607
14.349618061858684825438103871420	5.865557301898496334047194977757
13.946048747048493510192201938480	7.148595496326505482898028276395
16.576234709953734380860623787157	19.029649107496361182256805477664
14.958141313772456371111729822587	8.279047268496988465358299436048
9.260846825425192108127703249920	10.184187219232446963701477216091
14.278689441374156743336243380327	19.634142054634654783740188577212
10.394984152605587723883218131959	17.618441280424988804043096024543
9.245955662806597530334329348989	6.914818974670048135067190742120
10.336839908001246968183295393828	11.612048583927018441386280755978
16.728170363645975982080926769413	12.673608424693503238245284592267
4.694955887233789759704905009130	19.264306153294743495507646002807
13.996831659889855004053060838487	9.503658089110157192180849961005
6.651081860773377485429591615684	13.752094140686345724589045858011
9.590724631416181367171702731866	12.387391920381714882637425034773
16.253319753033473205050540855154	6.228255596585343667470624495763
18.751166594232870465930318459868	11.370505038241327966375138203148
2.880256395895414378571786073735	4.409066997958545286451226274949
9.998779462272500140329611895140	6.168618689466240923024997755419
16.792721948428873446346187847666	2.093289531120841928668596665375
19.694221281818617086400990956463	6.352309214973804074588770163245
1.773328875337846222137727636436	11.073091577449391209597706620116
3.204830237983188556682989656110	2.979685343201122993406215755385
16.880940751627729667916355538182	10.265865422771302206683685653843
8.069103877572219474245684978087	15.832290016069928029196489660535
13.332047526118596891819834127091	9.057157536718538182185511686839
5.839655476121120791788143833401	3.954497013569700847313015401596
7.402887013221512546579106128775	12.331512230076642211429316375870
9.558173063809986658156958583277	2.950693126338257421537036861992
9.328020346959684516718880331609	6.480416615116352474501582037192
13.111300158639707547081343363971	13.954025727940331691456776752602
5.396862369423998551098975440254	10.630547727627522647253499599174
7.408445544375371838441424188204	4.676993195404425485151023167418
11.531043272223248763452829734888	7.150878613403154560046459664591
18.824019219987473405808486859314	1.938398457690572840306231228169
3.855396125625883740895005757920	11.390470277731006731869456416462
10.644124039586078112051836797036	8.791325673602159440633840858936
12.046204324693041698424167407211	7.857382445004742699268263095291
2.430192356485176397029590589227	6.277999069029368328642704000231
17.808853913626617071486180066131	19.204240394296277827379526570439
9.279492113838054834218382893596	2.516419744101990652040967688663
18.950027975754895948057310306467	15.701626369195706089954001072329
18.042530014180048425487257190980	2.454178149070669334719241305720
8.262210531640800326158569077961	4.535651653367971825048243772471
6.027367305210368009227295260644	6.873697659126577264032675884664
4.746514338281123457363719353452	13.015836820945731133747358398978
7.411792932689243329491546319332	9.332437134299400582904127077200
15.529454866055063533281099807937	10.876396017341409816481245798059
13.168784911797459358240303117782	12.813754633103441094021945900749
17.221853423520546044755974435247	14.237504861802303679496617405675
8.574305809544203071936863125302	13.600129894911679784286206995603
14.943825769424101679305749712512	6.951083474977097331759523513028
8.187409407538019934236217522994	16.050988127171070374288319726475
3.876272091325392299410168561735	11.330542415842023373784286377486
7.930575452210210762871156475740	7.798544511663878964213836297859
15.165930320460249802749785885680	12.034939642408687632268993183970
16.028175743553287446729882503860	13.906424547052534279600877198391
12.056031602312252459796582115814	3.583557464278747772823408013210
3.267855178705785235138137068134	13.163396743929290266805764986202
