75
4.246923725222156775771509273909	16.803628076664821833219320978969
3.864640437646052362197224283591	13.929457928576464809111712384038
0.636559425646818111133029560733	6.385761585709477827776936464943
10.820735327567165384721192822326	5.136402436087318612578656029655
3.285731850452313640431611929671	0.027093621114327559595835737127
1.913444715488461511654350033496	11.086868155081686992957656912040
8.243250227738629476448295463342	16.560697889168388030611822614446
14.210541052079360468951563234441	14.491294460565518065209289488848
13.351765313794903278221681830473	8.956130430386521013019773818087
4.387101901849835172697567031719	10.677371198197015189634839771315
19.232788688050320047295826952904	2.816879148850666148007348965621
6.316529112779463162041793111712	11.979008942449441477151594881434
4.282164146669952486945476266555	16.105731765457509396810564794578
5.244676459202156415528861543862	14.507241149605395236221738741733
6.031514062214113458537667611381	15.978328459444114173493289854378
6.802842941475707227994007553207	17.465874125937848049261447158642
10.283127744215525112281284236815	4.290175846097327827521894505480
9.214456036854132392477367829997	5.332470526427615098441492591519
9.441562361211945031413961260114	10.007718114120793373444939788897
4.707044309897590927960209228331	15.881118958465778590039008122403
16.969227453730358234906816505827	1.155358281613810156329691380961
9.591863506998238975143067364115	17.788456686802280870551840052940
2.180792158781846179493868476129	12.538917152884097916398786765058
12.675428996564322758899834298063	11.056865688707837591664429055527
16.668856608927356433014210779220	9.748135175949180109000735683367
12.516093626048048648158328433055	5.796495441935578973868814500747
13.624896669040381880222412291914	0.172702745817788994031616311986
12.111556510080538018314655346330	5.582720053895408263144872762496
7.798719847035751051578245096607	14.839420655869616894051432609558
17.491756339030338551765453303233	19.518380249237356593994263675995
8.816263191842693913713446818292	9.463704046209961973090685205534
0.166652173054536500984568192507	12.088056299279845262617527623661
1.875497474233883021810243008076	6.528581317071619594116782536730
15.024812931704689233924909785856	4.655940124613807462594650132814
9.862476814829580717969292891212	4.594763869887792395729775307700
19.006847589362273254209867445752	3.936988021951762117822681830148
17.529623080910607058058303664438	7.894977152010026699713307607453
13.109804449884427057781977055129	1.113457416318350379214052736643
10.480205466187348051221306377556	4.935370500416371264407189300982
3.374646840107943468467510683695	11.068425231254300555860936583485
8.022172532457028992780578846578	18.449337885082936594471902935766
14.195559728880764893688137817662	17.297244585506124536777861067094
18.890416903553674643490012385882	12.413924910869809536961838603020
15.490592909638980501085825380869	7.160957932256150293426344433101
2.514561744673065035726722271647	13.705964880792159021893894532695
19.915071765987306662282207980752	2.900169687497275550214226313983
15.229731766589708286119275726378	19.139640774819120849770115455613
7.253914860004470277488053397974	11.202145245177893784216394124087
11.514105514028722510033730941359	11.778361690559654206822415289935
4.101062046839272667853038001340	2.786329341069654574880587460939
0.764021993242701702442332134524	10.706515992606545850662769225892
12.303084069337840489311020064633	12.228619769094283498134245746769
11.744948135553840984357520937920	10.952277654420273123037077311892
0.675719027464134036620180268073	18.263928250651659368486434686929
7.844917068819774463861449476099	9.714973121210919160262164950836
12.815631511051750024421380658168	13.633280812903942447178451402579
11.727914091356458570203358249273	2.068073585191978924768818615121
3.242040764126215002249864483019	2.465457553823699576867056748597
11.431826029607160322143499797676	15.971467954930405497293577354867
13.641609729126496830531323212199	12.502537801500375636010176094715
8.801640664961299265200977970380	15.920335669694052782574544835370
0.061405698857146306934851054393	6.935787059937246645802133571124
19.534508774764990590711022377945	6.919907868628486724560389120597
4.538699583736075737760984338820	1.824555162791098750219020985242
9.877042634453689018414479505736	9.204461698933993574200940201990
0.697914328837885511447325370682	16.534024065299050221256038639694
2.541298752497084478818578645587	6.464605485904376891426181828137
14.950355706530183752533957886044	13.674902062579073813708419038448
1.661095624089742317508466840081	3.632987936975822673701941312174
10.129884630514316867788693343755	1.161868423286804397065452576499
13.054646005481053805397095857188	17.839192498558798405383640783839
14.255547624709176801616195007227	1.071600305169025491025536211964
7.172588712983519521060316037619	12.766771376749836974795471178368
4.323422380953243049361844896339	7.996362854246037876748687267536
14.900367138154354762491493602283	1.307807440695378797812509219511
15.497659459612343368917208863422	12.292094010314430718722178426106
17.107400232740381795792927732691	9.421626413188882054328132653609
14.581437499824270176418394839857	8.397195647635291138044522085693
12.133440591396345453745198028628	0.517765435278839225574643023720
6.555560171737499608468624501256	10.328241767609631196478403580841
16.874791435082777013576560420915	5.254917041398724286693777685286
10.519304169970123297161990194581	11.888251525840336952910547552165
18.454147676506178044064654386602	19.470398727219915713249065447599
0.672283421902498679045834251156	0.600716401956860712729735496396
5.900382184308280208995256543858	19.164291593911524813620417262428
5.055779481552226783946935029235	15.566370219906929150965879671276
10.693649736085149015707429498434	17.319912809182667956520162988454
12.671469417337672069834297872148	11.076334887007046603457638411783
5.591431441487120679312283755280	9.622061756355103412374774052296
13.189723781456571316539339022711	2.123925716670605812197436534916
16.571866594906193626002277596854	15.139723908952788633541786111891
2.850856468252586317646546376636	5.500016225153080640097869036254
8.356879795728458404369121126365	2.625088995008913350659440766321
12.058860969692567266520200064406	2.588313013059144740424244446331
13.864452585628173508780491829384	17.027623866241697214718442410231
10.397785356524380517839745152742	9.790576015988088798280841729138
9.626479656027964182385403546505	9.013222794118641800764635263477
16.774797573714884890705434372649	11.360205308976414784183361916803
2.941008667329240378052190862945	12.705096638428360122929916542489
18.610793225685352325626809033565	15.402727503545081688685058907140
8.211031273127469276573719980661	11.558887847917098667949176160619
8.280366578181943992831293144263	7.661525681776807594758338382235
4.220744358283974762002799252514	11.064170960307601276895184128080
13.633989514958816613443559617735	19.929782793723539668917510425672
0.674029883575530730510649846110	3.210773290430038340304008670500
4.646002796612616947413698653691	6.289046068873529904408314905595
1.272138417337691951303213500069	5.678212593140235853184094594326
2.688864899707425593078369274735	5.890934408318052817321586189792
13.081704894922982163052438409068	12.068527097098273870301454735454
1.651797736496336987954691721825	19.800114046883241059049396426417
5.409641578680945528390111576300	16.291684851912137332874408457428
16.842755520208502417744966805913	12.124746473141540192841603129636
8.223840109327831271457398543134	16.077121263901311465360777219757
16.632151415854359299828502116725	10.614466913551392934778050403111
2.440788425205707490306394902291	10.500818893998969727476833213586
19.572340110344253361063238116913	16.817544835867185071265339502133
8.525497636448054805669016786851	9.961134257820029702656938752625
9.307294729952586109789081092458	6.115020755155585518991756543983
2.384198861575983485749929968733	10.723190985185384604960745491553
15.877678452425900701427963213064	3.715755794849151083525384819950
6.698194057459879502403055084869	14.427663410727831205804250203073
2.625614972855087714265209797304	5.364134011524058998077180149266
10.762386934755044265443757467438	10.061781423041427530051805661060
15.934358182088258715225492778700	6.956202363543050104510712117190
18.008659832172003945061078411527	14.865110696518474497906936448999
6.110664765219031124843240831979	11.771701706934761588740911975037
2.221085054052051699358116820804	9.886043165290915979426245030481
13.111731877571136450910671555903	17.439684628971399149577337084338
17.857069698489272724373222445138	13.975797954120755761664440797176
16.518052560516785831623565172777	8.883777339030391573260203585960
19.926382664458159865716879721731	18.340110949474983215168322203681
2.379338753240293868884691619314	9.736064825764653818396254791878
7.731704366515582016461394232465	3.311816953037657107472568895901
15.820798973985285229559849540237	12.289445906761731208689525374211
18.344441095305416666860764962621	9.870218400525965662950511614326
16.204514446546671280202644993551	14.696934454252650326111506728921
11.911854815108227967357379384339	4.829512120504389827146951574832
19.185995958258860838441250962205	16.678432446935339328319969354197
9.393615311896244435274638817646	9.638088443006157746140161179937
17.604032064674790092340117553249	18.441668326514673026395030319691
3.666711518592460805621158215217	11.029668335724297278943595301826
18.766343373942515171393097261898	15.366139194660087596844277868513
13.561389132282370084681133448612	15.801729530697771863856360141654
5.494143704223478863468699273653	1.392837348266780628236460870539
13.505717487993088354869541944936	7.589358927348566652426598011516
9.045751815085287361739574407693	10.657944845746014195242423738819
13.686892681857202092032821383327	6.872845342983974425976612110389
1.726523339999872952432724559912	5.301862699203753415133633097867
19.607513716190563712871153256856	9.741527262604570580606377916411
6.070968966800694310848029999761	10.166208793522269360209975275211
14.303337358279486934975466283504	0.346324916102683122431926676654
3.080259926169634177028910926310	17.868850544996089269034200697206
11.903053902308633027473661059048	6.127086447924021683775208657607
11.489561041405913499602320371196	16.500332562610193321006590849720
4.065346730798552243868471123278	5.969175715562095696498090546811
3.341175037476325826446554856375	1.879745553657994339147307982785
16.355260767721670589480709168129	11.766045148222787020131363533437
6.494590673281892989621155720670	8.183557899527503565195729606785
9.946493577649178519095585215837	4.947370908871752348545669519808
17.194648507362696676636915071867	1.916763319437539525580405097571
19.751128382377878267561754910275	15.538100687772178787326993187889
5.377456852265158460113525507040	17.812361500141598469326709164307
3.855940879488482853076902756584	4.133559792917473885154322488233
9.993432972187493490423548792023	3.275007382760109386765634553740
6.179838810739021859319564100588	9.702610254295203517926893255208
8.548055614642811050885029544588	15.349775623169497507092273735907
2.299458961817490987300516280811	14.684074655660621644415186892729
6.406150432943121586504275910556	5.675622148868675331812028161949
10.385197282774857541198798571713	15.721409285888942264364231959917
18.648098128782699234307074220851	8.314192318968524730848912440706
13.045554379442464210114849265665	0.227810052252693351348966643855
18.965549565232212358978358679451	0.714154004853730484114748833235
17.077724499919732181751896860078	8.180725773123628030703002877999
2.306945009971465676557045298978	7.855279017679547948205254215281
17.272627656839347309869481250644	11.845218231536749797783159010578
17.769424244760926967501291073859	15.883273778092943828710303932894
19.830493788618042572124977596104	7.706531881841470976723940111697
11.144952687768693522230023518205	0.607470012727057806500852166209
18.377427677697447450100298738107	11.087960882363667280969821149483
19.241934598973070791316786198877	16.837679394720126424545014742762
13.578105553169788066725232056342	16.562582187069406103319124667905
8.395276996486735754388064378873	7.570391238741715156379541440401
12.555325781697471043685254699085	18.574225767701602052284215460531
5.161419450810693199116485629929	0.924522555837195003647366320365
6.809557550408249504414470720803	8.987046604837184204939148912672
2.235807234679428212587026791880	15.706175837960401509008079301566
19.883661664848318650911096483469	9.739627070565429534099166630767
10.066436514419999426195317937527	1.194376711238789079416733329708
13.063600180432040076539124129340	11.753750891690215141238695650827
15.639022349296503477944497717544	9.610788832476822918238212878350
16.243098097892456621593737509102	7.029274529353146228061177680502
18.808803325440791809342044871300	1.406036958366631006711600093695
12.635890370147057737426621315535	3.952604543255256785982965084258
5.902971562104953662242223799694	7.565762978184745080056927690748
0.353886696546622969705708783295	8.448652426607887733212010061834
1.396631355032832422224942092726	14.482757991903913108444612589665
2.432223181363366126817027179641	7.931885575469807214687989471713
8.740961626938556605637131724507	0.475375788030245383097849298792
15.366258610075664847727239248343	3.191930644848714582195725597558
12.473407717627432944595966546331	17.677088010242101745461695827544
9.550561755383437656519163283519	8.164828201598883339329404407181
18.665268062693584738553909119219	12.386918784507823687590644112788
5.916029221665517923156585311517	10.992157746788889127742550044786
9.309529748586371056262578349560	3.215544481011078481458298483631
11.986024274371009923356723447796	13.445742341369088634905892831739
13.532038234248952690563783107791	5.294929461455219588117415696615
18.795429568356560423580958740786	9.234069742986237727677689690609
5.850349900627671573261068260763	15.729079195292024806462904962245
18.888506323690975818863080348819	6.913677540723869974215176625876
2.631446680102535573553268477554	12.209339189607309350549257942475
2.779453949643643895228706242051	18.147807358200839900064238463528
1.774293816261064637984645742108	17.470199804192645842704223468900
16.300777578431109304801793769002	8.598016244175495259582930884790
13.156381867169859134492071461864	8.897334351038434618885730742477
6.766110525520603324878265993902	5.327808739369050528011939604767
1.159517330507629839786432057736	19.641237865487401137443157494999
18.686375209595276203344837995246	5.598138577323815923136862693354
0.578147802875172089898114791140	13.835121662320299051884830987547
0.939108238586631616229283281427	3.387085304331042046044331073062
12.373397133334567143947424483486	8.634541426834957178471086081117
10.073380338142010614888022246305	9.118330037785375097314499726053
13.738449427804845015543833142146	19.132789059804085951554952771403
15.601584810389010016251631896012	6.209045132385457854695687274216
0.504388842043549834315285806952	5.858293536731645545501123706345
1.629331996561176554294547713653	16.879288314869203446733081364073
