75
10.998258723669540160017277230509	17.676235640103111990129036712460
9.045481501338404228818035335280	1.615060556682056169819361457485
13.907832522936757868592394515872	13.925961473743726060092740226537
15.605822887837963008905717288144	12.543525223031780413407432206441
18.788854082271747358845459530130	19.526744747924468015298771206290
13.457601731448702864213373686653	0.776947011702332268612281040987
6.195176271131046519258234184235	8.520220204519365125861440901645
9.361318374642472406321758171543	1.010558791515169918540095750359
11.688925977652111498628073604777	5.273283730197059426814121252391
1.953785632734216459738263438339	16.624598131506278519964325823821
16.360220296438303222430477035232	11.779571151664541162062960211188
2.785346629164617837659534416161	10.954717198304914305140300712083
1.465002203239945233192997875449	13.198152867149005373903491999954
6.645017733712345275876032246742	6.461649915725139692312950501218
4.075562216909923485275157872820	7.066871467737133372111202334054
14.128791941418558764098634128459	16.424779061008948133348894771188
7.651476630268328804618249705527	1.867807068736285991406020912109
13.193382288108752575794824224431	7.206702213416162017267652117880
12.734706553058469324923862586729	1.234629297201106368220280273817
16.782850679915476632686477387324	17.719166720910550338885514065623
1.424977163808430757896417162556	14.045850706842619715075670683291
16.222313754015075915049237664789	5.624570166891981415346890571527
9.477939310122140526004841376562	12.886195164680401603618520312011
12.280446153491416438896521867719	15.557092649013281260295116226189
13.477402004204989793834101874381	8.365035446469912372435828729067
9.852673567877369364964579290245	15.830849027447110088928639015649
2.248216633438853140347646331065	12.620228096290526664802200684790
5.927680975316683031905995449051	16.403847555066974450710404198617
9.596497482031676184988100430928	13.083547991420600098422255541664
16.901542326222234180477244080976	8.202565471443994837841273692902
17.731169990665339497581953764893	10.185857806112670331799563427921
13.167554479820923418742495414335	2.686349999161552037918454516330
10.711502140034813379543265909888	4.440147824577005408741570136044
5.373584440095070746679084550124	7.087137501941032979857482132502
0.721666254368010573472247415339	8.645201276549283164740700158291
11.999392142020068874330718244892	6.724324669075417482133616431383
10.908205579021771569614429608919	8.486030116152905478088541713078
1.538309354065614531492656169576	15.584777159902490240028782864101
7.219367592064945604590775474207	12.253325643859577454009013308678
16.352020722329033475261894636787	7.434699873942893333378378883936
2.623108633651010990206486894749	0.380367948236670194717135018436
8.286363828923958507743918744382	2.440833972744612889727022775332
16.106766141642797407484977156855	15.754399158119293034019392507616
8.636275728490071301735042652581	12.380769141572914193716314912308
7.460525783655310938513594010146	17.902643406115068103190424153581
0.955232993022957943551887183276	14.782507400279310871837878949009
11.610441115798863620511838234961	9.538548543078327668354177149013
5.771305041731819684969195805024	0.513319140993483191692803302431
11.504693961472314711613762483466	16.425513413141739960110498941503
17.813286480608503836720046820119	12.079954012581964661876554600894
4.836135282981580907346597086871	12.351036728396975306054628163110
9.430584648403495862112322356552	19.553746393215380550145710003562
18.675501682055866581322334241122	7.211381911730532223714362771716
12.630234514910849696889272308908	2.843778020447583543273140094243
1.261076472380735058465006659389	16.729349279349168710950834793039
19.022787324190055358030804200098	14.514097094642892216143081896007
16.532543800351813700899583636783	10.153560678363177771643677260727
9.516780151267617782195884501562	8.821901113495794533037042128853
8.004450854746510302106798917521	8.954396821358219682451817789115
6.471934984015779157573433622019	8.226504110348834331034595379606
7.312619940447794064652953238692	9.995365734631040055546691291966
5.029035137283968559529512276640	3.103983903035745228748965018895
2.007746248196445648659391736146	4.795224628332952931941690621898
13.741104651503862399408717465121	15.296870298187245751364571333397
0.427395287327041906166869011940	3.062049008116269455115343589569
16.519649900342162851529792533256	5.887347767966907063907910924172
13.288962410470901431835955008864	17.792373977879339719265772146173
8.715784334971093727517654770054	15.971096661713394482262629026081
14.900690169267065243730030488223	11.042742705012765114247486053500
5.888297945232162433626399433706	10.051578853361400334165409731213
8.149429407260981861327309161425	10.637291994254940874498061020859
9.354267912153279240783376735635	6.297892446572660674064536578953
1.923091613219666928813467166037	19.072851712165192594738982734270
16.102349127307761023075727280229	11.558961947568066719327362079639
5.226719737379297292534374719253	6.908476450310757854822441004217
4.016783468107655075129969191039	7.515181095666592092641167255351
12.754147864646025567481046891771	9.916861072016393663375311007258
8.492976044998579610023625718895	17.418541490891129797091707587242
11.498550702349032093252390041016	6.430560315464918019756623834837
17.955687077781245619689798331819	6.540407894026828650169136381010
2.104991712350650967522369683138	12.868616660167592868901920155622
13.583532832046714133866771589965	18.089645736183392443763295887038
9.112130513391674568879352591466	11.414332710027872863634001987521
6.458026577459122563595883548260	15.632887765897541143544913211372
17.712296842222322368343156995252	12.521867453966400773879286134616
1.828005951905752102248925439199	9.154280782047186093564050679561
1.757157876245435179640708156512	11.872694357716628843490980216302
13.943125503659247854670866217930	16.764753742175965811611604294740
4.060111284443139290090130089084	2.439197351328740825948671044898
12.774985184456136622088706644718	18.804478024170489192101740627550
16.608515772279645261733094230294	2.613734408581477985933361196658
10.222821964090972102212617755868	13.524482250287499951468817016575
13.319582734235639875919332553167	10.337466315658121018827841908205
15.658522714430340272429020842537	18.452016555384204821166349574924
16.285977579634277390141505748034	2.163350389604466350590428191936
10.361901215700187961488154542167	11.182581692310483489904981979635
9.923989049835467923799114942085	3.682380379096809708272530770046
9.765841474672958710812054050621	8.108185213483578124282757926267
9.342325214252854337360076897312	10.256615863367210650380911829416
15.566823252400316945909253263380	12.079860674596938352465258503798
14.058559944775383954151948273648	12.822424753040618128352434723638
3.650197890477554274468730000081	13.513033658255450220053717202973
14.944023818839196948715652979445	17.449729261937058311104919994250
7.075585568578310002862963301595	13.097832343162153279081394430250
5.334252095388777981099792668829	17.921781176828545767421019263566
14.800283537242064468841817870270	16.227374284158063488803236396052
8.351371911881463105942202673759	17.391340372121913304681584122591
6.971780018476173346186897106236	10.235048520552378903403223375790
11.790949683837569139654988248367	4.474568061977323374378556763986
3.421080357520808412630231032381	16.226897600221008133303257636726
13.281524575045187575028649007436	7.506192204268678835887840250507
12.684320915908735116772731998935	9.597603556452879658422716602217
16.819169799349428018331309431233	16.051574824820452391804792569019
4.590513553336263541382322728168	3.398231210269608393303997218027
4.181464519955475189760818466311	0.642260908917110073801381986414
2.473951757322670363947736404953	2.864124379924910535066828742856
8.897385231092961532795015955344	10.639119727865990583381972101051
19.031371249736924511353208799846	10.291703338503991105312707077246
6.327665197221987725129110913258	1.621988577927557351188170287060
19.325166846762019901007079170085	13.005359891300976471484318608418
6.845296452468504710964225523639	4.835924532290223787356353568612
12.498559600548855286206162418239	12.606132405354101067018746107351
17.534905068239464043244879576378	9.960043856004139328774726891425
6.792296415748751314822584390640	19.084732546253199814145773416385
8.896258777349066448891790059861	1.275611173088266436792537206202
0.333158358899294571031646228221	9.760024621134672173639046377502
12.706235311608361726598559471313	11.360284524979844533731920819264
19.824475947140136611324123805389	5.694626316792833264912587765139
4.783003714859990651575571973808	5.967876951401135166008771193447
9.379282880621628848416548862588	7.318085385298392253616839298047
16.524732499216998604651962523349	0.706679124614750575616994865413
3.231788927910250741604158974951	1.541900365334822442520135155064
1.062337476891389798083764617331	12.055587851655648279347587958910
6.303101731510261984681164904032	1.706615980376846586352712620283
12.886173918605621224742208141834	4.915798591788322013940160104539
10.094215302749557139350145007484	7.184912282054729537605908262776
1.992896937128671330796692018339	7.641980719579148484399411245249
11.829877853836780587926114094444	14.244165143703300557831425976474
17.940572823830201798500638687983	8.037156868565796585812677221838
6.496197848401517482841427408857	19.080685493248495276930043473840
6.705094854518542035748396301642	3.426753956992564464911765753641
18.489764072019401197621846222319	11.612960412205305615884753933642
11.687655759796159671282111958135	11.461350250193524047404025623109
6.649293637505064857862180360826	3.142602503404863245606293276069
11.739343430135365409228143107612	6.989105869795634085051005968126
13.665807253987463099065280403011	9.426726989784894428225925366860
13.821536948412283862808180856518	3.298978666535972159579159779241
3.779981515335061992288956389530	18.348753928740176633027658681385
16.106088988309476661697772215120	5.957380226655484278808216913603
16.245457626499316461377020459622	19.609966326944125114550843136385
6.978786425998843689910700049950	16.315285274365123768802732229233
5.155911421919028292393250012537	6.783958280524565509495005244389
11.512979238869183618021452275570	10.327900952375665966087581182364
15.112497454354137715881734038703	2.256994211184615295451294514351
8.804376406161063428612578718457	4.753329201473906806540981051512
13.356780222385879142166231758893	6.891701440859684169026877498254
4.175196275149225755285442573950	8.709991790842384062898418051191
2.561874930339438805049212533049	14.496431325030329162473208270967
10.518877330289587490597114083357	16.972373970839587542513982043602
1.182629920288357006086243927712	15.694949490524994217821586062200
6.244623983417968204889803018887	6.807178160740318340060639457079
17.597918720718684681969534722157	19.171390795887248259532498195767
3.302984907600443165165415848605	3.122464744244541012818672243156
8.680633152252712037011406209785	10.951111781594843108678105636500
11.959548320781783203869963472243	14.169999771678840616573324950878
8.646230877963361649563012178987	15.152908865791452797111560357735
19.091739986286487607003437005915	5.888074727284990927955732331611
2.611101605101270095588006370235	14.850548493127970317573272041045
19.517911420188386983909367700107	8.852353148869267940312965947669
5.100592984181404609955734485993	13.786233522501991188846659497358
1.270982755615825077200042869663	6.460436945611442105530386470491
11.996791374028651588901084323879	11.090797930564809448128471558448
14.815576439067378089475823799148	3.538812375455613778996166729485
2.813001105018571479376987554133	18.806989464648005139224551385269
14.247901098970746858185520977713	17.820364798438387055057319230400
14.813504585133694391174685733858	11.520950425972300124044522817712
13.701761811920313505197555059567	2.025675130327870387958455467015
15.608780654664622389304895477835	0.978605375092508777967736932624
12.650627874691402041662513511255	12.480417321160357957410269591492
2.199502051804986368921390749165	9.546896664764879858466883888468
11.652635285090640948624240991194	2.818324655548980928188029793091
18.924463863940903962657102965750	8.823843206081496859383150876965
17.494616161765261352911693393253	6.457966392069153904742506711045
13.102224730689117748738681257237	9.021429675367960143717027676757
13.255230456399239358233899110928	15.708598045374108309601979271974
4.772343846419354385091082804138	13.118803535705518825693616236094
3.311192807698748907796471030451	14.863699637498765326881766668521
9.289357574461137190269255370367	4.863524148333024044177363975905
16.331388384275001612877531442791	17.403796487945896842575166374445
7.206288992479598753959635359934	3.166876499372740738635911839083
13.196879715771013152902924048249	7.382565287723855895762881118571
13.179166403469299240214240853675	1.852329211655222795940289870487
9.749915808256902849393554788548	6.967842091033645601783064194024
4.111154935722563408262431039475	4.707942632016565376318339986028
15.614088332229229649783519562334	6.771665864498118025949224829674
6.896194693523393759448936179979	0.880015672078324318050590591156
18.374890521643401086748781381175	11.876467776235692497266427380964
4.499038802051857466324236156652	13.131541751572413545545714441687
10.765371122296301109599880874157	15.943054746900861218250611273106
4.038306610854351497152947558789	8.936647579298895749388975673355
8.540799579770961713620636146516	3.832391697243478390078053053003
8.336478104592920601589867146686	14.411635822139283291676292719785
1.070765915633363984937886925763	13.649186550773388049151435552631
14.403552724555927611049810366239	3.555610072678032196336062042974
16.788408103963558204441142152064	7.287803000183489920971169340191
7.883026720867944980852826120099	2.548659753594229915307778355782
19.541918791682167722001395304687	11.642269107937288197263114852831
5.301134324593711255602102028206	1.697258593157411121765676398354
5.701679195865320792790953419171	11.270961469320061709709079877939
7.842421352992440475304647407029	1.536112285446536995792143898143
6.514620966544506508455469884211	7.239669392361093080978662328562
16.044123207127906738378442241810	14.425925355876131561672082170844
6.102916812662762424679385730997	19.003417334210677580585979740135
6.841977591213991516383430280257	15.976742108159013966428574349266
3.372353586222917698478340753354	4.827396305347783744821299478645
10.981053487999016482490333146416	13.105530806535893972863959788810
5.115194147731520146749062405434	5.482910885448277760190194385359
10.224546577332940699989194399677	19.943029879798427117520986939780
12.832463832157788630183858913369	4.841671349134396784563705296023
9.247506974376836552664826740511	15.462689793840858953899441985413
10.770643002235567919910863565747	3.566960021368728916968393605202
2.032159564789183914257364449441	2.583338719239510528069558858988
1.484565340953651446653793755104	15.506759111148380014810754801147
10.166622487179933997936132072937	0.298436700177822755719603264879
12.413653032616618787642437382601	19.106837198861281734707517898642
