75
3.231737126043368490968532569241	12.926247868178785793702445516828
13.259781532753864397022880439181	2.485931044023279135046777810203
6.902229845451191003746771457372	2.121332278119481884459673892707
11.750035875636406501598685281351	8.175519716873981934668336180039
18.753470315549805036425823345780	1.032423359279619035078212618828
7.351478958276788766568188293604	12.623211383075934932662676146720
0.437974873954816823484748056217	1.829126245397040495532792192535
10.431010618113070620438520563766	15.515371201991172256384743377566
6.929076380295479786752821382834	11.107836389466726245700556319207
3.398787544773675506348808994517	15.170801383788678151631756918505
1.430843579200124171535435380065	7.284332596244230018101006862707
10.297311949235618655507096264046	2.860985187100245852320767880883
9.954817865080205052663586684503	16.898760322840455927462244289927
11.449226831424025974115465942305	12.434561699238990684079908533022
19.297943953497899371996027184650	4.586906695793528498938940174412
14.189276818724733786325487017166	11.445964257826561905062590085436
14.108551300743231493584062263835	10.400448486726554975234648736659
11.903044654720176254159014206380	16.605036298850095022316963877529
14.438717095448065919072178076021	7.166811711243088467426787246950
17.957984817947846067909267731011	7.799608685503550908890701975906
19.526775725411990691782193607651	7.107813493737999976929131662473
7.977207505237811524523294792743	6.127746425806497754251722653862
4.341267625019409770459333230974	11.729224946092051240498221886810
7.097184604510164973589780856855	11.163354415110624984208698151633
13.107470519794988561557147477288	8.825248696145134630341999582015
15.114329168426817062709233141504	12.831206300851532020601553085726
3.174247497994854505520834209165	18.918175949670271052127645816654
3.773202097444322333785748924129	15.183644781533038425891390943434
9.570136642447035768554997048341	12.202888702911883100910017674323
1.691102811235482672458374509006	5.541901297071526677484598621959
13.917909009768232309056656959001	2.608168486192020019132087327307
10.662431623186815699000362656079	17.231239203960193151488056173548
13.991226924812366405603825114667	11.440984041325402031930025259499
4.649242835441362409198973182356	11.892588505083480754365155007690
11.181435018792145186239395115990	15.442829131517074259249966416974
4.432350600414506125446223450126	13.033172711534044552195155119989
15.193963277531453925917048763949	4.028228954100336878241250815336
16.339659430706785059328467468731	7.753865869062220639307270175777
18.870932302657244861165963811800	5.385253782217073847959909471683
16.184808527346771001020897529088	16.059677868816134349572166684084
13.572695805608164576483432028908	16.080670503365880108503915835172
15.409371253680578917055754573084	16.005173696413407924410421401262
2.943759365423351148649544484215	12.715352954337770796655604499392
6.686046683402537382789887487888	3.451176523334833490253004129045
6.457860512095105143259843316628	6.488522345410554059697005868657
4.011781835565313869551573588978	12.654991538741469980777765158564
2.636505213524592772245114247198	7.124028443724040648987738677533
4.986457173561011479989701911109	3.138317283755522435484408561024
7.864730184268291957039309636457	4.170006298714563186535997374449
8.734031849873757025193299341481	14.226308544231303088167805981357
7.353235992524989939056467846967	1.422495473407587196490453607112
2.470371024790954272987164586084	19.894462514298790978273245855235
2.478837350676877271382636536146	0.856992888588714585296202130849
16.963473085090061687196794082411	12.182223405973434893212470342405
5.433298526980840925659776985412	19.304176178106008165968887624331
9.860488114535179704489564755931	4.885664443318336047639149910538
4.313188401927392945367500942666	11.720485586708822012269592960365
17.223865420632662903699383605272	15.262726329422134696756074845325
5.760346589836401243189811793854	4.149865539736527608738470007665
15.934960253750343639467246248387	2.112419414951804519375855306862
11.855902265448623467136712861247	9.807271824238242174942570272833
18.886132771853755940583141637035	16.003093639963275052195967873558
3.721047377625429142256052728044	8.521586129576283141773274110164
6.537277467503322725406178506091	18.209986560959102064316539326683
17.742769206620483402048193966039	8.041916694147126065672637196258
9.153483264399920216192185762338	17.843604323583956983156895148568
2.718684556825511577926590689458	11.455371368218093763857723388355
5.140068985207071783349874749547	8.266918537464187366481382923666
17.425458642358730543264755397104	16.464946836298892662853177171201
4.140863673385561938289356476162	7.827763396859115374581961077638
12.664574358105159745946366456337	11.034043293218418924084289756138
6.417731516522082735320964275161	18.385609657289602836272024433129
15.201139646841456354309229936916	11.209432155483115778338287782390
10.712761166033445192624640185386	14.643250121700191357376752421260
8.469018186754412980121742293704	9.098604942258429417734078015201
6.347529597133434897671122598695	12.616975563707679697245112038217
8.769501834727172706607234431431	7.098594062902160217731761804316
5.211154074721663143066052725771	16.774775193604348544340609805658
19.925428253455102378666197182611	14.321792120008591808755227248184
8.750619669709935877222051203717	9.170910957270246299799509870354
8.023422456841414529549183498602	3.770353851930617228305209209793
2.003745737937029591790860649780	16.556837576585351712310512084514
1.432302594005825380207852504100	7.930067740329228342943679308519
10.263609865459397241238548303954	12.170295259154254807754114153795
2.123439521300527488278930832166	12.943155374881145647236735385377
8.091783512665573496747128956486	1.202608731861745106073158240179
12.902895113563840112647085334174	6.178103794208039900581752590369
16.815424984444376832470879890025	12.674048254957527959163599007297
5.268002367873479308002515608678	12.628620731224156514826972852461
17.902162460549707390100593329407	12.804658547031703363927590544336
19.147625497283176088103573420085	4.596701365463838229175053129438
8.279127236808347944929664663505	18.910850497917280677029339130968
7.649520478412669355350317346165	2.948012814025796402006562857423
2.408886829638123394659032783238	13.572065650313467344290074834134
7.051314474180567337668890104396	15.906447312845884312082489486784
15.922562781250057639681472210214	6.087446152603621207788364699809
6.078666379031026245627344906097	11.329091809009856461898380075581
4.116501076050514740245489520021	9.736543223493701049164883443154
10.910751418107144772307037783321	15.478319949229900842624374490697
14.814978426646202791516770957969	16.535349524983917746112638269551
17.518722523024401027669227914885	5.057926127719308162511424598051
15.236509486287005188387411180884	0.097005777262018311191127395432
13.513699277548447241770190885291	5.918898893819592998966072627809
7.314207297741173618987886584364	13.799675298674040746504942944739
13.933676443117740006982785416767	5.802967685837421285555137728807
10.223413623903786273672267270740	1.822184828710093462689201260218
0.294316996537064889949419921322	14.228445890336468337977748888079
10.682942778512055426176630135160	9.818240708212035983137866423931
9.671902377307263876105025701690	11.314707089444757670548824535217
1.783388445861495252842132686055	18.334983811181700730230659246445
9.774220084679825504281325265765	10.208552553738657664439415384550
17.396456625058451805898585007526	8.294905613835300783875936758704
15.447318303625147350999213813338	1.169144248537129060494521581859
10.699138168997640363500067905989	6.121942328550081136029348272132
6.187897061930076603175621130504	11.096733162459406329958255810197
4.438027557982081816589925438166	8.869961380743470513721149472985
19.515589260327821818918891949579	3.387912721647023062132575432770
6.882928261102481570787858800031	10.900646439466829207276532542892
10.158221754345259313367932918482	10.681131615652699196061803377233
15.286863316411482216494732710999	13.295311696834577475101468735375
4.131650253634484570852691831533	19.900978866714453374697768595070
8.559880016266211200104407907929	12.275060528031266571247215324547
8.136646086075993267172634659801	10.406503812728614022375950298738
17.888127964390335478128690738231	0.256436001039522132316506031202
2.264861918352358838291138454224	0.076253501371248422202597794239
13.697339322551254525706099229865	3.969485183019857643671457481105
5.331078695557931901305437349947	4.372470196447379109372377570253
18.820855923471132342683631577529	2.412277993141675125343681429513
16.499519840055519637189718196169	6.785553911775856761323666432872
1.973928782827812478117834871227	18.819412942191689808169030584395
14.068556458317372559463365178090	15.558314633294351381209708051756
18.611197430359204929573024855927	11.696034031294676225343209807761
4.206539273730267147755057521863	6.933509810672826567667925701244
13.714860155952884213093057041988	10.248167488900220334357982210349
14.422515478911812181195273296908	9.656464078253311100752398488112
2.208579718924346124708790739533	14.026717939980080984696542145684
8.831203166036241114511540217791	6.943571018403499550686319707893
13.601214574464060902414530573878	7.186336970104263421887935692212
11.196018841078476668826624518260	13.708697553186913964395898801740
0.088268694342040543432403865154	1.798725676100566328585728115286
11.050641281167445484356903762091	11.084839069706756475852671428584
13.271837185304267592300675460137	15.575958364828400348756076709833
18.651429603018328862162888981402	9.415801252325687542565901821945
10.366233712026527769012318458408	14.238094751716142027930800395552
6.174706510840357154279445239808	3.114388172906924268090733676217
11.239217679204795530267801950686	6.881404582023187721517842874164
16.516315060203414333273030933924	18.691684853979719349581500864588
17.988408727225007055494643282145	18.295982489366490852944480138831
14.361397751909327880071032268461	4.932521127656255721660727431299
10.111063443675091022555534436833	11.385902777691388365610691835172
13.703246409343117662160693726037	11.251450825088516793925919046160
13.562066635876075082478564581834	17.018996845779309268209544825368
18.414525336794277166063693584874	14.298932685048058033316920045763
3.150647483876256149670780359884	18.390706979812790677897282876074
13.491517163037856974483474914450	18.375663685204795427807766827755
13.635175258282041355073488375638	4.044190701905192142362466256600
19.351125038703877123680285876617	7.402905113806844461521450284636
3.203660874725736018575616981252	19.234974189977894099001787253655
10.433793954072569931668112985790	14.213357316863925561278847453650
7.250355209545115364733192109270	4.603157370921655555662255210336
4.788776358372178520994566497393	1.913741067735172052266534592491
8.942069597587154916595864051487	18.598517235635043221009254921228
11.597242356781876537752395961434	11.035317234644359984940820140764
10.556337626903097515196350286715	19.605448602563924964670150075108
3.002182909185068027113629796077	2.869143864896233075967302283971
9.396807703094877339822232897859	11.037047676079023261763722985052
3.627865722542402249217730059172	7.837467819583623374057879118482
14.692637440547215987862728070468	10.851992742072344100279224221595
15.179557722590399038153918809257	10.513250171627520401784749992657
1.388349137573356095742838078877	11.229686232938908219125551113393
15.494809613814506832341066910885	9.737047906686846943102864315733
10.928168523246737819931695412379	9.982226922723477002818981418386
16.656696707695243020452835480683	5.679819340243769332232659508009
8.021118452418681599169758555945	10.637974248223629913923105050344
5.757473203500168779100931715220	13.519560201267752930220922280569
8.596160567407727270961004251149	15.857732020980334297632907691877
9.174691807487134198595413181465	19.555551106132458727415723842569
4.889331873665243577420369547326	11.425959280338119583575462456793
12.804879468585903978805617953185	12.154584334725480943006914458238
0.710825240023982729553608805872	2.985196721828650368024682393298
16.587848049860415500234012142755	10.158010989140770163885463261977
17.528807749704604646012739976868	15.806946395093021351385687012225
5.076733212462055888636314193718	8.622513270867873558245264575817
3.159171025099033247585111894296	9.092379509310488217010970402043
14.188828090281532467997749336064	8.901220076712801798635155137163
15.163033758358608338312478736043	15.109027392919585963682038709521
15.142782167915431301707940292545	0.558085190667938046971130461316
12.398689201859871999999995750841	4.134606063824617372404190973612
2.478865518509317578121908809408	9.400000538120684367981994000729
16.314459864522333987224556040019	10.482533075627832985787790676113
14.364605558750323410777127719484	13.061563752604934407486325653736
8.303799151387291743731111637317	19.433827799733570884654909605160
9.362349373163221244453779945616	11.155911336413563361702472320758
9.158669955732081646715414535720	3.533259381797679843373316543875
18.729364457318993686385510955006	5.851497213535614250190519669559
18.841088803674637119911494664848	9.808460610357634834599593887106
0.950885694819857629767057005665	11.573087141459582838365349743981
8.372016243590911344085725431796	7.695233236182702718508608086267
9.203772232423702348569349851459	6.318834595129732889517981675453
7.569662999000316361275508825202	13.688594339790839171655534300953
14.862526604465099211438428028487	9.481648850342521583911548077594
3.912793632883527550347935175523	13.433509585974956479503816808574
8.331559121643460130712810496334	6.294768585304720609485684690299
11.500537374438501103668386349455	12.455182508887753911608342605177
1.543551906577843357837309667957	9.957023907884295255144024849869
7.481405989889670316017600271152	13.138771689983478552221640711650
11.093954089728189416064196848311	6.916234514700928315278360969387
15.032880158583397545157822605688	6.676973973895136360567903466290
12.366536697741448591614243923686	16.069146100050772929535014554858
6.598479923166938654333080194192	13.556521053489905881406230037101
19.645367312186753139258144074120	5.108482858733301767983903118875
19.427713398565156666109032812528	13.762521004844442629178047354799
5.824677357804016963882531854324	7.364111472974146366254899476189
0.837761675619461465558401869202	16.719141617885721728953285492025
1.703940430151754448218071047449	3.440274787836102188265385848354
3.463404089435324628709622629685	7.193379635058125387558902730234
2.183256073011414777340633008862	2.809478106113759920958727889229
18.795363957593963277759030461311	0.397210746773115186414315758157
3.186622828391215911381095793331	0.974577940017093080626864320948
18.176211615698189660861316951923	8.618330940816635532542022701818
11.027340554158165275566716445610	5.723410060513620223332509340253
14.061431114134750330890710756648	8.633492638582080047626732266508
18.381987201094755590702334302478	14.113075734064127075839678582270
0.575169516016213577813687152229	3.234164737549559909268737101229
18.914515429167327198456405312754	18.503613969080888068674539681524
