36
100
inf
35
inf
inf
inf
0.000433054018332157397708215285
0.072866331674027423614958820508
0.587384915715080779818890732713
1.751047615333934048820196949237
2.999589360915819735708964799414
4.514418963714976307244342024205
6.021748838166301354135612200480
8.130856463492069252652072464116
11.378403136313114174527072464116
14.608458847595668927965562033933
18.366402370793071696652987156995
23.775467617375102946652987156995
29.200677075013008021642235689797
35.278208593065905063212994718924
40.703416027649723218928556889296
49.970201517918475531132571632043
58.875562537502972304537252057344
65.236353734667460457785637117922
73.009918585488890130363870412111
83.603529206708032006645225919783
89.155802760479218704858794808388
95.385542146161157006645225919783
inf
inf
inf
inf
inf
inf
inf
inf
inf
inf
inf
