76
500
inf
75
inf
inf
inf
0.000224743666575211165081782383
0.110955821193885029174452938605
0.410286923505222000940761972743
0.900709583836972527137731958646
2.436490504424393410687343930476
4.149261509297119232542172539979
7.090933708129135482067795237526
9.341303880138358550766497501172
11.369702271316072028639609925449
14.648141072160134612545334675815
21.183054774539144204936746973544
29.699925913746611172427947167307
33.132606371740827455596445361152
36.766930389108324561675544828176
42.505730579559525494914851151407
49.174274750199344907741760835052
56.156507073263313145616848487407
60.973409687650033106365299317986
68.058208543549795876970165409148
72.899668639936479053176299203187
79.630849738846478658160776831210
90.485070414650380143939401023090
96.011372887111861018638592213392
107.530637962883119485013594385237
114.084093128812142481365299317986
119.541177784573861231365299317986
127.462893616825027720551588572562
140.646193521806367243698332458735
151.034298538565707303860108368099
158.901281129589818874592310748994
166.894935377619901828438742086291
174.600357492241613499572849832475
180.881447425260972750038490630686
186.168587317839097750038490630686
205.054784547558568874592310748994
215.339535350221950693594408221543
221.301531123321780114565626718104
232.502245234649905114565626718104
239.143477984096392674473463557661
248.341026660015927518543321639299
254.625676016411716773291118443012
261.356861929497654273291118443012
269.853520254692966773291118443012
280.519169668755466773291118443012
293.156906421641167526104254648089
302.504481003164471530908485874534
311.001185104726971530908485874534
320.286794657423115495475940406322
328.644760425547417526104254648089
335.340369736788773025182308629155
340.627509629366898025182308629155
347.405280625460648025182308629155
358.070930039523148025182308629155
369.212474816137444122432498261333
380.485556206829471648234175518155
387.263357720501346648234175518155
397.928976616985721648234175518155
407.155845746510635763115715235472
414.546695179788457608083263039589
422.062533802835332608083263039589
430.073888673822239070432260632515
435.547362871791676752764033153653
452.799895830776051752764033153653
460.167663164760426752764033153653
470.895812578822926752764033153653
480.576598711635426752764033153653
495.516112871791676752764033153653
inf
inf
inf
inf
inf
inf
