75
10.532013963099471354212255391758	4.840964811873476492110057733953
14.439759918677447458890128473286	8.574967248873008429654873907566
7.039363686457169144716772279935	2.215858465756318285144743640558
16.115301819644379577312065521255	15.336839325568588421333515725564
3.725540606133689092160921063623	3.155260025881994057073143267189
17.067471772796992013354611117393	6.471709666717305964311890420504
12.822829188945098266572131251451	5.579091847639900514366217976203
14.484675869560748040498765476514	8.175629189785528438960682251491
8.008549861913969891702436143532	7.076073875332234308643819531426
9.551265095224488632652537489776	16.305008897474081663858669344336
4.960002396024744797387029393576	11.733875188773525977126155339647
13.402297212247791691197562613524	15.074602758401663749054932850413
11.257910892108531797362047655042	13.690129079597708638971198524814
4.684287822372991350050597247900	11.826021484749622558751980250236
5.111865660461567983929853653535	16.686487575931423066322167869657
5.066942938580067057330325042130	1.420607249450682729730033315718
17.637573173770583423447533277795	9.276339144232201405770865676459
14.416948344941516779726953245699	5.724914158247205620000386261381
6.181037062504753265557155827992	13.577375164114467764875371358357
14.438693892821062192410863644909	1.044747617278041662558507596259
12.137643973995061230652936501428	7.937397747549866267036122735590
18.488990949355422088729028473608	18.025916257332216474651431781240
8.205914063036299666009654174559	11.036979830489725529218958399724
12.762458365452667763406680023763	10.426299471998500933977993554436
15.130006971156053197091750917025	10.661615690228476438505822443403
13.405289640286266461544073536061	6.777905333645478869186717929551
10.109482088939083510581440350506	13.290945006693272389952653611545
9.204739369943474969204544322565	11.545258199883228655835409881547
18.360636709827108603576562018134	6.156124521928779458335156959947
14.550949900672883075003483099863	13.052296873737951443672500317916
16.880179792683165374000964220613	8.529325658420010114468823303469
17.736202538639002312947923201136	0.718120320966970204779045161558
14.656041120782735021066400804557	15.108463807562410252671725174878
19.772857977732613221633073408157	11.619824650544162025767036539037
2.452040365447964109790746078943	6.930717298155940397919039241970
19.624886296070449986927997088060	14.992367250362908848160259367432
4.748616310206303481322720472235	14.843693236066332730160866049118
7.971787431771999443697040987900	17.514626070782320255148079013452
9.847544928485916670979349873960	4.110509106838102333369988627965
10.819491762996143791042413795367	10.326710276604735838645865442231
14.866123367856561188204977952410	3.117871728701905986724796093768
2.467392009199246505346536650904	5.480487365358509777024664799683
6.127638716097251858627714682370	8.533166371098140245976537698880
14.869432694510379633356933481991	2.094756584744581928703155426774
2.304113810851835086879191294429	9.806147501865451587832467339467
11.278960098933794142794795334339	19.308171188277633234520180849358
12.559470414795987025513568369206	10.426916383357239581641806580592
1.682264129376740413590596290305	14.032580997017324975217889004853
9.023982391092038923829932173248	1.077100414944550887952345874510
6.533433852993315582580180489458	7.285099918661573248357399279485
14.324709982946327357922200462781	13.887478957990856187620920536574
8.098476503395884762426248926204	12.843715984741129076951438037213
12.718576062645690072372417489532	10.887525878162239933999444474466
9.281567296932621502492111176252	17.722021407686042948625981807709
4.505621296772480910419744759565	14.076672042289402497772243805230
16.490764482600987150817672954872	4.112118001918010357087496231543
6.896478619064184023557118052850	6.322595959149063915560873283539
5.965388740090893371359470620519	14.787192360731461704403955081943
14.853454142871548526727565331385	12.183296597127680982453057367820
14.172941889360402001329930499196	6.701346776893291945498276618309
0.255158103197822505592284869635	6.619358875592919133623581728898
19.878575790392282840457482961938	7.273441601876158735251465259353
14.267939438331119106351252412423	12.058442083624477447756362380460
3.229664306262345352394049768918	11.382970736911278919478718307801
17.300732454088645795309275854379	16.192681974387976850948689389043
7.008042388215382167970801674528	18.061170082846601303572242613882
5.698000394504397547734697582200	7.057841936684405403923392441357
11.997583725729910497648234013468	7.877428098047339233289676485583
2.125478849450684659672106135986	15.249255269927131095641925639939
15.225693872691035579691742896102	15.531033869285494120049406774342
1.998843810217899363834703763132	17.594192982442528716546803480014
5.916973509609332104730583523633	2.393155356644077080829902115511
2.506033408968633580116147641093	18.185561229744671152275259373710
10.338492912083939501144413952716	6.410076015673882743328704236774
16.548666299195350148920624633320	11.257337347811690264620665402617
4.695094754001770454010511457454	13.525732215839088468101181206293
10.813874135976558221727827913128	4.708329244138576008538166206563
3.807032869366677729772163729649	10.749450597824871778129818267189
8.513770159078527299811867123935	9.566581468598117865553831506986
17.739669534949918272559443721548	4.037185053163131698283905279823
11.830841089169261692859436152503	9.013337473375109709650132572278
7.940847480091504984045513992896	13.998087723107802915478714567143
4.980676021525610508433601353317	8.048060266631770431899894902017
15.465918669068948076983360806480	3.527919021635065099928851850564
15.936624233132588912553728732746	17.540638901461026222250438877381
13.628112400848429786037740996107	15.291439443066790815350941556972
4.896545809830810114249288744759	1.465223212434063615461354856961
9.345325030411192557266986113973	18.747472858001710704911602078937
7.865095802050645623637592507293	4.121704368117351080513799388427
8.100436154797694854323708568700	10.032728585542244559292157646269
15.741968508083900246674602385610	9.902661117757315167864362592809
18.995138054797223503555869683623	14.049663026094460605008862330578
6.273105863030792761492193676531	7.343271412682362608848052332178
9.360204380265679802164413558785	8.143914114170479834342586400453
17.042803545326535186177352443337	3.475949675822679107994872538256
14.816894582986932960011472459882	3.301454162126117086728527283412
15.914537561888950634170214470942	6.939530303068090155704794597114
9.959206728427442811835135216825	5.179073717854159042417450109497
10.172363490008947906062530819327	5.554528513880168105742995976470
12.070433317510637749592206091620	10.976679499729961264620214933529
6.204569498966391094540995254647	2.892548639607052773925488509121
1.714362099252030535723179127672	7.674435852542354830063686677022
15.105020312297135376411461038515	15.664298119838374390155877335928
17.206924610072285020123672438785	0.370167084406936908180796308443
8.491912875176687691691768122837	5.521659573984362801013503485592
14.078285921074256137330849014688	3.022863492680631480880037997849
16.774134770047574249929311918095	3.378432608484061461240344215184
3.499017157731364235928595007863	10.963914752494675397542778227944
0.148690695765811398132427711971	8.647349409543771514563559321687
6.038260041947633105507975415094	10.075672021669507927299491711892
12.592227383851232858091861999128	14.327180941060284169452643254772
11.950064049830372070459816313814	16.637835517773382321138342376798
10.769143895094344998142332769930	13.777454863958643827004380000290
13.424518735006936154263712523971	8.163671771515277342246008629445
11.194895781805712431378196924925	4.724679502110681994508922798559
8.278225869283332372106087859720	10.687128406030682370442264073063
9.368076483672256316026505373884	10.371112005986153903336344228592
3.537003589960421301441328978399	10.229419713536334057835119892843
13.684535840817277474457114294637	13.541153905293800363551781629212
8.206790037996768205630360171199	0.373423235004686659976869123057
13.648743023315279998541882378049	12.050720146232837493016631924547
12.878408353410499387337040388957	17.738384350184755788859547465108
9.466554527231687998778397741262	0.577250479267910954206399765098
10.188820463424933748797229782213	8.050210982029554429573181550950
6.692493253140396447520288347732	0.910843425860424105167112429626
8.075244208887754737702380225528	17.618020861080601946468959795311
6.093366712837633869526143826079	6.201837806704167732618770969566
0.069560779351193868791369823157	6.291561773204145779914142622147
0.903342387522861667292772835935	12.448192780393888767775933956727
15.962817765696701854949424159713	11.939259655623551736880472162738
10.950282156501451424901460995898	6.356647010380146234354015177814
12.597879201547529603999464598019	6.322943905369518446946131007280
16.180582431100376084032177459449	6.060022691912152481563680339605
6.390425263442812919834068452474	11.083010961313412678919121390209
6.101771274412648438101314241067	12.068621494886141221059006056748
18.730944428782994037874232162721	10.023730277037312674792701727711
5.573195757577704689822439831914	7.171958512056165524484185880283
9.300458162861902522422496986110	14.431130972922925792545356671326
11.394593542197830160489502304699	10.314088504169896864937072678003
13.005306277793996727609737718012	9.310093201201302903768919350114
2.896074760540153558707743286504	9.269330610532444225668768922333
13.267951095345932088775953161530	13.158628279291198381883987167384
6.927815548037975723616455070442	13.126728543558698447668575681746
14.312535421691173098679428221658	14.296570083902919279239540628623
14.156742415394322875954458140768	16.800616919073156907415977912024
18.417978578578203752158515271731	4.401831797639131238497611775529
4.620361752097081442514081572881	12.031864526803399684240503120236
4.526284868993861287833624373889	10.842471735059147519564248796087
13.674762087423717460410443891305	12.691266157127932601156317105051
13.121516103964959043537419347558	17.228327982350140956668838043697
