75
8.849627910509344275169496540911	10.015027263453276873406139202416
9.805158401236713672233236138709	8.956370216383323423769979854114
10.816785456985616775682501611300	10.962844420109599141710532421712
10.622515521126342008528808946721	9.130362743656398549774166895077
9.134901887377028018022429023404	11.408639954466405441735332715325
10.219776587464174610886402660981	10.536315825538324020271829795092
11.081064877310749849925741727930	9.517653618309372731687290070113
10.177094964938367738227498193737	9.572182476595326505730554345064
8.595722304647397393750907212961	9.286819423227210990035018767230
11.434263932622380721682020521257	10.884256923928601779039126995485
8.305634969086128194248885847628	7.532198696724464070939575321972
10.453642864930198896900037652813	11.996175464653259012948183226399
10.756544641406634355007554404438	10.293480273346949260826477257069
10.290059953080794130642061645631	8.291239905115212138753122417256
9.744803372903046323472153744660	10.646099359684580321072644437663
9.066203851995229712201762595214	10.239167828959537587252270895988
9.661170485221834525191297871061	10.469549476632325379910071205813
10.476786400593118386836977151688	8.414563451489117440473819442559
10.668994931035008733033464523032	10.310558598866954582717880839482
10.322904476400600159990972315427	9.757328659086329736283005331643
12.057706258655151998482324415818	10.494195145818684622440741804894
9.927949509928032156835797650274	11.614448199112594295456801773980
10.680691188306131067520254873671	11.157505042238449632918673160020
10.158981008227584652559016831219	11.198201245129730807548185111955
11.313385923589713399906031554565	10.503577791338381430819026718382
9.640057806411221008602296933532	9.750056681494328358894563280046
10.878551985027772985858973697759	10.519010591908644514091974997427
8.460866485894788624477769189980	9.268191955611770893597167741973
8.879572667374850070132197288331	11.065626745104079731163437827490
10.774265545060526250153998262249	8.866104660116299385208549210802
11.899803082020483202541072387248	9.551252569375689560615683149081
10.547547191563770851985282206442	9.903777155797401476888808247168
10.828905326021356358978664502501	9.497400316857428137495844566729
10.101085782123627510031838028226	8.936010761147722192276887653861
9.506331686147712289880473690573	10.159327654901261439590598456562
9.929611893001542455294838873670	9.346008978265697209053541882895
10.307474486848876793487761460710	8.225712225614399741857596382033
10.275765947498296526418926077895	11.799873518105714609305323392618
10.664373100878254518875110079534	8.427613335684439377359922218602
10.058479873559537765004279208370	9.144017083237535814532748190686
11.340931416998348169045129907317	9.427036253533419341010812786408
9.823685989420987141329533187672	11.424067931051268942610477097332
10.430403105429718380037229508162	10.280356978995969896573114965577
10.749788069323010120115213794634	9.315215264664660210769397963304
8.703347976123962936867428652477	9.845436343006207735584212059621
9.647240528823596505958448688034	11.562799052824244583348445303272
10.607980885306275808943610172719	9.718880666543155300018952402752
8.378463391133955440182035090402	8.666688603150937808550224872306
10.767387716597593083633910282515	10.232587119826769495034568535630
11.029067489663145096301377634518	10.170856811796568308636778965592
9.945955714534033376139632309787	10.708028348309996502507601690013
10.978880408297023052455188008025	9.788687640028090442001484916545
12.158931164465283103481851867400	10.053680778749527036097788368352
10.199978161192543524293796508573	10.948675792662882599870499689132
10.121250113157863381729839602485	10.572240712238368587350123561919
8.721289530142101398269005585462	9.301567630513369877576224098448
10.220974350403595920511179429013	10.483329411997328151073816115968
8.930943429561917668024761951528	8.298045816910311955894030688796
8.438606791985504784747718076687	10.552780001939545684308541240171
11.444497307726557266960298875347	9.812754357032728691478951077443
8.390225908655640552069598925300	10.019672461908884386616591655184
8.910760659329351796031915000640	9.850979621441780409440980292857
10.400115082936558508208690909669	9.846254206053581370383653847966
10.187845007692603260807118203957	10.875197948179236462351582304109
11.139106764307106445244244241621	9.111653610454530038964549021330
8.196091872600380412450249423273	9.722027842255926088910200633109
10.377876933239154055854669422843	9.614158612946964055367971013766
8.915353470997606777359578700271	9.658434998132181092955761414487
8.223858535647563527959391649347	8.804952013671689670104569813702
9.496880153072295271954317286145	10.253710439033200785274857480545
9.532792183098182547951182641555	9.916068180430290368576606852002
9.126430532767113135150793823414	9.636870600861385582902585156262
9.465527183391468923900902154855	9.516889077210043623722413030919
10.627392732191943025554792257026	8.036479934172165329187009774614
12.051691582530844826237625966314	10.508543838587396379580241045915
8.758418563952291790997151110787	10.339632571192282739502843469381
10.250776542898943688442159327678	11.091842778196227214948521577753
8.829834477120579450115656072740	9.783114306425392925348205608316
10.630616298235031180752230284270	10.206957674920358769554695754778
10.104620166025680916277451615315	10.710653435752833573246789455879
9.539000919450405291399874840863	9.647934260498850278509053168818
8.699878348314742382285658095498	11.399288839143959961575092165731
9.384940665404657877957106393296	10.531641824581797095561341848224
11.013615942649130019503900257405	11.716707230439521225662247161381
9.707787924018386860325335874222	9.440797252322768784438267175574
8.172139163964514452231924224179	9.404047951274090877404887578450
9.496494221831015991597269021440	10.838869172406953467202583851758
9.095136407077726303782583272550	8.442644508128822167236648965627
10.353663368638667208188053336926	9.396095621035286171718325931579
9.006285637942987420956342248246	10.709137753466157150228355021682
9.420604494741581902417237870395	10.453025206215444953272708517034
10.232620289948426872683739929926	10.145579101421486001299854251556
9.412768188405738811752598849125	10.218881830925468534587707836181
9.384604847464046883942501153797	9.811560030181134095528250327334
11.101631399522666754364763619378	12.100235532836872920370296924375
9.042742925549308807831039302982	9.920705177560419585347517568152
10.997755244721105327698751352727	10.105065522812653355799739074428
9.994387170458944424922265170608	9.424077396382172011612965434324
7.977465461140367253278782300185	10.357678071187729429425417038146
9.366796437733180269447075261269	10.140388388775170014355353487190
10.010537082101263806066526740324	10.535415936737694053704217367340
10.344042484073494136964654899202	8.822237291991543273184106510598
8.344025856861229328842455288395	9.424619680051515402396944409702
9.409816305473047037821743288077	10.107562694041973827552283182740
10.560372855823509041783836437389	9.336182887514885564428368525114
10.256504972627176641708501847461	8.820198797784778221853230206762
9.424838024079511100694617198315	9.492971955533439754049140901770
9.898917710131517111449284129776	11.037868997809615834171381720807
7.836738939263575787208537803963	9.865978468920044264223179197870
11.091086138554496542951710580382	10.229400214288201453882720670663
9.282945812517292338839069998357	9.253378948296889561220268660691
9.838342320238044891311801620759	7.401750866537742723494375240989
8.305156026003654545775134465657	8.772654452829723226159330806695
9.237754187891210833072364039253	9.812859306435960604630963644013
9.004878337736359483756132249255	10.925498625465341007156894193031
9.366774875373073072637453151401	10.249990678610140903970204817597
10.821561369090524351577187189832	9.288088485620924927843589102849
8.647384283519210512736208329443	10.345520261045383136888631270267
8.862133989281572254981256264728	9.923309030140028852429168182425
11.007252051287743199736723909155	10.511211400296595286363299237564
8.194988529468387739029822114389	10.554380336059585587804576789495
10.311199453760689692671803641133	9.744086052275058307259314460680
10.845467172916501752411022607703	11.262459491382454501717802486382
10.335557961984585872983188892249	9.491744776171378461526728642639
11.972996924646427174820928485133	9.510082315567943922474114515353
8.612526204722305678274096862879	10.473293418602851900800487783272
9.544787691483120894986313942354	10.278755630000679488489367940929
9.983816213249401272378236171789	12.068306544841661320788261946291
10.775887860364271375601674662903	9.449109253443408462658226198982
10.250461773376862595341663109139	10.254892610221180149210340459831
9.646645501412654866157936339732	10.219727678567252837638079654425
9.771531093942762424831016687676	11.058325672449786480910915997811
10.151812015877020201060076942667	9.439670239939609075463522458449
13.404273125690890466898963495623	11.060582840584217478863138239831
11.326648937190032739863454480655	10.013532707362706730691570555791
10.890009785344037851473331102170	9.827353352533123143075499683619
10.348596429616859992961508396547	9.545368100231787167331276577897
10.091805659556667862375434197020	10.514597555114159277422913874034
10.435247900382131902574656123761	9.053038473338300917703236336820
10.648231426413188316359992313664	11.022997892224744020950311096385
9.300026827826719966196833411232	9.996332524106195549506992392708
7.762350946517326377716017304920	9.145147058264297967866696126293
8.940926549694987457428396737669	9.108282440215665687333057576325
10.243966636585884799615087104030	10.704865210133396757896662165876
9.213825636748776304330021957867	10.111154814731216688983295171056
10.406924874466776387293975858483	9.000765134925156729650552733801
9.936237860250331621614350297023	10.128850621549998933801361999940
10.036373152283367460313456831500	10.333921369892490105257820687257
11.834162526114804236954114458058	10.813330122852383041731627599802
12.750650449906881789274848415516	10.038502090201447458639449905604
10.954135917661904642272929777391	10.992236942243176045508334937040
9.878386479392959884648917068262	10.020834566212959870767917891499
9.692341334060010638040694175288	10.078627078879756950868795684073
11.164423757400205872158949205186	9.509283503980260121579703991301
11.077860198311517692104644083884	10.297327114723852758970679133199
9.428596382468198200399456254672	10.611325654554679687180396285839
10.469192326690052396997998584993	11.401436561917277501265743921977
11.404963603526750759442620619666	10.424295789048064975190754921641
12.013557209986743146146181970835	9.429765856221791864300030283630
9.638461439658692953003082948271	10.041702921903626233302020409610
8.180526196555158335854684992228	9.109649950417383124090520141181
10.094775795912527271980252407957	10.461115866404199437056377064437
9.209806127139568587836038204841	10.630835741722806986331306688953
9.510340776579024435477549559437	9.047089244087310078157315729186
10.689972888547169205253339896444	9.023657416286292587415118759964
9.419628834305335374210699228570	9.003609681128686759166157571599
9.722305708379925803797050321009	10.320598640486016606132579909172
11.166201003995553264758200384676	10.184712670735457606951968045905
10.895392889836514882517803926021	10.319803998423667579231732815970
11.059237384936039916283334605396	9.645432356704780829659284790978
8.843339904278293417405620857608	11.607084144888702326170459855348
9.685415714408431853144065826200	11.403512285370675627405034902040
11.732264447759106928970140870661	10.975404115341087063484337704722
11.125534101214075377583867521025	11.439339140603019373543247638736
8.585938159830824645268876338378	10.177038318345875467230143840425
12.194390454193108297431535902433	9.136866215067957597284475923516
9.781413848928933063575641426723	10.587491588504875039689068216830
9.822315325964376953038481588010	9.567922614198547393016269779764
10.311169186167653322172554908320	10.103828937659052655817504273728
9.009022047510816477711159677710	9.851476060405508050621392612811
10.773678265421589017591941228602	9.264155749013363916333219094668
10.829442625332301730622930335812	10.679418761653854730298007780220
8.762296186219181493015639716759	9.998172199530070969331063679419
9.552001464873221436846506549045	9.148914865993218015205457049888
11.604616603592658563570694241207	10.515958297729257608921216160525
9.180099894633569235224967997056	9.946112091506199348600603116211
9.288274619912227691997941292357	8.535112949030375872894182975870
11.752058957249177595372202631552	9.742547274699955295318432035856
8.330964504582340168781229294837	8.771284368133770215081312926486
10.237003771467659163363350671716	11.310852033131697069734400429297
10.968617666579433489459916017950	10.984763684344995837705027952325
9.851180224640142313319302047603	10.404211538012049231838318519294
10.945820361953860100356905604713	10.251766676706438374822027981281
8.713111704122159295593519345857	9.401194613169110425587859936059
7.855491954502843654495336522814	9.586826991190502411654961179011
10.261551825416463046281023707706	9.556414334807023180928808869794
10.442791778821405301869162940420	8.750259925658816939630924025550
9.750370767796086468592875462491	8.560803740355586555210720689502
9.930011742560555632053365116008	9.909011728977619171132573683280
9.141311120831844050371728371829	9.904055326836221695430140243843
10.655197812888053121582743187901	9.487543508611054221546510234475
11.098152052173126946854608831927	9.719829444537944951321151165757
9.239870878968938328057447506581	10.358846984314192596343673358206
9.547985319661902892107718798798	9.709107229962059548711295065004
11.091836880309747570549916417804	10.013398223457558700033587228972
10.005942342923454191350174369290	7.769824949151344029019128356595
9.651449676775460062572165043093	11.319957968153754990225934307091
9.759038899809549860719926073216	11.459319647684344189997318608221
9.151101469602947346970722719561	9.896131529426185124975745566189
9.506884265593825489304435905069	10.427072256361583413308835588396
11.853737409184248008386930450797	9.544911882001141378850661567412
12.492167526142665678889898117632	9.463424413392827361235504213255
9.522962943715997496951786160935	10.868509537901374528701126109809
9.950696232294433229981223121285	10.114582573292862477387643593829
9.896363605725525758316507562995	11.074233532292913295691505481955
8.915844767846106577735554310493	8.988964925652611626105681352783
9.837483656023206179952467209660	8.436729661228635990255497745238
7.975127894255807703416394360829	12.232008607082223150541722134221
7.048766552024332554537977557629	10.284991460340240365667341393419
9.818223523041670119937407434918	8.329357472300172204882073856425
11.515514461171216353818635980133	10.871867830127007081841838953551
11.025133477961480465978638676461	8.701142959201234816646319814026
9.700476064797635800118769111577	11.156328748056749233796836051624
9.196529737155186623454028449487	11.380592350798645284726262616459
11.126442925455590327032950881403	10.757544625507581059764561359771
8.171270981026713897676927444991	9.866535336383932985881983768195
9.837440955391294039600325049832	8.008429272205038529364173882641
9.826337347816330947125607053749	9.291919556255072265571470779832
10.415805594121737343016320664901	9.840640558549692329393110412639
8.723826451992914954303159902338	9.281555244075605060061207041144
10.365587721330866699531725316774	9.314437479369884087532227567863
11.483117648722551251694312668405	9.615798044093917695818163338117
8.644654608416667329606752900872	11.187880683190199349041904497426
9.926537075006089949624765722547	9.755588004286259717900975374505
9.446290285617298110310002812184	9.756982837167317512694353354163
9.400127186786926714034962060396	10.802921132333123566127142112236
9.953850540453023754139394441154	11.016101873882814032867827336304
9.500314087301170218324841698632	9.461351136964687214003788540140
11.465372073765976779213815461844	9.817749411080090027326150448062
11.803710559964162740698156994767	9.978669216591301349694731470663
10.142683250115394955059855419677	10.578628115070824122767589869909
9.999093078518697552681260276586	9.286702069861336283906894095708
9.409497947672194939627843268681	9.526408593348801190359154134057
10.923858295229814885374253208283	9.345435882131653215765254572034
9.640086799426381247712924960069	10.881942681555418772632037871517
9.793065724059093923870022990741	9.258069293456646420281686005183
10.863387744759091191326660919003	11.410034178058040765790792647749
9.626070810999660665174815221690	8.459507459243051030739479756448
9.994750421150833119554590666667	10.272396064021586781223049911205
10.272589003411956909417312999722	9.114858994330525376881269039586
