75
7.727950911434930958421318791807	8.640071323418068161004157445859
10.039136502240134873886745481286	10.463333185441612727117899339646
9.225516057086583288082692888565	11.398347488142810846056818263605
9.503540543947712748718004149850	8.301827059375407102947974635754
8.785275552106025287457669037394	10.405496477432215840508433757350
9.283774521368389542885779519565	9.135551150296782552118202147540
10.216254164273744109436847793404	8.787816908747037913940403086599
10.377950589753240251411625649780	10.107157753712934677992052456830
9.653945362981174227456904191058	10.604292626796068432781794399489
10.437662255252492471413461316843	9.709947296364584090611060673837
9.632911386730928171573395957239	9.134286469271652109114256745670
10.126227581760666396348824491724	8.171307437016753993930251454003
8.635971706141628345676508615725	11.450907116367526228373208141420
10.935788574592208988178754225373	9.255342659105192382185123278759
10.061198940078663000008418748621	10.989955914226293032243120251223
11.049388220288067330443482205737	10.823585419495442394577366940212
9.480412056756033933879734831862	10.369177778709405046697611396667
10.257676296076047250949159206357	9.422979180251280340030461957213
11.335535152658831492544777574949	8.167382522600529881628972361796
9.437793152536585239431587979198	11.410933982456263890981063013896
9.922522053157782906396278121974	8.150267616176780194336970453151
10.411475167772273664468229981139	11.261564631343134124108473770320
8.330131191796168010910150769632	10.753560643524124884606862906367
9.903519694320696231670808629133	10.303618340826531607490323949605
10.805677285176566115865171013866	10.294686852659115317010218859650
8.314628778204767201032154844142	9.430798193903989101727347588167
9.114512572226555420229487936012	10.258961116996784923571794934105
9.666620383630936785834819602314	10.036042789179790091225186188240
10.012580320648838849706407927442	9.782922476407360790062739397399
10.352509179780483350441500078887	8.317937248944121009230912022758
10.927732963837675228546686412301	7.842852876783526383519529190380
11.127518293304900609541618905496	10.027484808688415185429221310187
8.541327370795610107734319171868	10.610688901365850966840298497118
9.529151743236182525720323610585	9.539764092439735776451925630681
8.353724254617965527813794324175	10.266784533127440326438772899564
10.299057535844477584419109916780	10.578586769424202174150195787661
9.978197389165075037453789263964	10.457271014159458033532246190589
11.800582413829946659689085208811	10.676398374075745323352748528123
8.714997150116150947951609850861	10.438641087426292486384227231611
9.419436244338610819681889552157	8.894373535093480498403550882358
10.186678186015114988549612462521	8.664542230674941336587835394312
11.277128786494357015612877148669	13.573508820887719039660623820964
8.394554713635942633231934451032	8.877456358370510614008708216716
9.367441851183915701994919800200	9.436911119447755069700178864878
9.724901297183119908140724874102	10.963321200892551132710650563240
8.713025398917158881317845953163	7.606170016350833229523686895845
12.031676409114446357762062689289	12.557499254069753646945173386484
9.762952169289032866572597413324	11.234966349361387827343605749775
10.908974971841423950991156743839	9.158007954478526002617400081363
11.209721162423052831513814453501	9.962276157440488333350003813393
10.536937972697893783902145514730	9.505392654729083901088415586855
9.453279948520629361041756055783	8.750611834900364982559040072374
11.079050043229235811281796486583	11.054579561578002255828323541209
11.674096809959264575695669918787	9.843682180196093867152740131132
8.174473351061040560239234764595	11.282537710051906643116126360837
10.646864366095773135612034820952	8.952063610742307275813800515607
10.361583596063633549988480808679	10.177959199722403482724075729493
9.000583853633081332645815564319	10.681893591329409076706724590622
10.374162447855296065313268627506	9.399878982197261478859218186699
10.302543701368840345367061672732	9.896754427532366449327128066216
8.901744398388347079276172735263	9.501434415244114362053551303688
9.505495315969216818530185264535	8.976747043537720571748650399968
8.929789238211498059172299690545	11.490700125998644764990785915870
9.440808302738339818915846990421	11.440178358558922511178934655618
11.348172673037915103577688569203	10.141761383269061624901041795965
10.638961151764940282760107947979	10.503484885108116841934133844916
10.219586460051836240836564684287	10.337032754795203004505310673267
11.451632596783255735317652579397	8.639793831416344715989907854237
11.546011822148757985928568814415	10.058738880679069183088358840905
10.282293523464167250835998856928	8.988338922061297253662814910058
10.582661964944964694268492166884	9.755030647146528011148802761454
10.592265404465733169558916415554	10.358262331277657608552544843405
10.861329086962980383646026893985	9.904875547712068240002736274619
11.733134527969196980734523094725	9.138905101864930102806283684913
7.787766317550286032656003953889	9.610117967828921692330368387047
11.183164416394674844923429191113	11.078773413103391476397518999875
9.923872542456685152956197271124	8.201403035631807725280850718264
10.995690270415863665220967959613	9.866445273496204038110590772703
10.936648661158642426016740500927	10.042987981416953147117965272628
10.453677064253401596261028316803	10.976058808327943339122612087522
8.398447258151199079634352528956	9.731495543001894787948913290165
10.443834401857674976099588093348	12.735892997273451143769307236653
10.396510080926557151315137161873	9.588549476364118362425870145671
8.242616338412467769103386672214	10.614308319988673190437111770734
9.984018632425652128858928335831	10.058530880175561961209496075753
9.290311749067099000853886536788	8.731532215572443078599462751299
9.091169260793646955676194920670	10.893343591905207290437829215080
9.266655422939781061586472787894	9.487322385687702919199182360899
9.514333288423333812033888534643	9.028609253262134259898630261887
9.561003670438756429916793422308	9.477128163290508666705136420205
9.144130244849041133647915557958	10.000099503678834267361708043609
10.171454885232188658505947387312	10.939451539221202835960866650566
8.584742034261417131801863433793	10.279762089258573709571464860346
8.477141315775295282719525857829	7.930506694854697613550342794042
8.060660996112963161408515588846	7.681106574852896606842023174977
11.252472393431581565437227254733	11.713908327958737487506368779577
10.062630268900313978974736528471	10.514784743208918982304567180108
11.095676701032340716324142704252	10.574108352780710262663887988310
8.870576671768951371177536202595	10.474548215515836702138585678767
10.773913314119871742491341137793	10.520953402399785048260127950925
11.310706933265189277904028131161	11.597079536401956545432767597958
10.656417422624382851381596992724	9.607644175279046905302493541967
10.705136540970867642386110674124	9.912477855552140226791379973292
12.678629295774646479344482941087	10.521331095956353962606044660788
8.484723619222016566254751523957	10.326683054563199348763191665057
11.331461120620803129099840589333	10.062344515505168729418983275536
10.283403135082371804287504346576	10.675143775233120635448358370923
11.392540969543242468375865428243	9.677122632321186301851412281394
9.834312298334191737581022607628	10.991557305468873551035358104855
9.014229613522230621924791194033	11.212093825472233987738945870660
9.976843442377925086361756257247	10.583930287830426664186234120280
8.946721880876623345102416351438	11.003772876134409131054781028070
10.488727348827568519595843099523	9.021089380107847333079007512424
9.006395790000684797860230901279	10.791047220511810422749476856552
10.363028827435176282278916914947	9.958908222893553485732809349429
11.237508759858767959372016775887	7.995008719609626446356287488015
9.004026626172789704583010461647	10.418812424989848608447573496960
8.754706796903874987947347108275	9.198842720216680035605349985417
10.647773631858630238866680883802	9.277144747616858921901439316571
10.966428238819172946705293725245	9.264645368300410410711265285499
10.983845876374189742818998638541	10.373567270444645771476643858477
10.174565438390084537445545720402	9.495594435148582590500154765323
8.435927289320838795561030565295	10.927031585223179632748724543490
10.701353707261180403520484105684	10.250159484118594122037393390201
7.434059599481788183084063348360	13.216693228788468417178592062555
10.443693081649593423776423151139	9.121741114799622351938523934223
9.078011839328395282677774957847	9.129213258772354677716975857038
9.866011736115018138093546440359	7.514569398453403437088127247989
11.757675489527054324412347341422	9.639667101276218730276923452038
10.357473327923480965750968607608	11.321542343489705118031452002469
9.014168721809920015175521257333	11.123753082640735811992271919735
9.387838302748765073602044139989	8.262657359510942711722236708738
9.504472518243321843556259409525	11.339677106887759094888679101132
9.059971335305899486911584972404	8.624823228856586254664762236644
11.497637493557533616694854572415	8.983523390997135038560372777283
11.679584099455629697672520705964	7.907985041844934670507427654229
10.243140035408138999173388583586	10.932295784587971354540059110150
10.369468478549746848216273065191	10.917963096036652714815318176989
11.198341590529709677070968609769	10.253085150051026275264121068176
9.423746549892964452510568662547	9.966646776922639006102144776378
9.799243068267742273746989667416	8.784186479124761248726827034261
9.874803482505930318779974186327	9.023023269177132377194539003540
10.934435885404131028053598129191	10.395222703983298728758200013544
9.626951121886953899320360505953	10.849074391529166305758735688869
8.682285638866995114426572399680	11.975687131490465375804888026323
11.358324252928751363356241199654	10.293658817251163384298706660047
9.578365014643130948002180957701	9.501345805043051484517491189763
10.742971193078840741463864105754	9.652823486868324920351369655691
10.096233378844367223337030736730	11.786562508670865412341299816035
7.791057839071786617068937630393	9.765155286187258809604827547446
10.059197212380484032223648682702	8.445405156203113605783983075526
10.203502053136725535864570701960	7.730183088286887382878376229201
10.640349908525328359587547311094	9.732526664673699201557610649616
10.610459061377646605706104310229	11.166777507453691242744753253646
10.344619013444932065226566919591	10.516324449675256147429536213167
9.630676358119286462056152231526	10.504492683703526623162360920105
10.544895765338475612793445179705	9.478847273926204408667217649054
7.253050036524543386917684983928	10.413529356266321812540809332859
10.246954165886000609475559031125	12.117774767286864090465314802714
10.265393794506763924800907261670	11.053249102076936338789892033674
9.739339988338597819961250934284	8.564294413137403694236127194017
10.550496929237660026501544052735	9.729840419452786548504263919313
8.441170890935588033698877552524	10.196989271659720799334536422975
11.135075279390644453769709798507	8.378443675731928053096453368198
10.626213276534292262454073352274	8.163306770157047864699961792212
10.060073788438502973008326080162	10.128583026380091780538350576535
8.458014871076203533561965741683	9.429181794655253412429374293424
8.468007639985835055540519533679	10.228158798195032375133450841531
9.534670731267311793999397195876	9.589435096340485742416603898164
8.911820388334479758896122802980	8.759966006384074077573131944519
9.356972076900403223476132552605	9.989073068870473193214820639696
9.822486982655615150861194706522	10.255122918262488340701565903146
8.986894751494672206604263919871	10.907198387008021356336939788889
10.933589116835376486847053456586	10.290051166937159266012713487726
9.231224719823044821964685979765	8.711940966143458808801369741559
9.341860998291558360051567433402	9.100525238697969143686350435019
11.175859783151592452554723422509	11.217455669967423048660748463590
10.605888878419493792648609087337	11.890386700502100225662616139743
8.067806810243773441015946445987	11.264997774899269344928143254947
10.137292729621943720985655090772	10.030161486239261847686066175811
10.448536174993297009905290906318	9.746420156631755205012268561404
10.741133348072683162399698630907	10.493257772595788068770161771681
10.328616873373857032447631354444	10.181342038106873104652549955063
9.916179402018000743623815651517	10.747247608693291098802546912339
8.511373404007310128349672595505	9.815264203683881305551039986312
9.619210329649822810438308806624	9.419685326948515680101081670728
11.182531697088338162870968517382	8.849063819796130658801303070504
9.742683048763685960125258134212	10.646240778551550931751989992335
11.537453998755609063664451241493	11.505737391517588008582606562413
9.373681318375147952792758587748	11.367651638636115052349850884639
9.631658142261850130694256222341	8.736093655697590776298966375180
9.621228916008654152847157092765	9.419719432986491725046107603703
8.381310053389228187370463274419	10.189894994634183689186102128588
11.170521404314630586895873420872	11.085178708555599058627194608562
9.491389613324255236648241407238	7.768083501634710508199077594327
10.197007397780120996344521699939	9.849963046252925735757344227750
7.108784809346015975961563526653	9.509469067049961310544858861249
9.494868157926893204034968221094	9.858922097443420184958995378111
8.985444275536398350823219516315	9.885268913365326426401225035079
9.556653929485047882508297334425	10.854229244608806226324304589070
10.043310887466171621440480521414	10.534088479173133734434486541431
11.084289932099384401453789905645	9.673908716328153190033845021389
10.442735344690008858492547005881	8.931403295004486153629841282964
11.551324763066064704730706580449	8.266740404936754771370033267885
11.859175318116948361080176255200	11.010228950515127621656574774534
9.465265581532392502595030236989	11.136727240205230415881487715524
9.328402928095703927624526841100	9.197587471934188130262555205263
11.029775478883282247011266008485	9.174140790026557468195278488565
10.779945469349527797930932138115	11.260177248805005589815664279740
11.044727984194530279182799858972	9.550683169244411629961177823134
10.364627123101660899351372790989	9.592108591027297848086163867265
8.125581750949587345189684128854	8.077812896752043059223069576547
11.536415914181795017157128313556	10.036586227067349597064094268717
11.049516936867268768196481687482	11.087315033455180213195490068756
11.705854936958100864785592420958	8.692061722737484785739070503041
9.962335065341623163703843601979	7.850549057260417740167213196401
10.622101709503340316587127745152	10.465936523173386518692495883442
9.990560094379082656246282567736	10.514545063224796095369129034225
8.959647682540257562777696875855	10.408292069388014766673222766258
10.695174880775159209633784485050	10.271774169657142294909135671332
8.732282500594013896488831960596	8.122831307421838786808621080127
7.995873762954148311621338507393	9.163777354345040038197112153284
10.300679795970541618999050115235	10.021724683953195267349656205624
10.628416287527041816929340711795	11.038711885973434334573539672419
9.443095735071919349934432830196	9.708026307788632180972854257561
11.542753708275478530254076758865	10.636655329989181950622878503054
10.873896811537971274219671613537	9.484768214352648385556676657870
12.614426977338343505152806756087	8.418763783568172343052538053598
7.676335347305800027584155031946	12.233912898238086697233484301250
10.937044497647862684175379399676	10.318531121772199554698090651073
9.337522490101854089061816921458	8.578013988737504647019704862032
8.618639273321623051060669240542	9.254012975991610545634102891199
11.410136489578638574471369793173	10.456265414985722372875898145139
11.219332056186688717502875078935	8.418921369616739980301645118743
11.357570030520802717433070938569	11.967329219732501854878137237392
11.117578155016410335065302206203	11.278725665605724870488302258309
7.903792935657861562503967434168	9.558904657536114513050051755272
10.605274595817297367261744511779	10.298751934431374266409875417594
11.375098258441413534569619514514	9.343949554171494753518345532939
7.897912360971725220792905020062	8.571392103361278103079712309409
9.982079153528054860089469002560	10.372140377972218772129053832032
10.396721351737170380147290416062	11.642275436489693873909345711581
8.861969978803090342012183100451	11.325944039285886333345843013376
10.793213344544545506664690037724	11.948080872821098097347203292884
9.131623484624432407485983276274	9.291405241321188057668223336805
8.818800385339853775690244219732	10.122099936355644089758243353572
11.583196812832259325887207523920	9.115784033275826203635006095283
9.854395719264768871425985707901	8.587373488573318169869708071928
11.565762038136051970127482491080	9.612392291294874269169667968526
10.785751605314509049549087649211	10.072514817717243218453404551838
