75
9.072610160103112164620142721105	12.323744084251092800741389510222
8.841080042882552447736088652164	9.937075837449215853780515317339
10.366544285730366681264058570378	10.098003484100640747556099086069
10.132497170689418908295920118690	9.088428392891977125600533327088
10.153232813561483993680667481385	10.872843679080936851732985815033
8.736360255024028020898185786791	8.187303879613255119807035953272
10.072083264625016241211596934590	9.145340149314536759561633516569
10.394401096644493520670948782936	9.399093151150653469017015595455
9.774635664342579133290200843476	8.733798040727362987922788306605
10.834088020644427885486038576346	11.833649312809138010038623178843
10.021211078688695650384943292011	9.932047655005005637463000311982
10.593657196027145062089402927086	10.560671967161299633630733296741
10.105884339480750711004475306254	9.592256846192730890265920606907
9.859546993179851170907568302937	9.364692960961008338927058503032
10.239058959966762074600410414860	10.410034994458298385211492131930
9.790482353745463939276305609383	10.328401092421373164143005851656
8.788381069138997858658512996044	10.065509057260980441128594975453
11.279533343638894038463149627205	11.445241995031974369112504064105
10.064931093181986199169841711409	9.169862578388071838730866147671
9.875472898667648991022360860370	10.296631394722666641428077127784
8.587948749538067971798227517866	8.858618522204160683486406924203
10.549829966643743617282780178357	9.188696940319848849298978166189
10.582719325863681802957216859795	9.362327406058334133831522194669
9.227068221233384548440881189890	9.845403293762313268189245718531
10.670108373721447492243896704167	8.815678087097856163723008648958
9.252168262397560738463653251529	11.347469366313001515322866907809
10.589506030604084685364796314389	8.853285469155480313929729163647
10.979193832490620863495678349864	9.361100653867698184740220312960
10.784649898421054814434683066793	9.695611861424282551524811424315
10.454519800675729612748909858055	8.362457632651427275050082243979
9.439801878088205810968247533310	9.271050627132115806716683437116
8.998272043657104646285915805493	12.313661083872233348301961086690
9.583404960565243158043813309632	10.962281915724632952446881972719
10.489409312292327314253270742483	10.330432012817295728268618404400
11.369303367441814245353270962369	9.214209400274249617268651491031
10.166765106353990333332149020862	7.993863173903093866101698949933
9.444252745195518272680601512548	8.486595068247636319824778183829
8.630384329799969833629802451469	9.156832689686369874948468350340
9.671055398227878185934969224036	9.786421241485053101882840564940
8.265365577310074485239965724759	11.324128828296769810890509688761
8.394656805138748012495852890424	9.639534301587884712603226944339
10.889920962814109373084647813812	12.225654060876678386193816550076
8.166292618603979036606688168831	8.760894784103433252653303497937
11.532973874289986326857615495101	8.286687849232675873167863755953
8.453872002054119150216138223186	9.660814384965652479309028421994
10.734158783782977053533613798209	9.691144468958361457566752505954
10.854069068388527696811252098996	10.924084439432116155899166187737
10.027943267852347020152592449449	12.042410855452585494163031398784
11.029247626273113169759199081454	10.350479656727276989158781361766
10.249786194059721466942391998600	10.059068366802049965258447628003
10.969058176385010128228714165743	11.556887827201400398280384251848
9.682666939332328581713227322325	8.526654688572884666086793004069
9.400188727065081906175691983663	11.533574688941579111656210443471
10.142101692007852165033909841441	10.346633723702282736667257267982
8.085088132281972761461474874523	10.766753215744378380236412340309
10.100995845490920999054651474580	9.605259724702762014203472062945
8.738028755520343082707768189721	12.708720347490013224955873738509
9.356808455342733310544645064510	8.850547967632437007523549254984
9.247798361369776287688182492275	9.849053378700478589280464802869
9.611264814171409653908995096572	11.251395881938897503005136968568
10.904897553028852996703790267929	9.757818259070820232636833679862
8.930901020971250048319234338123	7.982675356523947662878981645918
10.694928879642978003516873286571	9.422820701979139457193923590239
8.949892832074011650433931208681	11.305203234414435087273886892945
8.663606225092870261050848057494	9.473506788943407030956223024987
11.214053507192602410214021801949	10.806393680185482963906906661578
10.467242291788545927033737825695	9.037147710611934670055234164465
10.937379369113944704849927802570	10.349334944712959227786086557899
10.598746096128571991812350461259	10.871548831534493473327529500239
9.383736736075801943002261396032	11.378052613320907227034695097245
10.047954818260077303193611442111	9.690464882172575400431924208533
9.579303224288294060784210159909	9.512095218692936171578367066104
9.812439332802703972902236273512	9.677326245715162755800520244520
8.730007401989450244172985549085	9.924040620583719274350187333766
10.662423195221451877046092704404	10.252219023080382243051644763909
9.977381814627895195712881104555	8.086191427723125713100671418943
11.290289044868675460975282476284	9.876274903101165847374431905337
8.476458702852776028180414868984	9.872982552558386970531500992365
9.388545879592800957880172063597	8.922243705685300341201582341455
9.299562554061443719888302439358	9.001167881568088446897490939591
9.459518785297589715810318011791	9.365331787070367397518566576764
10.764898998648391170718241482973	10.791742279647980495838055503555
11.144210832942736288941887323745	11.266122557735918974231026368216
10.138109926786992076586102484725	8.650109307744825670738464395981
12.725680804997308470660755119752	10.389696619168661939625053491909
9.351782819895889886652184941340	11.051645294452924872530275024474
10.460598581930936390449460304808	9.515340696698558531352318823338
8.491887159873554580258314672392	11.500836777638879127039217564743
10.829072066261266726883150113281	9.809973548316504476929367228877
8.939889812202462593404561630450	11.552578310320985366388413240202
9.474296161368529922697234724183	9.566152956625897374465239408892
11.303157125076097599958302453160	9.054980193741116067940311040729
11.715977500161821822644014901016	9.658172545726277036237661377527
9.908195464504805372030205035117	11.480197559221943848228875140194
9.936327848538841323033921071328	8.948319125300463028338526783045
10.911002525775115756800914823543	9.283469711216390862773550907150
9.133037985313077200544285005890	10.072172934250096076880254258867
10.885871446788714322906344023068	10.177918382736773850183453760110
10.343188126897048917385291133542	10.666312090364264975050900829956
9.847315145635350930319873441476	11.758284193833546282803581561893
8.982357264605484559183423698414	9.584528534451299819352243503090
11.050465009487425049883313477039	10.115023521810570628076675347984
10.605296758729133799192823062185	8.926929485884873116674498305656
10.704209545746984133529622340575	8.719140757399598484767011541408
10.075448607252948107770862407051	8.834399247733051296904704940971
10.283289193089464319541548320558	9.332849407077009828981317696162
10.921857437984538563569003599696	11.108287123131512785789709596429
10.676114739728555846909330284689	11.183137659949167641570966225117
10.403826514265782421375661215279	11.165444157599999641661270288751
11.363441015425713942477159434929	11.548937020319954172009602189064
10.529727526510486157462764822412	9.190465525335005381180053518619
7.012630598543623250407108571380	10.285467350974057509915837727021
9.280375602066737172890498186462	10.550564817463566669175634160638
10.750445104731847223433760518674	8.498140071188661437417977140285
9.862844799486312652447850268800	10.110449769330603686512404237874
9.039527107380530779323635215405	11.323491157285676678156960406341
9.240288661386818702681011927780	10.306038604607616449015949910972
10.688474593665716838586376979947	11.050836024536859980571534833871
8.779080682782405276043391495477	9.388898362104988848386710742489
9.561267990223738522104213188868	9.055400890091240384549564623740
9.253722218979945068895176518708	10.497604061395257701860828092322
11.211307143725280255353027314413	11.554130444964977542099404672626
10.765414620657185906793529284187	9.634382976792709385449597903062
9.252634239404653015981239150278	9.499128102751944524584359896835
9.736472876723860636616336705629	10.367369886454797622832302295137
12.060554804695774677725239598658	8.925700114508757110343140084296
9.774051562332410014732886338606	12.440004856677322919722428196110
9.380502761771126074563653673977	9.619403142637036552287099766545
9.994179030728567170172027545050	9.008023857011465906907687895000
10.892145720242716322445630794391	9.737725411894054161621170351282
11.293366375145229341114827548154	11.624219894791121276966805453412
9.667411133214169893790312926285	9.485871310429212499570894578937
10.226747778750896245014700980391	10.242633701366390397424765978940
10.037864212629363791506875713822	9.777554904033323168732749763876
10.581201516973873566485053743236	10.885461716715651547815468802582
10.511017900178334372185418033041	9.972108215596630742538764025085
10.204286862837745886167795106303	9.717159776153289740818763675634
10.229609456352362073516815144103	10.637742038802411315145945991389
9.517169901646147067708625399973	10.623408240466632790344192471821
11.825878303033112715070274134632	12.375362980908780841104999126401
10.094702246524576594310929067433	10.726042836625156340346620709170
9.855098053088266141230633365922	10.062645740054991350120872084517
10.034712171339752018184299231507	9.190415403562573359863563382532
7.262506028980080685641951276921	10.216161434239243277488640160300
11.624666348004558003026431833860	10.269571426458904639389402291272
9.403491822087234552896006789524	10.123141160028302110163167526480
9.975356543773846951239647751208	9.053478598020497258858085842803
9.618092997482586170576723816339	10.276652439905570091127628984395
10.760807398143942492652058717795	11.283528936966238376271576271392
9.920975244822136218658670259174	12.734570695292349640226348128635
10.341829103908114717569333151914	10.155863760782555260675508179702
9.025904144408981366609623364639	9.865370109363045258987767738290
10.348316590283843652287032455206	9.113731554031762271961270016618
9.243617185638420608029264258221	10.254306646905231303890104754828
9.882843432499678115732422156725	8.870471164909703887246905651409
10.181774502925842185163674002979	10.987430888769207371069569489919
9.255948711482377078141325910110	9.370424383510300714306140434928
10.674964272109622953621510532685	10.864082552658297586845037585590
11.092689734298430082048980693799	10.020397843684747840597992762923
10.725101874863320006170397391543	9.423677264445572632212133612484
10.593673363209235915860517707188	8.988207660021155120944058580790
9.034020121698763006179433432408	11.359251131048834437820005405229
10.555857206715295149024314014241	9.780587244805055036067642504349
9.582066980267374134427882381715	9.503728866641557360139813681599
11.586687139611065333610895322636	9.923316570097970412689392105676
11.056762075094692221455261460505	9.625384358707171017499604204204
10.222744066350582414770542527549	9.479749996175607762438630743418
9.410132259202455884405935648829	9.856392743903869657629002176691
9.062138274839769636059827462304	11.073347515626439374614164989907
9.734702106477847394216951215640	9.058436786979640942263358738273
9.356076143431117486670700600371	9.711618932247864321993802150246
9.726551037796300036575303238351	9.601329110552329737515719898511
9.512643994587298479359560587909	9.269107354481578298077693034429
9.885967174705708515602964325808	11.330644841338841644073909264989
9.814423763416810331250417220872	10.633067026202432714399037649855
9.494278864575555587634880794212	10.579476884411855408529845590238
8.199695647425286892939766403288	10.696677874564697319215156312566
9.986220890138641337330227543134	10.279862002321516811775836686138
10.981937972384764989897121267859	11.191555060988557457335446088109
10.568599219067204231237155909184	10.243311697715782315754040610045
10.695092114329778354431255138479	10.177114589913916375962799065746
8.826962172624044811186649894807	9.259842665783510895494146097917
11.017003984435017827081537689082	11.000537057245438177233154419810
8.983588491937302578094204363879	8.287997903625033302432711934671
10.776836470375174670266460452694	8.900801333463258302458598336671
8.681695724906166589107670006342	12.015231034725053049783127789851
11.068687017240725012356961087789	10.148038184138350459306820994243
10.118713045096789926446945173666	10.326701129232567666349495993927
9.036887231788131913390316185541	11.121844875639848027049083611928
10.415118715490166323434095829725	10.667860909165018057365159620531
10.309935244221410499676494509913	10.270959627711313544295990141109
10.452393207511555317523743724450	10.457602667199799029162932129111
10.199388005543108093320370244328	11.369914581765101502242032438517
9.420320856379589713469613343477	10.292293874586144752925065404270
9.658521986504116085825444315560	11.225536610494792455483548110351
9.634038417645740537409437820315	11.917171234054812600788864074275
10.683646196702358821539746713825	9.911829871057772578524236450903
10.012986458358504648913367418572	9.976310313892355452480842359364
10.908227164389264984833971539047	9.891669315834725750846700975671
11.534430683124908156855781271588	11.915119270569540788073936710134
10.465952584953409854051642469130	11.123544588368808661016373662278
10.015264524237744936385752225760	9.650867787893227855988698138390
10.820521566109711386616254458204	10.984316700755613283035927452147
9.502297110840984828428190667182	10.474010520988839445521989546251
9.472718031441049291174749669153	11.739351923216387874049360107165
11.795128544299949169271712889895	9.321845575978707998388017585967
12.032306112869211034421823569573	8.304276011230161458342990954407
11.065451719803629515581633313559	10.778519911292679722691900678910
10.546973214961106179998751031235	8.449210837906083071402463247068
9.762320529685219128168682800606	9.797449156101695422194097773172
10.069408889214319202665137709118	8.984495531485354291589828790165
11.303709494344337471716244181152	10.696111214861419469457359809894
9.759662223843834638614680443425	9.422763444171005531302398594562
10.737374242958958703297867032234	8.736559631343236986822375911288
10.488807320039187587212836660910	9.116958877696655250133517256472
10.000819143802882393856634735130	11.556616806671030417419387958944
11.118135774218007583158396300860	9.314938160359970353852077096235
8.891465076126635835862543899566	11.107312939650679339820271707140
8.141466222298763710796265513636	10.626603013213621551358301076107
11.084138180734850465114504913799	9.375410578119241833405794750433
9.861759657030585657366827945225	10.712246833669386347764884703793
9.218373049138756769593783246819	10.158671179257019900887826224789
10.117693423608811187364153738599	10.881134238318553641988728486467
7.658970044309181268715747137321	10.123194410277383425977859587874
11.128130581364885642869921866804	10.034350554637764929566401406191
8.404398194830363877372292336076	10.822735683314283150480150652584
9.920020318828193239824031479657	10.988233334472216284893875126727
10.154816593536120095109254179988	9.538479842080406001514347735792
10.842088757628157935641866060905	9.479445916636679569933221500833
9.607147517780669332410070637707	11.626840834850476369410898769274
10.128970937733335233588150003925	10.986011201918513435771274089348
9.566287022564432973581460828427	9.592320823250132022508296358865
8.997637927700480986459297128022	9.319425883649410380371591600124
10.151553399188992798940489592496	8.757116493766982756596917170100
9.877046956910156438880221685395	10.139445018960774547167602577247
8.760062586283016372590282117017	10.541539037649094723292364506051
8.034719418860770900892021018080	10.083958987896954440088848059531
11.208732932369198209698879509233	9.648908030986046213683948735707
8.365106096861664397579261276405	10.791995661419305108097432821523
10.112682516707849345038994215429	10.126241246622967651092039886862
9.609527249206067267550679389387	11.006913155261402792461922217626
11.555911166828156666497307014652	11.843161328949314281544502591714
10.903153923029686112045055779163	8.996605714763639127795613603666
11.100795513308097994809031661134	9.873162184079824044147244421765
9.908880371903794781474061892368	8.976699205736448305970043293200
8.606432391570272955050313612446	10.529327363999673394800993264653
11.011164259510682228437872254290	8.188204046468761987398465862498
11.665598280965980393375502899289	8.927095757016752841650486516301
11.130614456080207830268591351341	11.072530891961235965936793945730
8.605709275300897687088763632346	8.597642528469874534380323893856
