75
7.932658684897745615671738050878	0.165224545023700208901118458016
16.577702861292134883797189104371	14.367147317629534342131591984071
7.183345853326725816145881253760	16.897354831358398996599134989083
13.436175860289655048518397961743	10.815378927058032942909449047875
18.882687111459901529997296165675	9.517003242497368731278584164102
8.783749184626136852216404804494	9.139025340847823031253938097507
8.707682436862866026672236330342	14.768120528428774207441165344790
10.605812000929288885231471795123	11.592722296929053982239565812051
1.160373341907935174077692863648	4.191318983255371222185203805566
12.049569310211037276303613907658	15.450928530032824070872266020160
11.903439906919995650014243437909	14.738116499902607969829659850802
4.839186430173715081082264077850	15.159855093544011950257299758960
2.632561805032207491450435554725	1.097801927955930789693184124189
2.491487301985930713499328703620	8.332937672082083579994105093647
13.555528072322852395359404908959	15.587527170618882266239779710304
9.757843357009994278428166580852	12.721677888080822782512768753804
8.392262817498730598231304611545	19.382277515236683740340595250018
2.495108958470810378571513865609	7.274438329595875885047462361399
7.509435371443319517936743068276	12.009264374254088991733624425251
3.721320268281194110215892578708	13.897485266495200662006936909165
6.607556280412421045866722124629	1.689808228903377340657243621536
7.289613049367105190867732744664	9.118003719595813905129944032524
14.431323856497797919473669026047	10.947343871196107301102529163472
12.984495263362250128125197079498	0.156095988891000736487058020430
7.417897153582499569779429293703	10.121618664209467652881357935257
4.308092237638767585394816705957	4.984727808414437966177956695901
2.430931670870485117319503842737	17.106447890528009736499370774254
11.427301349034079791522344748955	8.725816864049861010244057979435
4.756542230049932484803321131039	1.503320726470684931541654805187
4.756719412793748880119437671965	12.854366959872010056642466224730
13.638628065789628607262784498744	5.285701208517608939985166216502
8.116857852131909467630066501442	8.790863752177955348088289611042
4.108830530825996696364654781064	5.196287401646145553968381136656
9.455934734080674530787291587330	4.162398668888297237344886525534
12.731364284482328486092228558846	15.169178848775725754194354522042
6.110920939051291078669692069525	16.926897620528887244972793268971
17.344038221454198378523869905621	11.488165230168871033811228699051
13.700459756153026802394379046746	8.483330164445806786943649058230
13.493729816624952633219436393119	11.524322068755852299659636628348
9.343430678947060030736793123651	13.370085634352564696314402681310
19.259292613198827126552714616992	2.672569228392069895505755994236
6.543006903559720477403516269987	13.056621125328954136080028547440
14.104396647048151436365515110083	14.046768738496426820461238094140
16.586582813534274549738256609999	7.010438908562148796477231371682
13.859345439070251515545351139735	13.454618148978987335340207209811
17.502022364465251058618378010578	13.253417304576910140667678206228
7.467424880312254487080281251110	6.684074503438426795298710203497
5.767521114935483694807771826163	4.591239418872673283544827427249
8.033134914279658644886694673914	11.211405837006727992388732673135
6.649986194548223039646472898312	12.683315291845772776468947995454
5.851944205643100360703101614490	7.833554399583009697494162537623
12.912579695623467301857090205885	8.768196694630868037734217068646
10.813073156414954922865945263766	9.126829605397833944380181492306
11.111513878052205583912837028038	10.253594027037634006660482555162
8.223524263924762323085815296508	16.531667779385188055130129214376
19.314889266354910546397150028497	8.214253252286811246563047461677
13.112900493800278667322345427237	18.438791358843509726739284815267
15.464763504473291177987448463682	9.685413428192660489912668708712
13.676959090746018787854154652450	0.164704077586370623009770497447
8.617053004933582727176144544501	5.716019869179588042129580571782
5.207162295143407781949917989550	18.796098378985590215961565263569
11.789311823071145113317470531911	7.642238410905458856348104745848
12.200437533384423716142919147387	4.342925419565165867652467568405
6.683333320223789897340793686453	2.558660407333326336498657838092
12.982134372294778401624171237927	7.465974702671233309558829205343
7.600633710903213824394697439857	14.334943957187725516178034013137
14.611777634797839198199653765187	7.528929013407182679884499520995
15.012574973828208158010966144502	7.441093015875789085100677766604
9.002116185215301769062534731347	8.922247705817888174806284951046
5.643241126469476398597180377692	15.816449942879886592095317610074
6.379222291647520748369970533531	16.740193567900963245165257831104
13.363056375554549504158785566688	17.156556561548065076294733444229
8.907671158411123002451859065332	16.361241594285342415560080553405
14.638313956587253983343543950468	10.068692269697304908504520426504
17.782806173047735143200043239631	9.572048105879051860256367945112
7.695995144911220720018718566280	5.889802297079429038717535149772
7.716715178053327406360040185973	9.517827792034825762357286293991
16.513245286486970542227936675772	7.749308704573026673756430682261
15.955451637514959983832341094967	12.397476953546554767626730608754
1.781190872683671155840556821204	8.260561148101906780993886059150
9.377701931687349556909794046078	15.391327000046508999275829410180
10.392047674889553832144883926958	8.738827843200256850764162663836
18.404864040050551210470075602643	11.151803184081449771269944903906
11.870903428337250318236328894272	10.638323571512927401272463612258
12.276938084321951549782170332037	13.413035374939759947210404789075
11.611643505582723179259119206108	0.095311662869204116788068859023
3.535291125045769700108166944119	8.228957052288714990595508425031
13.313088438054130335785885108635	3.447726628671508031231951463269
15.680355794958247273029883217532	6.467728271958730346113952691667
12.010001542202781266155398043338	16.245725875257477355262381024659
9.946447948259974580764719576109	9.066685291177135397333586297464
9.262640748880823338140544365160	15.032012404954564033232600195333
7.921725955511649708284949156223	4.568660894947610628946677024942
15.092420765918687308726475748699	2.790449928076076169247698999243
5.515329779283021593982994090766	11.723969440124680119197364547290
1.679459921228934504711105546448	10.930479120377263768659759080037
10.173998789656584662566274346318	3.297715247788832293451832811115
11.240679441536858718109215260483	16.556508215008246764909927151166
16.279981570384890687819279264659	5.029639201320015295948451239383
7.091742750769936876054089225363	4.830283684099079266616172390059
13.968171165216691775867730029859	6.143801902313071217065498785814
5.329158650974269662015103676822	5.659438126220156739520916744368
12.721282396839638906271829910111	0.960699368206475501352770152153
13.223437292915068752563456655480	10.378819491605671743172933929600
12.147568330009827164417401945684	16.351314715626035223294820752926
14.417223244138694937532818585169	11.586972720158815519653217052110
8.809295234867738244588508678135	17.377414764233545696470173425041
5.898206944290374842410074052168	14.074492710452860322334345255513
5.636819574293436829748316085897	18.734507368093101575823311577551
19.262515584067251950273202965036	0.007949825832376689049851847813
18.096978282426938733351562405005	16.188013701592399939954702858813
9.315229849741148981934202311095	12.780114905886145848512569500599
10.734915129476751971537851204630	3.962619219463446196272116139880
13.450590524751827814498028601520	7.168577695200663235652882576687
10.689210701745480491808848455548	14.553422084476441256128964596428
3.718892079459231059246349104797	14.450456804120577203320863191038
11.437950327849407017311023082584	6.851061186936754587861742038513
11.972978992662641317679117491934	5.887556889222199885125519358553
14.230829166779452421565110853408	3.499593595056039951884940819582
4.475764984985930006189391860971	5.611743990544749038917871075682
6.342363061777836819032927451190	8.232668574856802479189354926348
6.855837778021069972567147488007	19.126782105879339468401667545550
4.931349612870281617915679817088	10.947791022734390864457054703962
4.881437180445998613720348657807	6.526039991684386976089626841713
4.660146331701769284450165287126	13.676235859747727374724490800872
18.634070929277967820780759211630	5.793719096901892129380939877592
6.432159128451174545659796422115	6.243996109808366945514990220545
1.057528703965642691287030174863	12.762765493615496836810052627698
11.187027590897773876577048213221	18.982503986332407208692529820837
10.339105780071815132714618812315	16.054407210918352433282052516006
1.498415056352159435704152201652	13.193652646638842185211615287699
16.170142775250109679063825751655	11.989676585134590780512553465087
7.177699198002315483790880534798	9.267827451289836204750827164389
1.319934522844603108637784316670	5.846284849362098690050970617449
9.668209653555418725545678171329	3.622131442357755748417957875063
19.567998597674868932472236338072	14.217849245553356496429842081852
12.208707106732138214510996476747	9.968895388766352283482774510048
9.575693958459389421022933674976	3.183275651424875896111643669428
4.797776577214747817379247862846	2.893010596314479876411951408954
14.726432951971675677782513957936	5.772970671085571048308793251636
16.563261456838816343406506348401	9.971016101802351982996697188355
7.664519126939541848742010188289	5.016722787819055895397468702868
5.968194490354839842893852619454	9.071967754614354007003385049757
8.022761796970589998068135173526	19.556893236610392250440781936049
13.093967010783542193053108348977	18.737283533929897316738788504153
8.806455504493056807291395671200	7.481221745113405319216326461174
17.323768480020870441649094573222	10.336107709562213585741119459271
8.738138036261970498230766679626	4.004092551519621956401806528447
9.117181498515257942472089780495	1.691201638584727717784517153632
11.172938817544048717422811023425	5.939547131278754221739291097037
8.365897733924045454045881342608	9.660510254301653887409884191584
7.413827403249084291303461213829	10.044098132878842122295282024425
5.184658572873751758436355885351	12.245032940013803823831040062942
6.728969724375380323522222170141	11.856071231503017671116140263621
8.240319011715149244423628260847	12.334225774987517709746498439927
7.158960286076128554100250767078	11.457552148663783242454883293249
14.559020541068619536417827475816	8.598231166203364139732912008185
4.304642660138853216267307288945	14.131186106303701421893492806703
4.215494342103006886190996738151	7.075481193956034253744746820303
5.980759718744321773442607081961	4.643151925983304728617895307252
11.858416957813627590212490758859	13.078718984685723469851836853195
19.597794100114871440609931596555	11.446229752351181119252032658551
12.892986859828283741080667823553	2.492407978021870640361612458946
9.550711138560359358962159603834	9.679943769329369729348400142044
9.732620294061849364197769318707	14.027431641787801552823111705948
0.944848739295632178425421443535	7.028657711920312856079817720456
14.535216618625213413906749337912	6.280901462409841151668388192775
18.856214152322600341449287952855	12.539193077281931110178447852377
4.176592479359800158533744252054	18.197981818343304638574409182183
12.762801211803592948967889242340	0.728401627341490165434834125335
5.922984595839116295223902852740	5.029575481551828985971042129677
18.253550011841490174901991849765	12.181170746996798470718204043806
0.142795612207240019131404551445	6.800747683018338207716624310706
10.675019842033497852185064402875	13.634976644273189450018435309175
17.389478664486532011324015911669	11.629655497727188873113846057095
12.147198531069182791952698607929	10.892433299588498485377385804895
19.571461645493073433499375823885	11.660315309662982130589625739958
12.016945121037217347748082829639	12.143014584495974261812989425380
11.944306025949515515094390138984	11.717151972313152086258014605846
9.346016706035262799900920072105	2.508558716328844084841875883285
4.129226596750862121609770838404	7.929614368969444271328939066734
12.263309495799814996530585631263	10.681055543137205177117721177638
15.235132799175541862268801196478	9.384628995418081487400741025340
15.686133220860799752927050576545	18.129468975757674797932850196958
11.707960166217844744096510112286	14.947293600821515369148073659744
6.541735950788583053849833959248	8.941697630838479682324759778567
3.041594709190000855869584484026	4.670536293931036198046058416367
8.141318380643413732400404114742	2.143416396046963434685039828764
13.547897906900915998562595632393	11.443742815181193961393546487670
16.073685477375622809859123663045	4.103810368066643121665038052015
9.171278253919894041246152482927	5.604553781751086205531464656815
7.207685637162083658324718271615	10.642718761914625957842872594483
4.942191027485178800304765900364	9.988009904277618034029728733003
14.867555499449478517703937541228	2.265046674374316726385814035893
13.685280241746410112568810291123	9.694035928931588941281916049775
5.784251861085156320996247814037	8.934704309237149644218334287871
5.318688089385283923604674782837	11.716844777595612825393800449092
5.254951239602132062600503559224	9.580550620104812509225666872226
6.187373624922046566609878937015	7.860964181933231209598034183728
15.365039854088397675013766274787	3.875432324632473779502106481232
