75
2.626293050069167911431122774957	2.838640857570849718172212305944
19.053018734008404067026276607066	16.328328828936776062619173899293
14.134613176496426234507453045808	5.148437095972035137947386829183
8.512831004191522055180030292831	7.976910804696772494537526654312
16.373007882144747782149352133274	17.403325015942662901125004282221
18.347411039140155253335251472890	17.839034375121762820981530239806
10.805177732876831697694797185250	1.988106409782574246492004022002
1.341627176611371652370507945307	10.671498871701626143249086453579
3.124054530967689480291937798029	9.275388497919733410412845842075
17.794823711680979982929784455337	10.848362589182404036591833573766
8.992905766618035201531711209100	12.119160262856901510986062930897
11.690053189715225556710720411502	4.401688240315520417311745404731
13.315400772523663164292884175666	16.165330454245683711178571684286
6.361828607413782421531323052477	19.033829049618603335147781763226
4.488354621501915886483402573504	1.547633280393645449635187105741
15.113752628286267309931645286269	3.135977472801540599789404950570
16.401462575825604517376632429659	6.478833179861378965824769693427
15.693728936806248697166665806435	12.430571490146711255420086672530
4.019605252192429034607812354807	8.251491236418512897898835944943
6.569253356087690676190504746046	6.716036174691152993432297080290
14.253167840093068363671591214370	15.066018214287620224922648048960
6.591700937184887365560825855937	9.440812238848584669881347508635
11.556666063313173253845889121294	12.139172953302432844679970003199
10.535135385610894687147265358362	5.335822621524706654838610120350
8.513110873725073801665530481841	1.373106205271614754792608437128
6.935801619745275203854362189304	1.965337710340335775072162505239
11.467687845784443112506778561510	9.919805395558098481956221803557
13.690366042420128778189791773912	1.725924764431990610091816051863
3.096230135701661723146571603138	11.707811404240855424063738610130
16.456938015958627374857314862311	14.037510398245572673658898565918
2.964958896519253706003382831113	12.550366746717495303187206445727
11.305856962737586002276657382026	9.338071927459445475960819749162
15.790630327727608772647727164440	4.270801659457276855391683056951
10.976930309006215580325260816608	19.336745780643838088508346118033
16.771777152952275002917303936556	0.492565914363137125064895371906
12.946549285566735676411553868093	11.219430975155963992051511013415
15.571959943613137511420063674450	13.690575785397228969486604910344
2.139984350192524864553433872061	18.689334735142324461776297539473
0.102469954219507997095206519589	17.770184799723597990350754116662
18.201339979262865398368376190774	3.669789860611988530081362114288
0.013949792104510194690192292910	17.748457013572615181828950881027
8.773914044290439306905682315119	14.830364550174808258020675566513
15.747670582900390456870809430256	14.685687759901538740336945920717
3.787060307289049632117894361727	7.527578169338523750298008963000
16.070337021583057435236696619540	15.850926261593002664085361175239
8.240236353620847609136035316624	4.086388102340629657760473492090
12.512216771798348347033424943220	1.088212634263165057291189441457
15.086255229793968268836579227354	3.880871649781641785637020802824
17.372691563925855007255449891090	7.563393846125613606545812217519
3.139453019757116436494470690377	16.747991709119091296997794415802
11.902996682528398153522175562102	3.241941898941988142723857890815
2.009780678765588746159664879087	17.915183922191843635118857491761
11.485355205943815093405646621250	6.564054988005418422858383564744
2.927561471404795945261412271066	8.888633430073973329399450449273
16.814330667058975166128220735118	0.134367919645342226431239396334
14.606297727860267698929419566412	14.594305065296342860392542206682
9.697615085809159651830668735784	0.726536647011407410445826826617
10.954404603084496372389367024880	5.874515982339658215494182513794
16.567107487516206987265832140110	6.608928303691222083671164000407
17.861035185266455727060019853525	4.250766248668720770353957050247
17.096081551433041312293426017277	0.666301267734187518954058759846
3.997249881662761517020499013597	15.570747005753808878125710180029
8.487018843360676356724070501514	13.521977378370825917386355285998
15.612259857413283370419776474591	14.700252963473470657618236145936
0.163594121647509638250994612463	16.556160236263519180965886334889
4.243237776692432738911975320661	2.561160323213660383601109060692
17.681194441059414401706817443483	11.202530444675257825792868970893
9.928504819984315332703772583045	10.232992149191716180212097242475
3.012581650644889030843387445202	9.076609234895908429052724386565
8.263486330169742544171640474815	9.486286961473714640646903717425
1.943762727341935558911245607305	11.153547785902672373481436807197
3.635226672424832550234441441717	0.842881900003863648862534319051
9.284321445058123956073359295260	4.058669194355191578438279975671
13.354415368842227351819929026533	10.453936599004014951219687645789
9.742302535525938722571481775958	17.395171393510075574795337161049
3.272018983127052749182439583819	9.580370201069595026410752325319
19.491883478681810260013662627898	13.778213931193292296484287362546
8.520019507943905168190212862100	8.978085970444785957056410552468
16.827798601317525140075304079801	12.808841520046993167625259957276
18.414141235336160207225475460291	15.971961070237959745554690016434
13.943093392551347164953767787665	1.788702688630024795202189125121
9.512081081129522885930782649666	0.472278003173345339860134117771
7.502879556426035989602496556472	11.865528394583060745048896933440
11.135911807745493717902718344703	15.478992046377417324265479692258
12.787479531723896286621311446652	3.636955658333708818474860891001
12.929100534142239808943486423232	9.669148530170039279596494452562
18.995049611045828896749299019575	18.629310513023369821894448250532
6.027903295687396578728112217505	13.518843169506990165018578409217
4.453853702605132802716525475262	17.566689396091419439471792429686
4.614008617431883507720158377197	18.501993759691693242075416492298
5.070737922757680316010464594001	12.220551769710702672000479651615
17.910714204992363107749042683281	12.870531415785347206792721408419
2.704135365226072451605432434008	18.014495648662872895329201128334
9.307615095515416214766446501017	9.493306696560161128672916674986
17.960319149955488171599427005276	19.727007934422630341941840015352
9.233392337582875697421513905283	5.828486053450603776582283899188
19.489465806838943251477758167312	18.481817122420626020584677462466
13.105531910195056255474810313899	15.078773520543354180745154735632
5.368529941987812748038777499460	6.431501881605235837469081161544
6.391330805541425519322729087435	11.395768207205417610339281964116
9.916203501939165221301664132625	10.759941816788179735908670409117
1.649306519478363597386305627879	1.928396608032365122653573052958
14.959297074159604079568453016691	10.633363158202811860064684879035
8.773954221743133885524912329856	12.997138764949255573810660280287
13.361498639586793402145303844009	2.434496005965606890697472408647
3.225592152681842073036477813730	16.479218356739472994831885444000
5.425209130823532177601009607315	18.810292980322785183489031624049
15.229037643949606462001611362211	1.835425116807844148070216760971
18.939038539091242796530423220247	7.607413275151274412166912952671
7.301864748101852597983452142216	11.974135099310396768146347312722
4.065558985860476148843645205488	18.612149389632563156737887766212
12.775541944389658510772278532386	12.401739727546477354280796134844
19.629911456963959892618731828406	5.362972284644484943783027119935
7.248874416498489736682131479029	4.801213149477925767882879881654
12.013327199901400632597869844176	15.578517533154348839730118925218
11.193841787305261803453504398931	1.897689303608514066468160308432
1.108008715353669515479850815609	14.015578381233792626403555914294
5.766391398381296440334153885487	9.807362190334137252989421540406
12.447700744302116149242465326097	10.360113965981577521802137198392
14.661806313653556799181387759745	0.918106446268195597326666756999
1.365837142250571289991967205424	11.555138579672892262806271901354
1.641813193955444560856449243147	4.436850254261659465271350200055
8.181997570383201079380341980141	6.828575916417682023507040867116
0.667591382112101783263824472670	5.352941169536611809576243103947
14.871267140441833731756560155191	3.371254780978079956810233852593
8.257573299479840756021076231264	9.301035741275237356262550747488
8.415926168352656944193768140394	15.833517152797181637424728251062
11.373486864967556897454414865933	7.795656249687365146883166744374
5.043606612185332238595947274007	8.139799523507326384219595638569
11.731269141997511695763023453765	7.626714496087594774564877297962
3.884288308752738672069426684175	5.721517052588407814539550599875
4.353411674829123612084913474973	18.063561432531809458623683894984
8.656150949452726450772388488986	8.157604794718601226577447960153
4.515851346230467022735410864698	14.925636387461420184763483121060
7.584302011312675340093392151175	16.910372046045409888392896391451
3.594273723801665987309661431937	13.433495056015356539091953891329
8.556212166921437045630227657966	8.131874025392210825202710111625
6.051156602352156355095758044627	12.786564852938116843006355338730
10.006825275119526352796128776390	8.705298795099938757857671589591
17.279749494073833204765833215788	7.188041199687939197815467196051
10.654654438880482913987179927062	15.697251470428607689200362074189
5.576628960182082650476331764366	6.832930876031365841072329203598
4.866941067720127911400140874321	14.095203953437128063796990318224
1.009846193618219700738336541690	11.894812301606126681008390733041
4.637646653778420891001132986275	7.541111391755913828660595754627
5.474456088082974680730785621563	11.064360948260016925814852584153
12.130473202186088599319191416726	5.167293516668973296646072412841
6.808742130415518012398479186231	13.821429438472508266499971796293
5.196765945116148088800400728360	13.041280759962884161495821899734
6.285670846223858632129122270271	8.096317015799421312749473145232
