75
1.926062360049181521048922149930	11.755991113416261129032136523165
4.228361296162599813897031708620	10.446391297438776035733098979108
12.402483048139135490828266483732	16.103234754431007047514867736027
10.346001907043786971485133108217	15.200401719496730024161479377653
14.456622487721926262338456581347	3.592831328589611850077290000627
18.673269192187326837029104353860	15.009810361315953031180470134132
5.066828967557551521849745768122	3.699177342205627994076166942250
13.280394397722155019891943084076	5.034920752585010816915200848598
4.441457850418559338834256777773	12.131908242686156640388617233839
6.884261462292020183895147056319	13.991749020576357054324034834281
15.343122748312314485019669518806	13.241021581231519732568813196849
7.966817203552352566475747153163	8.403927812046358525321920751594
16.349625548537247254898829851300	12.331390669795766257266222964972
14.350945281752711224498852971010	5.945202143194805444181838538498
9.006885702339534560678657726385	15.108996521980142091479137889110
15.507884950491988007570398622192	5.531020860899967139800992299570
1.279588287698150139704011962749	7.243950968288182856724688463146
6.723991562487272588555242691655	10.961516221824986416777392150834
13.891380722583017259808002563659	8.390773734251684601304077659734
5.102289773851073739763251069235	18.287195320164443046451197005808
17.580558292574863799018203280866	5.953987291208292731425899546593
8.231953926569284263337067386601	12.940002334028797292830859078094
6.237466109681536252651312679518	5.707609057979420086326172167901
10.102204277757021344541499274783	4.814427232840492010268462763634
9.663772627849347429673798615113	16.449761048676165842152840923518
16.829950827547783376303414115682	1.602142716919594533919735113159
16.527287884129705730629211757332	4.368620586232253799607860855758
10.321915037372418666450357704889	9.727034437675689204638729279395
11.450247703980890534580794337671	17.982777647685182387249369639903
5.667063786189565632867015665397	6.188937095254650522235806420213
15.907525940635732553118941723369	8.330469664192367673649641801603
13.126124654414539350000268314034	10.517810893497504309834766900167
11.682802799407816962684591999277	12.802140169648808409874618519098
7.125270790966425238366355188191	12.386396280832906668933901528362
12.024457466244779624275906826369	11.011610903131728633752572932281
7.289409794895498784228493605042	4.068375575462527926617894991068
17.345217732187489190209817024879	10.810079146225051616170276247431
8.051332175011534530995049863122	16.923319283746860008932344499044
3.568909274861003844137030682759	6.158289323900133283018476504367
2.327098009621117569167836336419	8.851304859198551255872189358342
6.492838827427353187715652893530	11.300585443540425600872367795091
17.958258569498756429538843804039	16.694795513016636334668874042109
11.274097757339934133824499440379	15.921123916835140832404249522369
6.134878110919357752095493196975	3.389749982468138078672836854821
9.287562014345089878020189644303	13.858467689193066263442233321257
15.760012556592510435393705847673	3.528734141871389340394671307877
12.403346154436357906547527818475	0.053114599299362907913746312261
9.403972412884247233932910603471	14.643084023544698624164084321819
12.195917241242783646271163888741	15.227220100391878787604582612403
9.002317755771443330559122841805	13.295777551107857306078585679643
13.157983922427145984102025977336	12.239901081885617983857628132682
9.806108179270816904704588523600	8.937375601056533724886321579106
5.415817485855918711479262128705	8.089175465568034795182938978542
9.928712269476678287105642084498	1.647978804505115135725645814091
9.012176564139370071870871470310	1.976341370364417926452915708069
0.055035566669626945213167346083	3.534415431192769574408885091543
6.160038357321209190331501304172	8.515683242958596466110066103283
15.299437350906115895554648886900	15.562295854080556267717838636599
6.344668349534244633503021759680	15.227992372962871669983542233240
10.050620041920925729073132970370	9.661966003377335354684873891529
17.418392712985468762099117157049	4.078366232750754605262955010403
1.376464945025524855282128555700	15.132972720748849582150796777569
2.302559452666371520024313213071	9.600915362907851857698915409856
16.019322534907331601061741821468	3.413698238522965056063185329549
3.941417535971541319383959489642	0.361221678604634277576224121731
8.091793386072131610831092984881	17.216401119688008236607856815681
3.930334425921384600144392607035	8.071404641312041050582593015861
2.169188860626388049013257841580	1.625683291720690704096341505647
14.884293976530273084790678694844	14.765677391064158996414334978908
9.872767169614368398811166116502	3.042886850146219401835878670681
7.166887301234469376254310191143	9.781907880311081271429429762065
4.273249157127674280332030321006	7.414872110429525875474610074889
13.722770979521929035627181292512	7.379052548067749128790637769271
0.490256226372142833724865340628	14.834590879721737621821375796571
10.139594278540460692283886601217	9.109291508140676896232434955891
