75
2.003839089472888801424232951831	15.627894519440511444940966612194
3.790378232706082428649096982554	0.748779178197715111764409812167
0.640573188047756758578543667682	6.267034436036389877244801027700
15.406579412376354198954686580691	8.745648483582508347922157554422
15.347872368408367549363902071491	4.229461247408900170796641759807
12.776740525710387430535774910823	16.001568882806687099673581542447
17.753738087031312176122810342349	8.177204731119038783049290941563
16.811906652294513975220979773439	7.201497601032231798967586655635
12.668567603689218969975627260283	8.606337974901503429236981901340
12.452619882336549039791862014681	14.215384400642783191415219334885
7.348566303908701691227634000825	4.222372878814659280521937034791
19.545862448378215958655346184969	0.415600808580149916338086768519
7.475243052457381409681147488300	12.676907093087175226742147060577
16.513161989550084740585589315742	5.020724551644184074916665849742
15.465775156753457153513409139123	5.724076264583181306022652279353
0.929958591047951088626177806873	19.100006700446058971465390641242
14.737631497005512670739335590042	12.676332513777090582607343094423
10.859396916930389664912581793033	9.455165555901988483356035430916
5.048808439517615376246340019861	4.245547726900709584185733547201
17.527422386045053315228869905695	17.079863805689065259230119409040
7.906229686739774997761287522735	10.835909322939913934646938287187
10.552074073053615776984770491254	4.916678455748675347081189102028
3.071678982199012253317960130516	19.368404727325142289373616222292
7.491499310189601246179336158093	9.401931535273609696901075949427
17.087444808753318170602142345160	11.350690614879239248580233834218
5.712405978504613734969552751863	19.829480697227179319952483638190
5.204947300544299437774498073850	1.972264728070005190829760977067
12.489260590293563168984292133246	10.333944478300088221089936268982
15.184090810475103339172164851334	7.528017987727622539750882424414
3.476280200096243611085355951218	8.092996751910121133732900489122
9.872106857159122839107112667989	16.011685945824922328029060736299
17.641182783889753693529200972989	4.315974890520177353891995153390
10.442834916855190385831519961357	10.837726504749475964217708678916
3.639110374747906995196444768226	12.750090309782773800861832569353
16.700261234858984948914439883083	6.374940614097827307205079705454
13.874688661528582045434632163960	13.192985812355285446528796455823
12.270284977639569490293069975451	15.721340741542842778244448709302
3.933512783896634168456785118906	18.713753935935258709832851309329
1.885735228597583912346635770518	9.615383010171482780492624442559
5.584790969970404361788496316876	7.207891895434557660848895466188
4.264569159226733852108282007976	7.948725770566109183334901899798
13.156711553896538902108659385704	5.815996718043176194612442486687
1.286897476600188383599743247032	3.706403050697872458840720355511
9.202966311513231190133410564158	10.815480580211977112981003301684
10.118299842252614695325974025764	14.878788977903031565119817969389
12.962508574152188600692170439288	5.518005553770509052924353454728
19.199031794290590369200799614191	15.038886174329345379874212085269
2.762328317420133849680041748798	12.184743904001070546883056522347
9.437617808293744303682615282014	8.329072694630335504939466773067
0.135916026663199573931706254371	3.797659492540832459894772910047
18.503550062941030773799866437912	5.341737447063719557149852334987
0.400319297262608841947439941578	5.491590237831515786126601597061
3.230730120547030459476900432492	6.654569782670193944795755669475
12.197903756872205960348765074741	9.643499243190015945970117172692
11.794768421841810734917999070603	6.380373567619884056512091774493
6.787346038835636363728553988039	1.437009768885342708699681679718
6.926466720040084013021441933233	14.244661364374787027031743491534
7.440971084037117933007721148897	19.148547710717309655592544004321
12.311695442483848950132596655749	15.039825248348366315553903405089
0.299913656023177210840913176071	14.013133138251479437030866392888
1.753016887652558253307688573841	8.431910412012765476674758247100
16.863863934943942979316489072517	5.904224933202252501018847397063
9.870897771317254765222060086671	11.309962558968125634351054031868
4.781259056145652941438584093703	18.795159717894996731502033071592
18.134722524483557037910941289738	11.902715523601738567549546132796
19.037996527254751555346956592984	0.848088555564116219898096460383
13.945030030495310313654044875875	2.768003657064220135453069815412
14.426812504802240866297324828338	14.225566320974202483284898335114
5.859708952194580433570081368089	14.026543419557910397088562604040
11.877795996015526824862718058284	3.678955609687212024994096282171
15.425763309998281158641475485638	2.818532487359055593856282939669
1.755614174764717816401571326423	11.882188523444195737965856096707
18.685406630929229265802860027179	10.555274173625205591520170855802
8.684737898239461628691060468554	12.726001146900836502595666388515
19.050469808283619244093642919324	12.322154063939322554688260424882
