75
13.282245844825759206742077367380	2.039372103527236745890149904881
10.367616954452683941667601175141	17.224790368171991161716505303048
7.516432614713567161857099563349	1.836358823294848008345070411451
10.781566297803115261899620236363	15.201908553672026869207911659032
12.594601315591393841941680875607	5.841632806143010725463682319969
15.800787952090367127766512567177	9.141086152108135465255145390984
0.699179825680397826204170996789	4.056077493035382453001602698350
7.517992391037802590858518669847	10.698421787294741136520315194502
15.729652906269102174974250374362	19.423915805515491683763684704900
11.875401371451884457997039135080	0.544596524854181751607029582374
18.126880277388966788976176758297	18.522469804430400586170435417444
7.963031145055748716288235300453	8.335980913120177859809700748883
10.183099818353390730862884083763	6.708963404951234110740188043565
10.779610645527252899000814068131	3.055311276929201014240788936149
12.090732359006629792474996065721	19.682068524607156945194219588302
13.510301986459982259702883311547	0.866515525428805943874976946972
17.396826154257261975999426795170	11.142981775836647173605342686642
18.503221043285108748932543676347	16.297199535083514376765378983691
14.434875820733461537770381255541	3.753508115393529465109168086201
7.776485098680606000698389834724	10.045327255143034150819403294008
6.342777290443764925953473721165	9.529449674055786800863643293269
6.929775005586543912272645684425	16.538293170344907423441327409819
4.789866259430377581907123385463	9.795263880448979776360829418991
5.274681218107679647744134854292	1.470529792482132336317590670660
13.504824357142675594900538271759	13.234468731738422420107781363185
17.436282480535965078161098062992	18.246571650483975446377371554263
18.606270766299214614036827697419	13.006333284017967955037420324516
8.795354001483135064631824207027	4.556553243918212814378421171568
10.307078615475052885130935464986	13.233542002248423585797354462557
5.034112874082360633565258467570	14.732628107021024987943746964447
7.036036238009039323060278547928	0.371974325468841016117949038744
17.148676481046482678038955782540	0.002012624433969989468096173368
4.450140433008957785432357923128	18.517577192130062258001998998225
1.691826859757592060873321315739	13.214790935749713085556322766934
10.926616364825946448036120273173	11.706142781059003965538067859598
4.320482877036567970208125188947	13.015447969831186014744162093848
15.467161732441898180923089967109	14.893117911627328453505469951779
16.005982811545390376295472378843	1.461997757479339909991722379345
3.284297114219594249107103678398	9.561335283956688968487469537649
12.709187512834642319603517535143	16.246823617296968222944997251034
18.680926444529134755612176377326	7.605226270116828501954842067789
9.487258379264879692982503911480	5.845111768078478320376234478317
11.312062676903460456401262490544	15.042545690147957060389671823941
3.195844578115471179557971481699	15.790680296492201506453056936152
1.953858959284762164543280960061	9.831807491595849768373227561824
10.787303033174000077565324318130	7.305446375258559221776977210538
13.573614056651559067745438369457	14.576158432669409137361071771011
11.060428249342544759770134987775	4.979533728991181185108416684670
12.236965511758258529084741894621	16.159124132427610476270274375565
16.521009779973500286587295704521	3.736604603625667486710426601348
5.090963470273355717665708652930	12.131827049562524223347281804308
0.149822977296754089593378012069	15.841501390083550404597190208733
12.854036556648175348982476862147	11.255259210585297324769271654077
2.296512885747344689946203288855	10.048258276627521468071790877730
13.961616318478387910317906062119	10.351331950172612650362680142280
18.898856732017350168462144210935	7.933376298435868889669109194074
4.778632973104743442149811016861	5.852866276714284055060488753952
6.413172450498679566521786910016	11.248498843986668660477334924508
9.584790100595235173841501818970	12.732870851551117752364916668739
11.377314200615870731780887581408	12.034664727982361753788609348703
13.024571660081955215559901262168	10.031909925028832830662395281252
1.621703377861070549670330365188	0.172161515478178372973161458503
15.850281046994119549253809964284	9.125761134231797910842942656018
4.421699338366058107396838749992	18.134370968740967100529815070331
18.515552940824292704746767412871	15.087937686417445704023521102499
16.199692845479223279880898189731	19.313321444689954375917295692489
2.813116014406325859908974962309	9.959971592496808412420250533614
18.984935311874973962176227360032	4.382735079981054937547924055252
6.762713152996249199588874034816	6.672256919376088113438072468853
16.311364094918186395943848765455	14.269200567572791982229318819009
14.043661193553463206740161695052	12.300455005788123230558994691819
10.434730250006746032909177301917	10.301554730155912054101463581901
1.319453572574202482314831286203	18.864640603399774221315965405665
10.925974995314300386439754220191	10.317256558434944935243038344197
12.745965942400006909451803949196	10.672440022400367709565216500778
