75
12.015946945751434071780749945901	10.349886647152256813342319219373
18.285385359677082561802308191545	8.889681150407321652551217994187
8.948792544720769015498262888286	5.235055460237237667797671747394
12.234316169038903510113414085936	2.092213017792880158651769306744
12.547842222852253257769916672260	0.555510120381572658487812077510
7.782448869993908502351587230805	13.275533981181505183144508919213
5.924400185727827228276964888209	3.428132408870674385781285309349
12.251918756889786266128794522956	17.436486702307711027515324531123
17.944326458464114892876750673167	11.591318237017746994865774468053
10.643652632909196498189885460306	4.731072267211795079333569447044
18.568568311597825726266819401644	19.074605928188201886541719431989
15.605742075540923963217210257426	3.153902240374860888039165729424
12.848300480205136153699640999548	10.738672884089110581840031954926
9.827180154527590971724748669658	8.925430236925315341522946255282
0.085557739774794194786977641343	17.063032375587191324939340120181
12.283441950102373496633845206816	5.910039029567874635517910064664
13.345697592017257804286600730848	9.160544889086509101616684347391
18.927499021076172880384547170252	1.728722469837103981049608592002
15.595317231926847156842086405959	13.425271156806974914843522128649
3.690414089932300356622363324277	14.649699832982168601347439107485
8.629088706585035239982062194031	13.452647393485966276216458936688
17.620109784245787665213356376626	12.715729515833800178370438516140
4.765361720363442188386216002982	11.222577369157189508541705436073
16.886607485845306797500597895123	11.361082459520474685632507316768
13.176871922264661307622191088740	14.630001481940260177339041547384
7.585551549796087478227946121478	18.646132335552557890423486242071
6.053315433320401339756244851742	13.449004674331337838566469145007
5.207878117294563402595031220699	17.647725245730999432680619065650
8.175369959934547736679633089807	9.335024832238863368161219113972
6.769145417356288163546196301468	3.569063856522914690572179097217
3.737183907791922443664134334540	9.913619817912550757910139509477
7.275417873403648094665641110623	14.150809345599331123821684741415
5.196904242046739952343159529846	12.905733999964889235911869036499
6.575824027599058041460011736490	1.697580611406235284732701984467
2.399225892822560712858148690430	19.429782929380159828269825084135
6.004811937492192441823135595769	7.845290968693948485679356963374
6.862608181897769554780097678304	3.369461786619130982955994113581
5.863100965446231604971671913518	10.138863102194234144803886010777
13.285859098579512860283102781978	11.217649433904080424895255418960
13.076197936879211169980408158153	16.723944922352576014645819668658
9.826408781797958624792954651639	5.711115222724168383194864873076
19.982979479457782190365833230317	12.330255759761486800130114716012
10.384781747013271058222017018124	10.696971317214789110039419028908
17.153409293698633319991131429560	16.912628911758872618520399555564
7.897794701256918514786775631364	12.144072669377152351444237865508
3.660691867000294141831773231388	1.507431009390611809095616990817
6.134522131928303423364923219196	14.239757404699943776904547121376
11.846059640803346724169387016445	13.277855048763345990892048575915
17.569670569316556907324411440641	10.433301570458707985267210460734
1.409853708715723685784837471147	7.199259469308248782226655748673
2.232392340255508145219209836796	11.030297901243931946169141156133
5.172476898281137991375544515904	10.287935449958832023753529938404
17.317093115023943994401633972302	16.928830581930711218774376902729
8.626604776460835566354035108816	5.710898937629768745694036624627
7.452096953852438865339991025394	9.005185672984865163925860542804
16.532900664288167291715581086464	6.927065822971893105375329469098
5.782899039527925388881612889236	8.860465937641038181027397513390
11.156841157693817123686130798887	12.192321362956386465725699963514
14.428626385805946696905266435351	5.974958810496683092594594199909
17.839082382383161018424289068207	9.072557928122590098496402788442
17.513861853837713766779415891506	10.486099885110748530792079691309
15.905721517157337174808162671980	16.533308000229634870947847957723
9.339534086394284173593405284919	11.283921342122237518879046547227
5.521474540944017128651921666460	13.918543846600771374255600676406
2.798274285982058628974300518166	18.181164925829637724064014037140
11.014525069127959255865789600648	5.960855815654205080988958798116
10.077258153260979511856021417771	3.275595089347226540610336087411
8.804022666066364521952891664114	10.343510233767890582612380967475
5.498866772633493660293879656820	9.687179378487696723709632351529
7.474653435967538506190521729877	18.934270202488029610776720801368
0.072229929775184942286614386830	8.309453042491005803071857371833
2.449811707727047593863289876026	1.559051893731714377722141762206
12.126862185284627670966983714607	3.605907338034231912615723558702
13.306978921743011667899736494292	3.238360049009172403344791746349
7.751565439398136803106353909243	4.846002192297101274220949562732
17.723277719482975811615688144229	9.170374596462815830477666168008
14.284578601335224945501067850273	4.713990489946713324798110988922
15.322958577835048998849742929451	7.736021864706278172718612040626
17.516898283921033652177356998436	8.269377905940734407863601518329
4.260235185452131645433837547898	2.344976707642307811596538158483
3.708896577615505840697096573422	7.786876636416764085879549384117
10.467862148202495831128544523381	10.886329377384168282105747493915
15.787278028609218694100491120480	7.808703317039160651802376378328
15.241537479767865548296867928002	5.769067074339644385361225431552
18.982421683248027477475261548534	2.479519294305065901795614990988
16.601781048801075968412988004275	13.153853699908662377993096015416
16.871655679375592740143474657089	14.940559666934047911013294651639
7.165183715126296704056585440412	9.696803460552573028508049901575
17.783684741647522997709529590793	16.916151298446990836055192630738
11.021974555936196793481940403581	1.492778776977262689129588579817
3.553965840627463457224166631931	0.245830664008341859272377405432
11.190177853836095422934704401996	8.248801780055165622229651489761
7.452504224308999170034439885058	10.360677716049730534564332629088
4.592193461044887570210448757280	4.518227021987339497854918590747
9.040325576820205100148086785339	5.182390085716084726641383895185
4.816255463131165370782582613174	0.324473749158050717156243081263
19.242172176606576528001824044622	5.972115085686747093518533802126
9.880902139993509081250522285700	4.573022165690692197870248492109
4.705478262413934409380544821033	6.550062610218745362544723320752
7.788933957534550422963093296858	6.288058878351697522646190918749
18.106844436645513241046501207165	15.771312569877199649681642767973
13.495811029361354016486984619405	6.365421956562208549712522653863
13.757003523876935702219270751812	15.536490270169199590100106433965
12.762671816628841980900688213296	5.580903680550250101077836006880
7.304272080048971105270538828336	3.712922110050268287295693880878
6.499362854795598387624977476662	11.502022340829949342833060654812
6.225385351753145002362543891650	6.890504281168711386840186605696
16.922471112990297825717789237387	0.881882386395760331510018659174
12.163203594554804709559903130867	15.016579171081239962859399383888
17.360176973721774373871085117571	6.923596470945575731548160547391
11.563071038776895349542428448331	8.315813505340138078736345050856
13.053382006521756508732323709410	6.910022822230817318711615371285
2.970596479367092257461990811862	8.892559138102809512815838388633
9.590197833809948946282020187937	5.209374567866036365160198329249
4.098789466323175645356968743727	9.725066594694204979987262049690
10.837200095520520548575404973235	0.854204017994290021320580308384
11.144767801630941050916590029374	8.694521757634710468209959799424
1.315114115370090708267980517121	19.434637352886760197634430369362
16.641220894586282952332112472504	9.838986843556037698022009863053
6.961336832422070131087821209803	4.229452225433250056596534705022
2.242072175837699354872256662929	7.365716871314804237158568867017
5.036834889429197659183046198450	12.535039999607793248515008599497
19.392961021499736773421318503097	0.229944028636082098415727159590
11.200870526772794377734498993959	13.178522083090053129694751987699
7.649055447804486540519519621739	0.500127987321331568537630118954
17.146566109157021173814428038895	13.862712033194513949752035841811
5.408902216874558632753178244457	12.294466858609455428563705936540
15.595540419382386332358692015987	3.690212316627202504548677097773
18.508052450770271946112188743427	16.284539488759271819162677275017
13.737408655341928565007947327103	13.486937532702665265560426632874
9.375083231167439024034138128627	4.689080665676810255604323174339
6.691548818364680073500494472682	2.154868065840639168584402796114
2.666650551931780910308589227498	12.324423043247872300298695336096
11.197182120755014622659473388921	13.411351490577562373118780669756
17.035573192504990913676010677591	2.674320073813312159671795598115
7.544885867682640245845959725557	19.162345376757784265464579220861
11.068825359882053405158330861013	17.348218401032159619035155628808
12.637606856883056849483182304539	7.281309219231513196746163885109
12.396671514797855451206487487070	11.064618021525925328774064837489
4.390016397692727778689913975541	15.805585613846053760767063067760
13.920441258048205313002654293086	11.225826605232473553996896953322
4.723463251056446488007622974692	15.084376455727738886025690590031
10.856921442052456683313721441664	16.208815045679919819576753070578
0.979820808100314577515632663562	2.734001975425660369012348382967
2.032337013589789798118090402568	13.460387820247724732780625345185
0.306528064501523367368918115972	4.435600899489048565271787083475
15.282768294947343790113336581271	14.627665907249241428189634461887
7.326328225167196173117645230377	17.304628290624279429721354972571
19.953848839797366565562697360292	10.302377437676980775904667098075
0.674844280974917776205757036223	13.836140433845798725087661296129
12.755434499955439875407137151342	7.194139693059527829177568492014
11.709756698569677269006206188351	15.158344654845883781035809079185
0.156414824916014660871610431059	3.847538984442733234203615211300
15.269406166124792179061842034571	0.812209145960620659820961009245
19.918997626043886128854865091853	18.834839257067795159628076362424
8.669873267419692552948617958464	13.033754818283236787124224065337
19.013143637416689557539939414710	15.609016259516511837546204333194
13.281677900753679821832520246971	5.862557450682005288911113893846
7.647318352378936090474326192634	4.618118755787486762187654676381
4.095263328138987191096020978875	8.290834325515186620236818271223
17.155376079316081217029932304285	18.738883012786356374590468476526
14.113713156298647533049006597139	15.440555522441627545049414038658
9.685226529883852464308802154846	10.287648091010204609574429923669
15.433948405874701848006225191057	6.072185192889716809361289051594
17.155421646382542633091361494735	4.000847730025243187412797851721
15.929382643287798515530084841885	3.334786350273245325581683573546
10.934248820307653105032841267530	18.720230271930986987172218505293
9.429652457693398659444028453436	18.803622212495028520606865640730
3.264920013117190933371603023261	16.099468828582580215424968628213
7.598825834168383863698181812651	12.434347951404356891202951373998
2.377462247055150079688701225678	10.522082743171097263257252052426
1.318154433794689328607319112052	13.104393617501544966330584429670
10.202216640046295026422740193084	18.484692042860185523522886796854
6.853060668870280203179845557315	15.173440567996387073890218744054
3.797201396440719189939727584715	19.946852853862996113321059965529
6.274432891871746242884455568856	7.916584251284587203656428755494
16.643167797226784188069359515794	0.128921755938242732497656106716
6.183553214482362392345748958178	3.115380636196658503678236229462
12.879242523310466594921308569610	11.966007215812124897524881816935
2.802752711940545982116645973292	2.732679714398927650620407803217
19.673908333465835340803096187301	19.961533217907543757974053733051
14.525134617496044953099954000209	14.725512133938011061218276154250
3.563491038231986429707376373699	10.413148443808820431399908557069
13.715440341195190399048442486674	14.151431463645119279703976644669
16.856560921903639638230743003078	13.993645965366368955073994584382
4.682009140693674353883579897229	12.233245807789472792137530632317
14.161302542113606506291034747846	16.304351563729568397320690564811
13.660181011103681214535754406825	13.940224411648198810098620015197
18.420895900776585563107801135629	5.197188641074706794142912258394
3.184634877179321144069490401307	9.493745907642027859196787176188
7.503230843077215439507199334912	16.703226506550688412744420929812
16.035263698700468637525773374364	18.679226429724220537309520295821
1.536257729889527468003507237881	15.317299324502007706882977799978
4.853125840992151829311751498608	11.826271642986014853704546112567
4.664807296303518313607128220610	9.224752006437666906890626705717
14.061540412199974525719881057739	5.726184525887276777211809530854
15.043662034441499741888037533499	19.830946898341050399494633893482
12.720045280757322103681872249581	9.750385556816107524014114460442
9.849657145592024320990276464727	17.795214490641150462124642217532
6.367496669149486088201683742227	13.521787092248780837167032586876
14.769142572115988798486796440557	10.893203519276680069083340640645
14.388019458396767547014860610943	3.521473279304807579848102250253
11.605822434820979083269776310772	13.264029982568231957884563598782
7.123612270674236413015023572370	8.386034033598342318782670190558
7.791933339454316431726965674898	2.257723959243667088969687029021
13.016389986362803199426707578823	17.897369060314556321600321098231
2.156778468616080690622993643046	12.859248583227971707287906610873
2.937236218730889802941419475246	3.008914525305625975448720055283
15.614596294671004628185073670465	10.575008824520494954413152299821
5.129823883513453530724746087799	14.793594732520066514780410216190
0.550263372123365179788834211649	0.859932557471064784593295371451
8.967969541415602208189739030786	16.609534837396967787981338915415
9.143507899489138779358654574025	0.811014350516348070385674873251
18.760297586557353355374289094470	7.050776386548583296587366930908
13.092467257405484559740216354840	5.874729547940068741240793315228
0.282686314279314565567347017350	1.467462478286942761940281343414
0.995691939238120271582488385320	7.765506756663756782188556826441
15.658883108697775554674080922268	13.466883812756016425282723503187
18.488069694290977906803163932636	2.671033973743438316716947156237
8.728442812365843295197009865660	3.716570000722478894772393687163
13.802946921559861692685444722883	4.431037241513775981616163335275
5.074186601380193728516587725608	10.528499089960858370318419474643
10.965902791933389792689013120253	11.282206977625795829567323380616
19.097944496391782820410298882052	17.493412110769121170505968621001
16.576441000537503356326851644553	15.905816783622356069827219471335
10.697094713849510938530329440255	4.020296574069181616550849867053
9.141731705323241641281128977425	10.038579107449534078000397130381
10.652295994091588227092870511115	18.302654929939453865017640055157
14.058869745452136967855949478690	0.056422930312484131931682895811
8.383219347006050981008229427971	19.716664928508929932604587520473
11.499809314471566068505126168020	11.487122156575386711097053193953
13.339128108632404945410598884337	1.603046091219645363779022773087
17.737668412221456293309529428370	8.287611081095841214505526295397
8.866494627260378180722000251990	8.304960729974043331935718015302
15.387338257480003278487856732681	2.659026736233796039954313528142
6.105354647248185884222948516253	17.579530206684164994612729060464
18.382933160696531160738231847063	15.952679331648962346434927894734
14.816115699976467823262282763608	16.590156565393634480187756707892
14.483449033497922897595344693400	17.890583636965157410259052994661
2.768466204482765924410614388762	13.855109756067937709644866117742
10.286168811057265770614321809262	17.752535790438468410457062418573
13.609370575606755338071707228664	19.171999747356551324628526344895
15.225390605686168754573373007588	14.700949532765001492862211307511
17.078689686729124019848313764669	16.542519249247380486167458002456
7.184754980036812455068684357684	12.711448183041129667003588110674
10.327996250051810989134537521750	12.183452531069097091176445246674
2.117202225832875761568629968679	3.299857446115763703886614166549
6.066412087791020368854333355557	3.051734706728502999339980306104
3.766732209276853815538288472453	5.128464347007503754127810680075
7.285940387898119041665268014185	3.846351593432099313929484196706
19.973877243208271181629243073985	6.417995835616906674658821430057
4.423389955740488765911777591100	14.295647865711739399330326705240
8.815025215097746169590209319722	16.243359254861879037434846395627
0.622960178230024252954422081530	2.561177761828075993832953827223
5.956967769001711765497475425946	14.867119397590675689002637227532
10.202513655756304089550212665927	13.298695593291594008178435615264
3.904993116576183087573781449464	4.098286050162300853116903454065
9.957368504296482569770887494087	0.751242900265971513817930826917
12.295909276299800794163274986204	3.083964975904183170030137262074
8.519341713552336159409605897963	7.062569658463596411479556991253
19.355979814889483492379440576769	8.639425160290780780769637203775
11.248808279766869588911504251882	17.414282213067920679350208956748
14.123591227094504318984036217444	2.860102278547022258692322793650
4.924867364138583170074525696691	7.207089534450719980895883054473
9.027424292612952427816708222963	2.557096254178456984362810544553
13.986686041266359836754418211058	14.443767861424209542065000277944
13.881335879547206602069309155922	9.501467577197185931936473934911
13.123730116326830952289128617849	9.257448175851596516849895124324
19.432974052019140742686431622133	2.711005035442267896428347739857
4.152651959761602284970649634488	0.345685518399706515069169654453
10.212592459773436104342181351967	4.415484079581494469834979099687
4.364508341912020306097019783920	6.264592662825677393811929505318
15.875282165755237429038970731199	8.606042990891975108525002724491
11.566254608286392624449945287779	11.143207591654698873639972589444
13.498766563195481182901858119294	8.310244514020297401657444424927
