75
16.880864311319189852156341657974	6.482467570302251402836191118695
4.054423633026783768684708775254	16.687264091247264730100141605362
4.988357516496789045845616783481	8.186910105848015817286977835465
15.810467008808597455526978592388	15.977796740412053111413115402684
14.274916565726760708798792620655	10.155461520969184974205745675135
10.504300029732714705232865526341	18.126395644467628187612717738375
9.675249387546235979584707820322	14.746177129047330467415122257080
15.333567879798550848136073909700	6.752360021384531840737963648280
8.544787625182401313850277801976	17.241158967027352844070264836773
3.803028102934945309243630617857	11.183826596533519293075187306385
4.732928412882760227375911199488	7.451752898748971176701161311939
15.506966355250153100087118218653	0.199519451379341461461081053130
3.679770638395673643117333995178	2.300501245368822722525692370255
5.386306378725261190254514076514	3.464486648709678817681378859561
10.559535500070913016656959371176	8.006557700873594640711417014245
16.350890919687742552923737093806	17.299920029047083147588637075387
7.674786314464448366834403714165	7.975588712749678066415981447790
9.529181665304914616854148334824	17.155553362224502222943556262180
17.738105541493169425848464015871	13.348640606342513592608156614006
18.457139040271567154150034184568	11.464926658088355537756797275506
2.863844192367639429619430302409	7.790483838528040827497989084804
13.048823655087248951645051420201	11.872634573371989574752660701051
14.453913656593893932722494355403	5.161279242013321777449164073914
0.185175733332160419308820564765	14.726248750876404614018611027859
17.146091278407130431560290162452	16.691676845070610113452858058736
13.876380570383068047135566303041	18.982917169990415118263626936823
4.194272874078637691752646787791	11.174827227108981020364808500744
11.271316010270725271880110085476	2.997357697553955979685724742012
14.892500658416105707715360040311	9.539288303112673617079053656198
4.929637628965974016637119348161	9.944427575696227705748242442496
2.309752729652810643301563686691	10.997743366668755626847087114584
12.839801200575134743075977894478	16.544529400861968326807982521132
1.350723002352079760157721466385	6.993593887568926525943879823899
7.731646617443903579669495229609	17.979899688987060812905838247389
15.240703414516513447551915305667	10.730854887489343241213646251708
5.920757559566607319823106081458	14.236751322285464027572743361816
2.938587013195308017543538881000	17.199143080111781500818324275315
9.203809466689115481585758971050	7.875737144632693365053910383722
9.856480602282255532031740585808	6.193678930928165904390425566817
7.468931683703104340565914753824	12.196249958620549946886058023665
3.136023140667442810070042469306	4.463483916784491967177928017918
11.370260939306040981477963214274	16.740728320992943167766497936100
7.260468303199524520152863260591	3.006390709681575401646114187315
1.412569524571331669449136825278	8.654902920096951390860340325162
6.955988950641410539788012101781	11.210865148853773831660873838700
8.592440129472526777476559800562	12.189325425486819298726004490163
0.554784279863167029134274343960	18.014142963113638273853212012909
11.795747514604002503801893908530	13.265420408304841259905515471473
16.932607902267939437024324433878	6.458012884316708834830933483317
7.133834416349852602934333845042	14.171812999787981368626788025722
6.611760600269199983358703320846	5.417283733840903892087226267904
12.708486579607061628394149011001	18.224355229179614923396002268419
0.568798596127880529138565179892	1.574769827833273794226442987565
2.829025948739110951635211677058	10.446508930176221952024206984788
11.683666182064744276658529997803	4.442543488356650804860237258254
2.046608651104043552493294555461	2.070480428236416869935965223704
1.962103541116936966659523022827	12.820593501446365891638379252981
10.350061600171928333224968810100	17.153477420521866747549211140722
7.472223872504391906090859265532	10.252476349688553369787769042887
10.133754980150724733789502352010	16.742924256793273229959595482796
9.983987317663814309298686566763	5.953762073270838506289237557212
18.194624407908726482219208264723	10.908223930383510236197253107093
16.557682635456082209657324710861	4.343470626093581365978479880141
11.969083607069718411253234080505	2.875408898785616784721241856460
6.889672176129694847190876316745	18.541231075170095721205143490806
4.682073106230231651636586320819	9.516705274357775579119333997369
9.443468817673249304789351299405	8.045609324967424313967967464123
19.669119985727775201667100191116	16.304853587148688376373684150167
7.104706214746218329025850835023	18.737934611855447286643538973294
16.295418020083399568420645664446	11.717073729983679797328477434348
9.436496395961626149073708802462	4.090386562725187857836317562032
13.427764378215847784758807392791	14.848946301307648809597594663501
1.517897570633540027529306826182	6.660557604940759546252593281679
2.368823905082345859796078002546	11.828517995882085855896548309829
10.979854972446300820365649997257	15.803662900878576280661036435049
9.880340206666961222481404547580	16.103232837584847914058627793565
2.444333594034289625085420993855	9.441368977635537618198213749565
0.141670198565746474628213036340	8.534154765181410695618069439661
5.907323324250806528823432017816	7.268815549650478935461705987109
15.280212063823130463902089104522	6.767175175508623574671673850389
5.752094365678314780154778418364	9.339520034315826890747302968521
4.395931032578486608031198557001	16.284863892039695087987638544291
12.392023088570571331956671201624	16.204556319727224433790979674086
11.278206021094685951311475946568	10.409340069639222647879250871483
5.305460260825517693206165859010	11.201722509767465751906456716824
0.778004366365873778477180167101	16.466911710054887407750356942415
9.631254731462702167732459201943	2.345277195291588512304770119954
8.601130086351387760146280925255	14.882740630453710650726861786097
0.609339206980816783243426471017	6.509466670117802777895121835172
14.796439475611885328021344321314	9.000700662498857695936749223620
9.323376800356086846477410290390	7.640799861595777286993325105868
18.169400985497720313333047670312	18.242269778425047377368173329160
18.154822659386923078272957354784	11.438915757617294843839772511274
18.855534639680158193186798598617	17.274662152036217577233401243575
9.886762314209422086719314393122	8.352381536920502114185183017980
10.963896836546499713449520641007	4.367925615867482846965685894247
19.058831155573784599255304783583	2.776781359957059436283088871278
12.706119777487048239095202006865	8.222871857803390582830616040155
3.987244795016342990834345982876	18.375169707057150247919707908295
10.604590794709874757018042146228	17.223171905384479174472289741971
19.803686399887350688686638022773	3.650451002105376652195900533115
12.076771116661685567805761820637	12.717452083355619052440488303546
13.977051014214284307968227949459	16.578446290184505329534658812918
3.684328408704588220246023411164	6.313046898045752364225791097851
19.275058056598446398766100173816	1.307546062722748203555056534242
1.774905941887441329640751064289	7.605180924017924226632203499321
7.832294857094218798465590225533	8.023193326333908359515589836519
0.828987682270444281584786949679	7.102029797160147595036505663302
7.756149124439136954833884374239	1.392274418315372130905416270252
16.572772810951679645086187520064	13.168022917516118752701004268602
11.278157319133741864902731322218	12.347862758392645687877120508347
7.098632605489827440692351956386	16.572660162396303462628566194326
6.504266505677268384033595793881	9.205864409850493146336702920962
10.642195297423048927498712146189	16.517990782423876083839786588214
14.018620713649994513616547919810	6.907326881811148844292347348528
0.770310426756974919726417283528	9.855660773008864339317369740456
9.222273354288374136444872419816	18.370793697372381103605221142061
0.900675333892332119489765318576	10.204767361155292704211206000764
15.623779018145786068316738237627	15.578757372404956171862977498677
19.463706093215272119323344668373	5.756864282805542742949000967201
8.353906701418454261443002906162	9.607839700679965844187790935393
0.416167533479715245903207687661	19.025341712937596128085715463385
3.962633268830747290678573335754	11.236798217823769974188508058432
2.644663619957016820194439787883	8.652588038431119343840691726655
1.704412644728558134943341428880	9.761597357115682882522378349677
19.362516733771094834537507267669	15.887669487601947082566766766831
18.154173728916241259412345243618	11.901218079173709440965467365459
5.185211569318551205753919930430	8.702353560559560108345067419577
6.046240369322616103886502969544	9.035723176433590353440195030998
12.986488424618837456137043773197	18.467369533115359558905765879899
2.337633632649988690843656513607	1.931989892165606903517982573248
13.827253261840519726888487639371	9.642411930733052471964583673980
7.329771487130523510700186307076	18.447495406837521869647389394231
4.182895749964091969275159499375	18.018129661766003835055016679689
8.100864668366899223883592640050	1.446163274625453354360615776386
18.206178793177567598604582599364	2.767219911936510179373271967052
6.388437394273856817505929939216	19.039244141099473495160054881126
17.768837234439601502344885375351	10.343471090290904612629674375057
5.466084657125655610343528678641	16.791665086122076644414846668951
14.604782783341651253294912748970	1.283603401914515274029326974414
17.552716366946739867671567481011	14.391711309560754727954190457240
8.075774501601706845121952937916	7.196435258464314088655555678997
6.490105227524919584425333596300	1.170523762203851347862837428693
19.278329758405611471516749588773	3.484765437923015518606462137541
16.218023727574045977917194250040	6.893034968581405408372120291460
3.687146996173387591966275067534	9.695905621146321706760318193119
10.964726920403043308738233463373	8.816448017873341314043500460684
16.937397472977423262818774674088	5.213441372240053439668372448068
10.540924788267588496637472417206	13.982844917319315669601564877667
13.412858240545141086386138340458	7.601875879196647645130724413320
9.744722120790195063477767689619	14.363294444600899879560529370792
8.047393600720660344904899829999	9.159580060335590800946192757692
8.960164214108527147573113325052	7.467853027570531487810967519181
0.898913109227178708238170656841	14.600713287216940727830660762265
6.481613065100538584317746426677	11.878317399287823263875907287002
15.182071795434703531668674258981	14.320692153993196171768431668170
9.229690912680410974644473753870	11.897604902016263750397229159717
4.221105866030034903246814792510	14.360830593668763910386587667745
19.252645503675253735309524927288	9.838725114930127801926573738456
17.757577511507150802572141401470	9.883275849228876808183485991322
13.209988714155127098592856782489	9.042286363927736658752110088244
7.738692863536052790607300266856	16.441785709444964425074431346729
17.769407016580501590397034306079	13.294064008849787228427885565907
6.758780079718727407112055516336	10.997233677448351230054868210573
18.301779961338276336846320191398	5.957625736091135770777782454388
7.798191530800278492563393228920	3.311298308033442161502080125501
2.188823054616088725765621347819	14.943268276270702088481812097598
8.464951347311442830800842784811	15.482598303598324562813104421366
16.221407586611935158771302667446	10.355763719261116051484350464307
10.949620041929390978907576936763	0.271969972448273367149340629112
0.878105292997480191274917160627	6.280345811963933044808072736487
11.502431274673043049006082583219	2.463033494499753395245988940587
11.479365450432784001577601884492	16.968428637305372319588059326634
5.606007121641777501963588292710	16.444102730771703591017285361886
16.853308008993550970444630365819	6.388103259465561123420229705516
