75
9.321009720087699790269653021824	13.225765360352875532612415554468
7.362842023640300936904168338515	2.686813656516127579720887297299
15.179908933486942146373621653765	4.878372486635610627558889973443
3.603818207971052345328644150868	12.243798723303701336817539413460
10.157634454275434876535655348562	6.238573247987966752248212287668
13.672964470710823547960899304599	16.424015379818854398763505741954
8.749982779726700243827508529648	10.180777598341768097611748089548
7.729851502215911551729732309468	5.896091981374310897479062987259
3.910578601303956958190610748716	10.471203949426438839509501121938
17.231459616000126544577142340131	19.384510470168919482603087089956
9.799192869778840631056482379790	13.646124115867557691217371029779
11.754737879161627489565944415517	9.466126652968476662408647825941
15.326676754492012832997716031969	12.299092913448182784463824646082
14.176104071508298432036099256948	1.462849205941175512180052464828
8.692049836060329326414830575231	3.758755287342399498129452695139
7.837120873048371905156272987369	16.884009109655842451047647045925
12.334177895751430753534805262461	14.905043291023918783366752904840
11.177558803299367795602847763803	11.188328953502765017447018180974
3.640028306892767240299235709244	15.313432463989057552566919184756
5.874123626638390049947702209465	17.072379500079208014540199656039
4.785509518421156016643180919345	12.924746621289886050476525269914
7.614769493655712651047906547319	11.228566327761049237210499995854
14.847941855075990957857356988825	10.654794534954454832131887087598
14.157951556754472477450690348633	8.061047236704821372654805600177
5.337458425037803877444275713060	4.463644654709246317736415221589
3.167003243192769268432584794937	12.739250484947085340081684989855
15.310992622674410412741963227745	10.356267923508472250659906421788
14.859928651699723545220876985695	11.231492194416176744198310188949
7.789210725775991939201503555523	13.156153966068478311512990330812
14.474995895038333060256263706833	4.866830439119428142191736696986
5.389007094579815415613666118588	8.442920714325778064335281669628
13.801390002903341169826489931438	9.969688674554916474335186649114
17.787270283439863050034546176903	10.884323060331867694117136124987
15.079670961458951694567076629028	18.225819475052489337940642144531
17.679853704780903456139640184119	15.179012533704117515753750922158
7.364678707029725934773978224257	9.302703438983010997276323905680
6.541124068317122564053534006234	10.144347561105432120598379697185
2.616573518055753666544660518412	15.167808734216841060060687595978
12.453966207834987756086775334552	17.663486477149330511338121141307
3.128014958048236593413093942218	12.112619652723612517775109154172
12.940202871825540853478742064908	6.961074417927200386202457593754
17.245544411657334649135009385645	18.379239881542783763279658160172
8.050417105600558898004237562418	5.830735958314584799211388599360
15.671857841391197752045627566986	15.435801931237097761595578049310
2.845447427227603576227465964621	15.089732874145356689155050844420
14.721201874052486147093077306636	3.477465628856410972957746707834
4.455667147275832462582911830395	17.230832407767998404324316652492
5.754922556361734109486860688776	10.033378056996172134063272096682
14.602835462849217407210744568147	11.881056066643342461475185700692
15.910190481845685184225658304058	15.225062711226684086796012707055
16.126816355774508338072337210178	11.670864517528908521626362926327
13.165591836951300308555801166221	7.938455631213874319485057640122
9.777788015786210706892234156840	15.315112768242212126779122627340
15.575762980643020227944361977279	9.861866999038280567901892936788
12.937497607640933594552734575700	6.869758437525465666340096504427
13.036820654736944291585132305045	9.977329518894606508183642290533
9.805758196113377067604233161546	14.297057749669995985186687903479
6.978826135668601438055702601559	19.778528638270802986198759754188
11.064664884111698128776879457291	10.824197471338495191162110131700
8.554288829488225331942885532044	5.780610338078037813147602719255
11.990890585909699694866503705271	7.878288608456651687106386816595
15.099320783389469369240032392554	16.983244976885288224366377107799
18.718707268715984781692895921879	19.179500403831973187607218278572
10.196358373539494479587119712960	12.989692432226615181889428640716
12.058097016247035782043894869275	14.790929090335144024948021979071
18.827290400735055442282828153111	11.298144178110641533407942915801
0.688012769239687571598551585339	19.179597923585284036107623251155
9.537188899942250941421661991626	6.660103299385923492081928998232
13.590597331329357544404956570361	13.811113889841450941275979857892
4.775162531950896571686371316900	7.069402067264641154054061189527
14.144700880593410019514521991368	5.467289680861703971004317281768
14.560356461323390675488553824835	13.384681230489210435052882530726
16.780674082935927771131900954060	10.034841861584885336355910112616
6.432729421972226191428489983082	8.140093878639866886715026339516
14.764772657305247349768251297064	12.666886104031766180355589312967
6.896089511412418104896460135933	15.928768448354041709080775035545
15.966259150943717060044946265407	4.480740193261433468308041483397
11.285466876693030613409973739181	8.970210861742000219010151340626
12.796231778715203120100341038778	16.107824867050727135620036278851
6.149931766680618139275793510024	4.532931592101124174121196119813
3.743064822825895809899066080106	8.465793165432302203043946065009
7.099258066006916223500411433633	5.684455379592025181523240462411
11.278074353676382557409851870034	7.109059661126702067690530384425
1.278897884092698333802218257915	13.851756196673363774607423692942
16.062472712848610001401539193466	8.074375553047133280415437184274
5.292583220957848944010493141832	13.406650091757068565812005545013
9.155312081420397873898764373735	8.306192264328212004897977749351
0.438265650994368982651394617278	7.795919249772824244359981094021
15.091863272747950475149991689250	17.033892207464674584116437472403
11.801697483302525881754263537005	10.595383638698447015258352621458
19.289463700249232402939014718868	14.699912184950113314130248909350
9.497023360137696101901383372024	9.986095210457218485089470050298
1.662743541238128841541765723377	15.595393772859786452045227633789
6.978061892361823836949952237774	11.449927092511391180096325115301
13.167132240151094180191648774780	6.755390601732088384778762701899
4.399953313254703957113633805420	10.705145067528745173035531479400
1.037136714634224077258295437787	3.021884895595962738923390134005
14.851622068492218886603950522840	7.509959286811820788898330647498
11.748781899393327066150050086435	6.913648604298033184534233441809
10.470977884605890295688368496485	7.252873051392318970442829595413
13.374943200178597280114445311483	16.305888907547902988426358206198
4.761328114662823907110578147694	8.252695803529917384366854093969
3.778982782905717208166151976911	11.530816006840783671805183985271
5.301306776817217958353012363659	5.068570892960099882884605904110
19.363235083228293120782836922444	5.313323325785863637804595782654
4.697970338384029886924508900847	6.686659240510413049207727453904
16.912077084755846811958690523170	5.093986720382468469381365139270
8.103680221139475392533313424792	8.861453626657494808682713482995
17.952039630826703842103597708046	12.258116584247330749235516123008
10.342410779748611560080462368205	19.221858275600066434662949177437
14.266861951794272300730881397612	11.938738436286099542371630377602
2.250999220365613950889382977039	10.150459689268297225339665601496
2.812784512973406592095670930576	6.828242693309742428198205743684
16.574758283032821282176882959902	8.611374040844150812290536123328
10.470740613000852903269333182834	8.983822219755161597731785150245
4.771651253267955361536678537959	12.765545146980864288366319669876
1.487705383412251336494591669179	2.047348484246343858217187516857
11.801502242528080444117222214118	7.648891297582274262367718620226
11.899846206986820718043418310117	8.619339382097127355564225581475
12.753113598976112186278442095499	18.239155194121245529004227137193
17.162420238717544407336390577257	9.871440246430296383550739847124
8.943910894034877046010478807148	0.633185446650212924168954486959
4.105142885202782032649793109158	1.304002846116922853525466052815
3.602190276417811531928236945532	11.953005206867381104984815465286
4.194610998415291724938924744492	12.333042464354994294239986629691
9.458211603302091319278588343877	15.418386474997394230967984185554
13.342846607643046752400550758466	19.542574570976761094698304077610
14.669055009288182844784387270920	13.133255949690404662533183000050
13.924802628211608634956064634025	9.865881884036511451085971202701
6.322879129050917867971293162555	10.572847565386661372599519381765
5.639960977634424388327261112863	1.487277601037344965106967720203
13.419196810690790400144578597974	19.173542341049067516678405809216
9.801465094362272978401051659603	3.688076121485473812811051175231
4.814092287250019808197976090014	3.553630777654319672365090809762
4.007617496967347925362901150947	16.780433787309220861061476171017
18.712228520882760562926705460995	10.119042858614031743513805849943
11.983402857729325674540632462595	8.213909510667296132169212796725
15.937916626522923735365111497231	6.359096573916746208965378173161
16.112644877530783560359850525856	6.325563759963419130372130894102
13.327748335461020445791291422211	12.535735728458025306508716312237
8.825291490839257235734294226859	3.666225165290414089724890800426
5.858445760006654623452959640417	8.245889078329774690701015060768
7.184744824658676698447834496619	7.366059794417308737024541187566
16.854335550102653940029995283112	8.214278003868916044893921935000
2.968519526199931313215074624168	12.183939784072267187298166390974
15.975057091530384667521502706222	13.764393769272722067853464977816
11.096501368941407150714439922012	5.064159460168969673077299376018
5.951759535116152299849545670440	2.670891468906179788689314591466
5.726416408477470909588191716466	18.028492807797839247996307676658
17.527035443897709399152518017218	7.076685144560274309810665727127
6.211466773489711989952866133535	5.975339330376025159807795716915
8.544094919583219649439342902042	16.192711319396138947013241704553
16.719242109348357416820363141596	9.136702086466677030784921953455
16.791936652611560987224947893992	14.464592350813108012630436860491
18.476112591056434553138387855142	9.937150198782790155860311642755
1.283356989254405888800647517201	10.449477853058045440093337674625
16.238442250805778854783056885935	11.814945670311722381029539974406
3.886059908568691767527525371406	18.991312551729816249235227587633
7.772047513726326073424388596322	4.242401299986893192794923379552
1.641298004278640476627515454311	16.138185129288086017140813055448
1.788051555468632258794059453066	15.764287159550246286698893527500
1.443008203949192491677422367502	8.689378352816845563211245462298
14.468592639147463074777988367714	8.380457739139426820429434883408
17.766744097166466076487267855555	6.818557849793101865998323773965
15.541869775698259559248981531709	12.154672453400662490707873075735
5.560990421469480082805603160523	0.338638731251823088541641482152
14.804813523427778676477828412317	8.728458031740922606900312530342
12.889233964326820114365546032786	6.908650071499250699957883625757
10.434404011478354945552382559981	10.203052118955476146311411866918
11.868892204935468370763373968657	6.506535770994078760054435406346
0.672590322090909964458660397213	10.877084578417459681531909154728
6.164314067471435620859665505122	9.815102884587155074314068770036
4.938076844578336732638490502723	10.522532221756064174655875831377
15.342398045306691045652769389562	19.668371933615688362806395161897
2.084563150510045481667020794703	14.764658995832583343599253566936
