75
12.722514279882009446964730159380	12.445746217882341255744904628955
3.791188296374071953209750063252	7.869175424690010522965621930780
2.794559261525183302410368924029	2.950274340628602942615543724969
17.457793993745319482968625379726	7.682844088885802946720104955602
0.959173488633794590896286536008	16.495949661972154842715099221095
19.614505665246252164024554076605	12.736212306767953350572497583926
11.235288242764980282117903698236	17.180080506061180756205430952832
14.685714555604921116582772810943	4.966318721680118564165695715928
7.908824656977220257658700575121	1.548385627230411287769129558001
11.585278230442144220546651922632	14.991424451459142375142619130202
2.577428122098049279031783953542	4.792940325658920031060006294865
8.821374180319057956012329668738	11.027270413748972543999116169289
8.658173686895503706750787387136	5.093989569578001308514103584457
7.497415224371701825134550745133	14.146266242243592969884957710747
7.501499397780434286175932356855	11.588732626569608896716090384871
5.302809121940941672335156908957	8.908644467422245583065887331031
5.543259387432062368361584958620	12.192974309492647932984255021438
12.698777527973375001124622940551	12.530073232377079150978715915699
16.607036743709535642210539663211	18.021048633075771761014038929716
4.152954850787201834805273392703	2.852098095890606366253905434860
2.441738645994870893218831042759	3.809800881551670848068624763982
7.529102453750619261541032756213	19.036291216846393581363372504711
4.881060836167185890133168868488	14.670315308854053881759682553820
0.996299643364368492370886087883	14.034985609167952347320351691451
9.819329218336125819632798084058	19.260348946838266925851712585427
16.118089448436172972378699341789	16.432426463938170968503982294351
6.416907802811211425364490423817	7.087537598324823662210292241070
9.484316945386995101330285251606	18.435807587479878577596537070349
11.684914903689842091694117698353	2.064754093948932833768594719004
2.267161321666107731687134219101	3.721665154204854886188513773959
14.892614700632121227386051032227	3.626154887362123879768205370056
15.555221668086705477662690100260	16.440900264840720979009347502142
1.790234622096958716497283603530	14.314169523193946531591791426763
9.368157361420745843361146398820	6.208011717011000740740200853907
12.873244201697096045222679094877	11.059942556576368488663320022170
12.508050348004225327258609468117	4.193866077920594293004796782043
6.587100244914033453369484050199	9.283332033560384388692909851670
11.068283397488094976779393618926	12.109669654667882809917500708252
0.565875230830966913231350190472	16.515313789764650920233179931529
11.987834889221941736536791722756	0.557448476644509582911268807948
16.981634991194923145485518034548	1.043311234229527428851724835113
19.534298486609394274182704975829	9.494052033089676712052096263506
8.387068721095843670809699688107	12.004631319661388744179930654354
11.518492948672895082040668057743	12.170327056689423272928252117708
11.723044172457324663128019892611	15.424077342342137342257046839222
16.630027865239881634806806687266	7.651580198353526540699931501877
6.243153728296809035214209870901	10.071792185782548756378673715517
10.941053794511592656135690049268	8.031095522370875983142468612641
9.035547638445201812373852590099	5.485417904378445008717335440451
11.755999834838757323041136260144	2.722709083780474159652840171475
4.311391534182534179819867858896	5.470439343287989863995335326763
5.096316069107021284878555889009	19.137262659116061058739433065057
11.157263022809029706650107982568	12.303611356665335563320695655420
2.809364359683256928690298082074	8.332458803627323717932995350566
13.950735339068979001808656903449	11.900583340869157922270460403524
10.556750764863620517530762299430	10.497533184821630669603109708987
17.602259180510216651782684493810	11.453021337871833296162549231667
7.523236302590001756129822751973	4.407281339031664302297031099442
13.269514815745235836175197619013	16.135472446206662766599038150162
14.035821108095348108690814115107	6.048465926140375259478787484113
12.888275756756893741794556262903	13.784486585443620043633927707560
17.271780623115304820203164126724	17.725830195557353619051355053671
11.971574172762387888724333606660	15.179976961346550723419568384998
10.218186313963059319576132111251	13.607821392342064115155153558590
1.870475993214101961825690523256	6.240102520339368297186410927679
0.178883312753137957429316884372	8.942193285774489908135365112685
13.801120094593308351704763481393	5.717323535689631697209733829368
11.570580304760056833401904441416	5.366247699446805796696935431100
12.006542169937114650224430079106	10.457457183778258169581931724679
7.846585416457170225612571812235	0.989890268717896759653740446083
10.223162769657319515204108029138	9.539383437858383274488005554304
8.023832776345956929731073614676	14.404877297114904166619453462772
12.355175129781546417007120908238	5.652335628416023993736416741740
18.411195848635266258952469797805	6.357093727237721481060361838900
7.491030418006726421253915759735	10.798499418485638656761693709996
12.947327369015702913657150929794	14.947763167064106681891644257121
0.467702827281330613118370820303	2.649874100611867788757081143558
5.369495158986211436058511026204	14.903841025910832485124046797864
2.805433157628131723981823597569	5.237221206341873269707321014721
7.380004319358850040089237154461	9.376634062321491214220259280410
7.132459496249426322833642188925	14.958478769996252921714585681912
8.564089249910432855017461406533	9.591776161664553157493173785042
17.726229231682349762877493049018	18.464084331128841398594886413775
10.038391518805951818649191409349	9.637108884645906314858621044550
17.991714059722852425693417899311	10.503988933221977575271921523381
6.668931318014404752148038824089	1.845482171367299528697003552224
13.967160700091810099365829955786	15.936246579390397570819004613440
12.943605093654982240991557773668	12.288429392115594041001713776495
13.873478439356354385836311848834	4.151154376227452758030267432332
13.656434104008564389687307993881	14.949081490603253641324954514857
12.416288752826750041435843741056	7.493258429597947412048597470857
2.923964035952468343282362184254	9.515437623606867845182932796888
1.573548869380012149576941737905	10.806143103430649432539212284610
8.159631589749572810887912055477	19.557324485159163884873123606667
8.367287817670899130462203174829	9.494328834480898038350460410584
7.222842895343413616160432866309	19.445687338390705178881034953520
15.792929634671875049889422371052	16.706961812709014481015401543118
7.305165509080397079344493249664	9.259177281354418198588973609731
2.062185621530790768929364276119	0.346150502346546318221953697503
13.972199848583858994288675603457	4.332289374556321348563869833015
7.520841448008317442486259096768	13.752210203304102265065012034029
2.306954775425772652397427009419	14.947715815175723008678687619977
15.883170034170060347378239384852	15.866146740396843028975126799196
8.986124807859273033727731672116	3.363986167114391356847136194119
9.563282514849603899165231268853	2.661848197949970185050005966332
9.746052447842371790898141625803	2.430600537641756098139467212604
4.296750274313988704477651481284	12.695425516596870352259429637343
1.870504440959219749629482976161	9.080000482839416520164377288893
7.212340929646458675961184781045	11.741406241221749695569087634794
13.546193473244532157195862964727	19.354050612681945153781271073967
15.590038948895358572599434410222	15.966239353774692943943591671996
8.445047308369925787019383278675	11.328558145903061316062121477444
7.273760775798249866852529521566	14.180092769193819890460872557014
8.308353601924441278470112592913	8.332728123560070088160500745289
14.761324091222132182110726716928	10.419654305314198339260656211991
16.290851522092907543992623686790	6.210685203105400731260488100816
10.959565892688459598502959124744	18.902735558179116992505441885442
7.848773905369363035333662992343	3.037458802293016901785449590534
11.115138310442018720891610428225	7.282220977140633877411346475128
11.159531365966389060417895962019	5.802769907606878163619512633886
1.603178915457744935224582150113	1.849343781560012445197571651079
13.453451415634271270960198307876	17.160409909700096164897331618704
10.543466296266020165717236523051	8.488261361873359334140332066454
2.576517354521295821712101314915	13.596219181814376497641205787659
3.675369224609320362162634410197	18.986836200447129385793232358992
7.011858730112619397800699516665	3.318181193395445482963168615242
2.527556564031401720171743363608	17.471817023856665684888866962865
3.790782024064846211786061758175	13.220049814873686244709460879676
18.722938994622921882182708941400	12.387372726313754967009117535781
13.412806486809241590663077658974	7.664520092673711815223214216530
16.239766097797001975777675397694	15.100263158607305058467318303883
4.905982185793066996382094657747	3.266661671046493076175920577953
8.029670583120935845045096357353	19.286310475669910857732247677632
14.850342570694611055159839452244	13.644381104526786430142237804830
15.182309926893394091962363745552	9.740079693766988455649880052079
4.232920862773373649190489231842	9.089896137289782629409273795318
0.673045371046463003494864096865	11.174881885238031387075352540705
13.640779105626403833184667746536	2.702179560079188469501332292566
11.251178158703021736641858296935	9.638203906687218491811108833645
18.677457183617644176365502062254	17.070198435073926646055042510852
13.667683951143589027310554229189	12.832126746001518924344964034390
4.217966104479946132244094769703	14.531485898111832000267895637080
5.151499277180931812836206518114	0.176637131580330120073085709009
8.225656928470895579152966092806	19.228512288699473486985880299471
18.094635397387552444570246734656	12.411981631708885132070463441778
11.641294523602379484827906708233	17.513668543287188583690294763073
10.539252406064052891565552272368	6.479241247399531999917599023320
13.014710924812144199336216843221	10.849834313805066798863663279917
7.465774473077327222370058734668	9.861267750186733849204756552354
12.502500656687644209341669920832	18.369487804719874191050621448085
13.240094576323993891264763078652	7.826920860837903504148016509134
4.403944277213435398721230740193	11.188119115920871493585764255840
8.506416374776060607132421864662	5.750480600062580549547419650480
1.911723334831981091497254965361	5.208845951780955552123941743048
19.053836313273947666857566218823	15.200296092592179064695301349275
7.542457906212968410386565665249	10.798785090772367922795638151001
2.013819210029417661189654609188	6.870858379700185203375895071076
11.568446221828565967371105216444	3.807536566940373568002087267814
8.978902596872584851439569320064	19.311245927738362127001892076805
12.892166777985318404375902900938	4.586084639760539261033045477234
6.976930545240957570740647497587	4.991956977801488726242951088352
5.084065090650022433749199990416	8.946137156949829360996773175430
11.017841423083748253475278033875	14.831542571970135924175338004716
14.612846277469682121363803162239	12.304621850461423093747725943103
1.650648105387199748861348780338	1.280806267450527613505073531996
13.473739045595786834041973634157	16.327259582624094491620780900121
6.111620783396197964520979439840	13.864020893028921932454977650195
16.898859022679470598404805059545	12.056802059557295336844617850147
13.795098300984061978624595212750	8.491968877295036577379505615681
8.937478540197528076305388822220	11.307952563331756579145803698339
11.157819045311253347563251736574	5.465923534511565762272766733076
4.019392122178763848694416083163	0.142002649186929730262818338815
1.444216078832774030615837546065	7.109979129320333157693312386982
14.259365194858682812650840787683	7.710387283978267447537291445769
14.924290115906075016027898527682	17.815080123563358682758916984312
