75
16.145620618679366486958315363154	15.216540836940023240231312229298
6.874140926169134857559583906550	7.856034938883743379278712382074
3.751100974152793199323241424281	12.829833623801027542299380002078
12.899054394896850794793863315135	18.910608074128873568042763508856
10.352591434617199439571777475066	17.717578144700375730735686374828
17.232247215467591416881987242959	1.826285094672050135500285250600
5.475223026427924466474905784708	14.388885953783924875892807904165
4.370386792462576330819956638152	12.533342443672161437007162021473
3.565122356510346257607579900650	9.931656740067328570376048446633
6.149968769638592291926215693820	17.223246235576578300197070348077
16.789123323187219227747846161947	2.406997197207368266447247151518
10.816911500566181558724565547891	0.215309723888308823802617553156
12.721734445494409015964265563525	0.486585045060779819436902471352
7.756962149104433379420697747264	17.739599985242392676809686236084
8.741579968822421164986735675484	5.407250839956681431885954225436
7.326701967387085012717307108687	4.328679753550674469408932054648
7.784685344693214048561458184849	7.248735392546223010867834091187
12.999312661392744772115293017123	7.110700530670269081667811406078
9.969445579502613341560390836094	6.353207796831819464955515286420
16.230096547447487864701543003321	19.508014607194660072764236247167
14.946886018410312502169290382881	4.160062427557957853707648609998
2.355547704136862208201819157694	13.046653729009980438036109262612
12.317346031465225664192075782921	13.646141779233444069063807546627
13.486131509873311884462054877076	4.954860034826757519965667597717
7.985883081045171749678956985008	14.282612966926009789858653675765
1.951983879828590673355392937083	18.134434515841917345824185758829
5.154187068033797558541664329823	2.179790895247682769308994465973
10.924469717480622676930579473265	8.469845950520220156931827659719
18.407372171164638530171941965818	13.813793622896783475084703241009
15.473967216577845462666118692141	9.241185482918139015851011208724
7.429331485843596816209810640430	3.221625371172621044024708680809
10.074789372680042376373421575408	8.545480887688245985600588028319
7.940783282860280678505660034716	5.104695441440959768897300818935
5.512192744236187103012980514904	6.513578148199123063477600226179
11.873116500744197665540013986174	1.379760463528517888676105940249
5.897675969136578544294025050476	14.432987387429104586544781341217
17.450148224112197681279212702066	18.708722120725902016147301765159
17.987298438406067901951246312819	3.083962746100564977780322806211
12.360876813369740645498495723587	7.815585304901495611318296141690
10.917269755397201791424777184147	10.244026013040445022284075093921
19.584794824774299115688336314633	8.037507499423989898446052393410
0.377661974314603909874676901381	11.956318337939936924385619931854
16.555398277167132192744247731753	14.388543784889469279164586623665
11.413720324350951074166005128063	4.618696863248326067719062848482
17.519626263655872833169269142672	6.732101714839065387252503569471
12.026505035311920721596834482625	15.929851855753774714230530662462
15.494744253888852014711119409185	10.069347045599691625739069422707
15.386013903643526390396800707094	14.664303911277219327757848077454
14.908615313645231736927598831244	14.762290557760900711059548484627
10.090299981463846989981902879663	6.807820446920828771908418275416
5.860121988298348405521664972184	4.629869482914608092016806040192
6.389697682839301506874107872136	3.224598337895829835986205580411
15.391154865690458208860036393162	5.978338143224437573053364758380
14.931186971639323957106171292253	11.297722786776281722609382995870
6.116579103752100010638059757184	7.090320947265627893330020015128
15.068772712272698655056046845857	19.582245707871720696857664734125
16.658449546299429755435994593427	18.129036131894608274706115480512
9.988902966045035469733193167485	18.162223494029557713247413630597
15.706530747874175801825913367793	4.805632652009924399294504837599
7.591879812753949963166633096989	19.158802270807509415817548870109
17.118108656043762749732195516117	16.557559355492809771703832666390
5.954642637618948519673267583130	0.756418537863853046587792050559
4.467001024716396706537580030272	12.762416340160321226449013920501
5.792510132111686083078438969096	13.938800287380979980866868572775
14.016699333330860710589149675798	8.283813722082520314415887696669
6.675437421789109038172682630830	9.024586236965028263057320145890
14.533963536321481413438050367404	17.349056364090532866839566850103
12.125342413147272679907473502681	8.223524341742102450325546669774
9.734999988184414476677375205327	15.048307420400032441420989925973
1.292854364504528064117039320990	2.346149110062495601880527829053
12.743167178621726876031061692629	15.063093254081937999444562592544
15.669208311134855904356300015934	16.335335171014044419735000701621
7.508003978521816890179252368398	10.030611991794556203672073024791
9.523899737957449929126596543938	1.646356512902269031428659218363
11.864030915287360201659794256557	11.881705622258062149398938345257
15.404188448347902351542870746925	5.747020139051896236992433841806
9.515706039698475393606713623740	11.029471884759331601344456430525
8.526297809122352688859791669529	1.413294841107216370801324956119
9.926401768560808136498962994665	10.557207050835685890888271387666
4.885714496941454321188302856172	19.092546869998479053265327820554
16.263568149524331829525181092322	16.797828988839683006517589092255
5.052112830834614598529697104823	12.635823787158077635695008211769
10.947156895881972715756091929507	3.120591200307904600208530609962
14.741343721012224676769619691186	6.190899151945833622789905348327
10.396779913079569723777240142226	13.831800857483139921555448381696
19.747403895207643387266216450371	5.921280467817618742287777422462
7.352818198965865192917590320576	18.534462392183598922201781533659
11.750046285999319550796826661099	8.084822560153407167149453016464
16.321304645564666202517400961369	4.908375566324907346427153242985
12.482950057223911599635357561056	12.959482704507543360250565456226
3.194358127799782565148234425578	11.096820997556900323388617835008
14.445960321061427578115399228409	17.348950385439003696319559821859
13.379577560427325266800835379399	10.300362199726613710026867920533
9.608562826726288363943240256049	18.950363911500350155847627320327
15.805466801781737018472995259799	11.794370186228922747773140145000
11.804156160180285795036070339847	4.802096528416896603630448225886
1.922013774860996448978767148219	14.259408957553388219707812822890
7.563391260152570794161874800920	10.866427690073415135429968358949
14.153926728586768035711429547518	13.139209844495365331340508419089
9.908852008762435659150469291490	9.411203861733701714342714694794
2.135168012359698330726587300887	7.816169978330036016700432810467
2.376844983757515628042256139452	12.291052856261174497376487124711
9.928123470957000762382449465804	13.781535883015459731382179597858
13.903440687208650672346266219392	5.949441773621000351113252690993
15.281988640881218444178557547275	7.426462263012764353220518387388
7.731366501383536871117030386813	13.368767366602607893355525447987
15.414468038943990535472039482556	12.529541362377138113970431732014
6.814400003658622750890572206117	6.448247590838294129866881121416
3.234509207185677581719573936425	6.888939325529641166667715879157
11.010681461991573826253443257883	12.588271577360838904269257909618
11.758401616694539981722300581168	0.909297843466138289159061969258
12.562553873686479022353523760103	9.942467102333894857224549923558
9.779885095896259983305753848981	1.190865235194515037164819659665
14.588333966397184937591191555839	11.682917919222681746305170236155
1.908185707557077392948485794477	4.673797225674321431654334446648
0.702540041869875508950826770160	17.584709406465716341472216299735
1.915875859195153907421627081931	14.563049420136081835153163410723
10.197738020460008101508719846606	6.145700256975192843356126104482
19.880608571490423486238796613179	9.234652669200952956884975719731
2.325740377810258330271153681679	11.143481457403336065681287436746
9.345257597282603967414615908638	8.956232074680448462800086417701
8.941435381798806147912728192750	19.659595283190832049058371922001
12.986183685635760198806565313134	2.632431586098754827673928957665
18.967109557539146180715761147439	5.955743759274526816227535164217
16.288292470914647935842367587611	17.825912558620650827378995018080
10.572874191183801784177376248408	12.657180319254774047976752626710
7.990947298136758192299566871952	4.648329461290742870005487930030
4.342716653879634236545825842768	9.461334551140240023414662573487
12.828561885722248092633890337311	2.694556307487483870488631509943
5.856350173279880166887778614182	15.207682425805579384814336663112
17.839410433191591920376595226116	5.146139908000253448960847890703
11.627398738968176772345941571984	16.375762779011868275347296730615
9.659086875113239045731461374089	11.159004037093545491643453715369
14.547804437589526571628084639087	15.937214534459478443295665783808
7.668138452774963198521618323866	15.221170712298761173997263540514
5.094048032355271260485096718185	19.452840793117296414038719376549
10.713710814823299344311635650229	17.883253740319936753166984999552
8.093908695522671337130304891616	8.178842947191805379247853124980
15.033350487284568686163765960373	15.891197458531014063964903471060
12.832998695518654130864888429642	9.910385512215503567290397768375
18.095656543175188346594950417057	6.921448945966044874467115732841
5.991309517042620491622528788866	18.845971443035793413400824647397
18.024486231010701686727770720609	10.004811015222049519479696755297
13.130014219774839290266754687764	2.891095774366522874743168358691
9.253769581957509871017464320175	13.019374991362390403537574457005
10.637648275454862911715281370562	0.316303416908766621418180875480
11.187713131722901493958488572389	16.694600900430053513900929829106
18.715755490528309223918768111616	18.253424725996524102811235934496
7.603141909050574298589708632790	8.357964095517610658703233639244
3.453084113425371803884900145931	4.008785034372450262196707626572
18.748846943927681252262118505314	14.780178140789169916047285369132
15.041706551561265570171599392779	5.611598250652040320574087672867
11.229405016721468513196668936871	8.968181581732924456673572422005
9.055610507011783383291003701743	0.158745915464493236868293024600
17.786002473352152009056226233952	11.172341061078649104842952510808
1.332509987606366408385838440154	14.193397961533380069454324257094
13.148968666295573370916827116162	5.809739820850259306439511419740
14.535489117205443676539289299399	15.758091398289515439046226674691
10.447964553128958442584917065687	7.227076748229803726530917629134
5.373355569114594665336426260183	17.614289073017339148918836144730
9.179137375456370762094593374059	11.104251363340910785382220637985
11.326615281700215476234916422982	12.612420197582633107913352432661
3.050433144391427653374648798490	9.169249930560113170940894633532
15.370739309749655632231224444695	4.994565732887512155002696090378
15.610196763964761856868790346198	14.634025626712482193170217215084
2.213136107281656883571940852562	14.881990659986403358061579638161
6.333884919622407849715273187030	5.990548902173195244813541648909
3.020209367305770165046396869002	4.276837034797980052758248348255
6.048195870854252476078727340791	7.775114503172778412931620550808
7.322660052972417510375180427218	7.695681335387725141572445863858
13.399765231210921001547831110656	16.632743152644422934827161952853
10.534695259072387685250760114286	14.477413368210397592861227167305
15.137664265388663054068274504971	2.395542716824313522749889671104
1.858804017675213415827784046996	16.244474683414900084699183935300
5.132323309941526190414151642472	5.965525561684074773438624106348
