75
6.188086851873420002334569289815	10.789994998768262846056131820660
8.985219220793345229481019487139	9.805073629235607768350746482611
7.984479093446759101482257392490	9.043406228645343603034234547522
15.646498685883420520781328377780	5.766020225307201485520636197180
4.977163703341652478684409288689	10.464536718076971055779722519219
6.746476634302199570925040461589	10.922663290029552385362876520958
6.972445210361367884388528182171	6.184371127378362587023730156943
11.188379949290395032335254654754	8.731339615244140262007022101898
9.392694945402427109115706116427	9.335533106641170419948139169719
6.451626584425218524643241835292	10.639725458395091095553652849048
10.278435653071339217490276496392	2.282073081673680725600661389763
5.238196758954219767190352285979	10.492331575413578192979002778884
7.728481713736162994621281541185	7.772790118068862774691751837963
10.062560182220398274921535630710	8.740017779362077021687582600862
7.747905351577938581897342373850	9.527273549172658562156357220374
10.896032055504710100990450882819	6.410110711810048655934224370867
9.817852209190151668849466659594	4.604830909511110625942365004448
5.916450385448787763209566037403	10.096845983001989210947613173630
12.665555443164871363137535809074	10.714290815203337814409678685479
9.880583782028491413029769319110	5.561028034718602519603791733971
11.365673623434165762091652140953	12.586937447371635556692126556300
11.153668538194143167174843256362	10.551396572179555732873268425465
7.893662430815561847907702031080	10.171455038939356541050074156374
7.466171518391821138038721983321	2.728717566682003159428404615028
11.936544361864957153329669381492	10.595025252777311663976433919743
10.455691557620498954861432139296	11.874474410827394521561473084148
9.729769787342073428249022981618	10.727069436916096378809015732259
13.180037579948038484189964947291	10.393779356610941988492413656786
4.797077829598753950790523958858	12.424234059548968645003697020002
10.291132408722528879252422484569	6.725306466684470407813023484778
9.130117315234208774654689477757	12.579261985451113403655654110480
13.749797583542893164576526032761	10.985314170777844111626109224744
12.719192858720839822694870235864	12.557825797166243475544433749747
7.388880641508717594945210294100	9.403675505507306908725695393514
15.388022736680547097876115003601	6.497944171990787332049421820557
7.935050453693174965508205787046	10.117267347572946434297591622453
5.568517030244932719540429388871	14.875116152783572687212654273026
8.290986012522116865852694900241	12.814379059115358572285003901925
8.782485389580171997181423648726	17.834195246479392693572663119994
11.844981443216065386536683945451	8.701261516722034627946413820609
9.568644818004685248524765484035	2.403523031716450653050287655788
10.561028415462068608121626311913	16.868816287581385182647863985039
8.453332237144769223391449486371	3.416846105280281875593573204242
6.494594446690810762845558201661	9.689821973208752936557175416965
10.630471733842588477614299335983	12.120752752635160831573557516094
8.618123300367491523843455070164	11.235267963144472957992547890171
9.688570720270829994547057140153	10.818658756036638735054111748468
8.311417081944117768443902605213	10.733378564369754570861914544366
7.044680050831476414430198929040	11.956185565632461376139872299973
8.051980273749283156803357996978	12.235339108956663878302606462967
8.350232613258011582502149394713	11.037278437988192081320448778570
8.095075773001562779995765595231	14.769669670072611111777405312750
12.367950664140989758266186981928	14.653748886316702026988423313014
11.425151176354125581724474614020	5.579921576369860858335414377507
12.982805922664040210179337009322	7.594319497492317161402297642780
6.413882464961004892245455266675	7.705504631257094061425050313119
15.367221454062342189672563108616	9.138082213231328410074638668448
11.225600093532577261612459551543	6.856797044204819613355539331678
4.808268295864154495689035684336	14.724941801613777414559081080370
9.951527756552067671691474970430	2.618846931223772767083346479922
11.693073056935359588237588468473	6.512179686826612190486684994539
10.037436227798412602396638249047	7.452791074111035918292600399582
11.747535142925416451475939538796	7.956161643796773930148447107058
8.636684038013786590681775123812	11.884608730137708576535260363016
7.764221244666945409562686108984	7.627360065971410918450601457153
8.602594651355703447848100040574	9.967275054560534641723279491998
5.357967951966143616004956129473	10.276264943847037258706222928595
11.765218606874004336759753641672	4.968581880258303939967845508363
7.952571421903530612951271905331	7.617361091632077751967244694242
12.845871079335708486723888199776	7.800556153790290103700044710422
11.364633253572108628759451676160	8.622724974919236728965188376606
7.582313036169590070301183004631	8.977716171656783927801370737143
4.812684493594420409579015540658	16.331394352024027227798796957359
15.127622366339075199448416242376	11.508643649010082299355417490005
10.171723318222460008541929710191	5.385338666487992753673097467981
11.769930053324520358160043542739	6.272707188513747311731094669085
10.714085616517598609220840444323	8.335436338659963695363330771215
8.852653209017162794225441757590	9.180962404998929571320331888273
8.455423057879164261407822777983	10.630899401016442595846456242725
12.004747706158449105373620113824	15.971128771528452006123188766651
5.951570763151961429571201733779	16.935252055438951401811209507287
3.300878360793128685202191263670	7.721918110382611111219830490882
9.111444939500715989311174780596	14.903498272941160252003101049922
11.887200686328093013344187056646	6.416226136550870151609160529915
6.759335340020813376327168953139	12.122993161431331543553824303672
6.381848708058856622926668933360	11.023003247918785163506072422024
11.287772740771837121087628474925	9.870442714521637128655129345134
11.351088171328367337764575495385	7.322371440825498289939332607901
12.370614760598545700531758484431	15.523671235763202957969042472541
9.832097255535460433861771889497	11.406899969061958799443345924374
9.196001405225517899566511914600	10.026844506980168603149650152773
14.949457136895096809325877984520	7.543911413551143141376087442040
11.717768113479992919678807083983	9.545579152759396279748216329608
5.562695677723681342285999562591	7.194990886684434983067149005365
10.161450531365385785420585307293	7.921693642607237961783539503813
12.672057004381471756460086908191	4.051077977938845720018434803933
8.072118246631681870439933845773	6.130115710199548040293393569300
8.964483989780985595530182763468	9.156027787103283799297059886158
4.743188921670230762117625999963	11.964219859548419933048535312992
13.180360220279464300574545632116	8.628719343041474587607808643952
4.140884547178368180198049230967	6.202165881633905364367365109501
13.029608700889275141321377304848	10.600847515674120202788799360860
10.106684920619137812991539249197	9.516062085012331195343904255424
5.698148118346611390450107137440	10.425205493780129728520478238352
8.102231467071485226938420964871	7.428148165833593274953727814136
6.486969770027742221429889468709	9.944460832429205865423682553228
10.213528141525475945172729552723	11.518812513593358559660373430233
11.280377435307043398893256380688	11.895570149610634302916878368706
12.795281973628046756630283198319	10.255924458974622126561371260323
10.817939529549471799896309676114	11.145541623302117173466285748873
9.663233000588762777738338627387	3.504683554448005722292691643815
11.751719563308366645060232258402	11.618726235171692451331182383001
10.487898945581465071086313400883	11.810883475811868592586506565567
13.953309476262065302876180794556	11.497696687198473597391057410277
11.373168678963844868690102885012	5.023045853092971135822608630406
10.675412262160500986851729976479	9.010195748993606201793227228336
7.001239081628400917622911947547	11.777649748386817663003967027180
10.768197949021004689029723522253	7.542730471749697684913371631410
9.163398999291278101964053348638	11.379366072319834657378123665694
6.634602342355051973754598293453	11.075657952514672999200229241978
8.306517842033224852116291003767	11.147585301866278939542098669335
11.185403839711897333586421154905	11.914224694233650936325830116402
12.379604090983516329060876159929	13.898397792144042028894546092488
11.645493851254554940055641054641	11.657259330328518132091630832292
3.079845564295030424517563005793	16.476298854962191597905984963290
7.000503553692262848073823988670	7.419974672706014295897603005869
10.758078874400883506723403115757	8.371214246984921558691894460935
10.242789952200990200026353704743	10.450153472664039711048644676339
17.401338020501345482671240461059	8.145516990439947591085001477040
11.237795011550286261581277358346	11.712936999916799152288149343804
9.259726127934234440886029915418	12.602077808407635473031405126676
6.336016534605477090735803358257	7.142140280589227785412731464021
13.830401489690004268595657777041	9.292197452575685190367948962376
12.394204621355413564742775633931	10.607052290696167062833410454914
9.790450211661012147601468313951	13.077085817782592158664556336589
9.602270494904354691811931843404	6.329718431604896444753194373334
8.387269824343086099815991474316	9.257949507965664182052023534197
5.288783812786661542304500471801	12.549067226737108171619183849543
8.331357987703086109831929206848	10.395802314884653227977651113179
10.450229084878595031682380067650	15.550738978679605750699010968674
10.945328491074565846474797581322	16.190551412616997595250722952187
9.804178451698218665910644631367	10.632999470609606262883062299807
10.132555439876316683012191788293	8.809459761861850424224940070417
12.572856533276150159395001537632	9.749609379151831234366909484379
11.795723473982954843108927889261	12.169911723656870350396275171079
9.873347368996038042610052798409	5.648211127144429077873155620182
6.018593305782101943179895897629	11.825433542807589404333157290239
8.972179513091811386971130559687	8.784921715826277122118881379720
9.043896110509308527980465441942	9.675801137419885122881169081666
7.313714683509304315123245032737	12.472713230004647044779630959965
7.558074889908796833992710162420	10.197420504592004775190616783220
10.923542672198820469020574819297	10.432314319984008932351571274921
11.195107715591261055010363634210	7.872518904459901989412173861638
11.324054186503476060465800401289	9.452902914813058998788619646803
10.738070390720139357654261402786	8.238801560293650183552927046549
8.490020271106118343595881015062	12.446032859563503691902042191941
10.520406375373863028244159067981	10.272313522123276641195843694732
9.287503650248483566542745393235	7.259137768962929726512811612338
7.903778598411870248696686758194	7.904369408988489276168820651947
7.714282494087432162643835908966	6.970894746526644425443919317331
14.631780421998378471926116617396	6.556111499346206628047184494790
6.869315718326072683908023464028	12.683115660715309047645860118791
11.642773439989632322522083995864	5.648204907703370025728872860782
9.682933081367410821371777274180	8.440108670763732945374613336753
9.130367803873538079528771049809	8.396201320765372955179373093415
5.660811069552433849594308412634	10.606927212136790572571953816805
11.349537873052229386416911438573	9.037857856411941170904356113169
8.684268881855679467207664856687	12.774852096262332423748375731520
18.179851442476699929784444975667	6.192799353326270406228104548063
13.475100200873193045936204725876	7.773438043143904963017121190205
11.341952147107923210000990366098	12.475758280405468525486867292784
7.346222513512009832936655584490	11.166028300859764499364246148616
6.976302975454661492449304205365	11.441778011841650553037652571220
0.788178513862764607011968109873	5.462060844722423702535252232337
5.125321272000568306737022794550	9.084088703394629149556749325711
10.360927333217277990229376882780	14.125616766009009950266772648320
6.553491588366529896347856265493	7.022845600406591337616646342212
9.036854991256145552824818878435	9.866396770593413023675566364545
8.646189462605955000640278740320	10.283957459289386093814755440690
5.562415284467011389324397896416	12.137307232279438196087539836299
11.260212893834781411328549438622	12.370793574463126773821386450436
10.324657352815737709761378937401	9.785490744346242664164492452983
5.827834487006052555102542100940	10.609312900229030063314894505311
9.121536516420556850448519981001	7.972710568674428621704919351032
12.595284906568366523060831241310	6.907199919564999568422081210883
10.307530788825216561122033454012	4.091050817067293898787738726242
11.423851514296966769279606523924	12.822512226379243926999151881319
12.376235969627657595992786809802	9.646749145018015170194303209428
8.419114129908361832121954648755	11.182556101151096328294443082996
12.326285275107490946311372681521	9.100735478488878982261667260900
10.605575098863980088026437442750	16.323059093443610834128776332363
9.484717531928566813803627155721	11.410295772061026298160868464038
11.816612068273242286409185908269	3.127015166766477616278052664711
9.163363874988165846957599569578	10.086106701429988774521007144358
8.524537388469189735928921436425	14.919047393743486651374041684903
7.562706709640550251094737177482	11.813245673173765837304927117657
11.893916012174541307899744424503	10.958731775722059254007945128251
5.781633604224420963646480231546	8.948722075803480890954233473167
10.609415982150261825722736830357	5.175227101219105563245648227166
7.640253847191756264578543778043	8.663737607644867111389430647250
11.861201014150175581107760081068	8.660385731583282620249519823119
13.277975397572365778842140571214	7.967273520558305399674736690940
7.882542581046453555870812124340	10.194905260511566424952434317674
9.671997336165716774303291458637	11.789815153921063384245826455299
13.839994078103176278204955451656	9.263155516519519849794050969649
4.346244968309409095752471330343	13.130497231610309682992010493763
7.622140497266912895213408773998	4.451411772961323620734219730366
10.516233198299566709010832710192	11.748726430386815522410870471504
9.486245294268973893281327036675	14.432483892982434170448868826497
12.130071249068100414092441496905	7.974837395974328835279720806284
11.439039323756443167212637490593	10.148107785035154648767274920829
10.556278578734055173526940052398	10.490718817026412068571517011151
14.378620768908122684592854056973	8.126062767708685186107686604373
7.859258116203580613046142389067	6.902245892774582003426075971220
8.154730924560382732124708127230	11.992337583117073762650761636905
10.775214362749839125399375916459	15.384638454065669321835230221041
5.005419312662117370393843884813	11.412252099406403615944327611942
11.029416618304662023319906438701	8.849380465166774456520215608180
10.563442424568165733944624662399	14.614155664773070597561854810920
10.491863097629481771377868426498	11.470755401909769943813444115222
12.033392207630186021560803055763	6.921430223008144366758642718196
10.478437257278589100906174280681	13.994671801296616919785265054088
8.674789849144575626382902555633	10.162284205575295104040378646459
10.179549306315388790267206786666	7.798172203571554383927377784858
14.042113281286791703905691974796	11.163252223548596475666272453964
7.193232714370407343551505618962	11.530120216242869091161082906183
13.155207342186281849194529058877	12.493757585210657268248723994475
9.343332861995428118007112061605	8.351164290310761018076846085023
10.859197944117472189873296883889	13.570266003784624331274244468659
8.617342201596089878989914723206	9.154003634706420200473075965419
5.993179525274570096371462568641	14.838507657273192208435830252711
13.810992430120121454706350050401	10.204823687357764683270033856388
11.184442310971109080242058553267	10.002661181287956893015689274762
10.545620007414481023033658857457	13.138966922571089668281274498440
7.944637680761744924495815212140	7.919571327890024825535419950029
8.277930165696638198369328165427	7.907623542434421892721729818732
13.272531642576700150470969674643	11.380733040941061418038771080319
16.025181599179767033547250321135	8.899099255571993438707067980431
9.260497861037672251427466107998	10.488219618883485750870931951795
14.258441831886957018582506862003	12.011731334838128049113947781734
7.345159109149273390926282445434	7.906005869135153574234209372662
13.147264030091223574459036171902	6.234040653214409921645255963085
12.922341829925379386168060591444	11.220278017523572344771309872158
10.551904890846445894680982746650	11.014515000349927476008815574460
7.927267747055270596945319994120	4.867282150584363975553969794419
11.392406762868640512920137553010	13.978158744682653846780340245459
8.245274419408746169324331276584	6.654790914693210268637812987436
5.794820691825117719986337760929	7.411661516083480449879061779939
6.518026929266996560841107566375	8.104348836641166897720722772647
12.678255470160243234545305313077	12.883660989593066048541913914960
