75
7.884972968998352094160964043112	12.710877237236580583612521877512
6.273302793946502475819215760566	12.060185511831544857841436169110
12.883841937085040996180396177806	7.784108208002470163933139701840
9.224550105701645463796012336388	9.741627543280342749199007812422
7.820055472118476735943204403156	8.974920387138729083176258427557
11.457320863467161942139682651032	6.531760084891278239638268132694
7.999675012366515680639622587478	10.159578485471302045084485143889
12.546764298763555700588767649606	16.148516574190530548094102414325
5.793817196781095191226995666511	4.669824197199947235503714182414
12.615071536750148695205098192673	5.300610624672056125916697055800
7.631449371492871946998093335424	10.389862603468893453850796504412
4.843569235168834197224896342959	7.535154351995706711875300243264
8.688544255086640077934134751558	10.034826702986917368320973764639
9.053542118399084515090180502739	11.270668347768250328044814523309
8.374487003507377735900263360236	9.468378220145950763253495097160
10.061405206219971475434249441605	12.905925997629886126105702714995
13.297063088123280749641708098352	12.131426595164390036529766803142
4.007596444588092943206447671400	10.859180322754221847958433500025
8.910752441271672097400369239040	5.011412060941667689917267125566
11.354599155081327666039214818738	4.903839856078569425790192326531
10.457000343409852405329729663208	8.882362466723641603039141045883
10.657531847955777237757502007298	16.866415349949750890345967491157
12.898008834028491520484749344178	5.728022410034265377021256426815
9.864239475182774441464061965235	10.064987401226019869682204443961
6.617664309822505863678543391870	13.746465977802822422404460667167
8.843524825517087961657125561032	7.636304819909984331616215058602
12.104733688199390329032212321181	10.846214409939287648398931196425
3.397630316792271010228887462290	9.796492781467808441675515496172
1.868249128726685803769669291796	7.760713334867450186038695392199
9.587258912221487960891863622237	12.841767115769034290906347450800
10.410452305098836234265036182478	16.281343561272475284340544021688
6.385187279543926841540724126389	6.040213725036154279735001182416
9.680871380177482166118352324702	5.084208941395861991452420625137
6.338271760559983647453918820247	8.204622064771504241775801347103
16.817943186500031060859328135848	10.346240071352932332615637278650
8.103478665714977324796564062126	9.232514519551362042193431989290
10.197432430689273630264324310701	16.039340217643204056230388232507
10.860161643025838529297288914677	11.179452588713459704194974619895
12.113830721664422540584382659290	14.503680832511504306125971197616
7.271415919703628105708048678935	9.832498992837418683166106347926
9.594271562308200884672260144725	7.978777169959521131659130332991
12.912900949957851537419628584757	10.009694414087354275011421123054
10.554483401481894233597813581582	7.336036807088734512660721520660
17.776205951450016584658442297950	15.087585650904880907319238758646
11.796835644023657252432712994050	8.326315798021441949572363228071
11.461592720957421320804314746056	14.870717871240413998634721792769
4.985569005812660492438226356171	13.365702252570859087654753238894
10.329676163892237639174709329382	11.827019765206532753154533565976
12.087149050763780877559838700108	7.830677832989587194845171325142
8.819882607065741453311602526810	11.827885294239434799123955599498
8.382980669564101816604306804948	3.873334821869811595007604410057
12.829365407026141809865293907933	5.288189654545204732016827620100
14.953560134496068911857946659438	10.842883157411575822948179848026
8.374498296408798836409914656542	6.196644706556366344329944695346
7.254895926205346512460891972296	7.954749864830056083064846461639
11.222945604051622225938444898929	19.189445001082184205642988672480
10.027009268214191806123380956706	9.452365547522399324975594936404
7.204691375903832906146817549597	10.371708138795986187119524402078
10.359122316091484705680159095209	11.437159540430565485280567372683
11.407153587241820602571351628285	13.655220842060437291820562677458
7.414639390203573654503088619094	13.466421729215721114769621635787
11.162350612013621997675727470778	4.494399659522303025482869998086
10.631593542193661150463412923273	11.627615166800946866487720399164
14.309166268589244452869024826214	9.273349293341569321569295425434
7.711658937139904246294008771656	11.281220755959568080584176641423
11.841057573964384630471613490954	7.784247181198303167093399679288
14.881387287852781753372255479917	3.462326176035910751949131736183
9.473465540324449207787438353989	11.772808578509804888767575903330
11.065393968219769504912619595416	13.243602238900338718963212158997
8.968853027278415268597200338263	6.090774414032852135392204218078
8.472299968740722775351059681270	11.843390523773489775294365244918
12.176996177010526167805437580682	3.543357149530905303436156827956
6.592142800605980568207087344490	10.581423980218541913700391887687
6.504421021548425940750348672736	8.737971792069512133593889302574
8.434929917441181146386952605098	8.691450950459667978975630830973
11.832327219485105018748072325252	9.290621052334422813601122470573
10.947674896235191965843114303425	9.672473890122825324056066165213
7.924226145119666497862453979906	8.011226532910281861177281825803
7.688874321333224237662307132268	3.880017802042875718626646630582
7.588450683375944194608564430382	8.336002455493332519154137116857
14.854238521796364835836357087828	6.080213546927952350529267278034
12.518957295210606517343876475934	12.404342451681824144316124147736
9.744042760544497028263322135899	11.037076668248161581686872523278
9.191791302821840758952021133155	10.368997739301500260467037151102
13.633559423996340242979385948274	12.071881937257758821147035632748
9.880712463628727348918800998945	9.187199850479386142865223519038
11.021182938155337893704199814238	14.826217969032203569668126874603
14.264108379426053474503532925155	11.090403101696191257019563636277
12.521403615617957783001656935085	8.146395684566796191461435228121
9.572880843096532643698992615100	10.743783758329159994104884390254
6.995754480237081907034735195339	14.336923649259430746383259247523
8.134583558644548517690964217763	7.278453040839097276659686031053
12.039569959748469329952058615163	7.313578313626872606789675046457
6.778426469798132458777217834722	9.562010334651885656853664841037
9.079098032024479181245624204166	11.085307038658203993009010446258
7.016199917374433603356465027900	8.760863415196249448513299284969
12.497743253231725191199075197801	2.524365120707237952757395760273
11.142030172179671509979925758671	7.302728697960080950224437401630
10.628972179389508667668451380450	8.728946506701486640622533741407
9.118823242519757954482884088065	14.541163510327681507305896957405
3.143975237225278274166839764803	11.884627974754549128988401207607
9.172913399643427112550853053108	12.584171247524563952424614399206
7.873485668836114115265445434488	6.280526852425403205870679812506
10.873993162578516447069887362886	8.570352412818575515984775847755
10.299099503511312647674458276015	5.652570481993560491673633805476
10.167228136677380234687007032335	11.322152028148520841455137997400
6.798357371212577326957671175478	7.730181458429864704839928890578
5.149543042758674360470649844501	12.130801576789240314724338531960
6.376964755535771800509792228695	4.891728042691526390228773379931
10.365983738762635013586077548098	11.640083103299021516363609407563
16.000651198639676664470243849792	11.784674751995918740021807025187
11.348805481053151567039094516076	7.660959708012154756318068393739
8.708518143239849962355947354808	10.486475252225957888185803312808
13.397369964482022552942908077966	6.370489321079206845865883224178
8.936481758323397528442910697777	12.282695713109372803728547296487
8.875205095896269824606861220673	13.323650397631885411442453914788
9.231124844230958359503347310238	8.678053128350677880575858580414
12.718191453741289009826687106397	10.697983501844024800675470032729
12.659052282777555120674151112325	10.470443940903082946647373319138
10.616311618917919190607790369540	12.011959355847533714722885633819
12.421434908213949910305018420331	9.778837184016486716586769034620
3.277230971392430358690717184800	11.343636050552033722738087817561
14.722270769586286220942383806687	11.075189366718861450067379337270
7.241612800759153145691016106866	7.097632811176975309308545547538
7.492206573742782538261053559836	11.406021385198897633017622865736
11.074782554173633997152137453668	4.303493724203455883525748504326
11.949502041023210452408420678694	8.466883576902805685904240817763
6.935311553274836171567585552111	12.940120079665176078265176329296
9.466669007687906756132178998087	10.088830984312691541049389343243
4.077397464636207224941699678311	8.441157656572951140105942613445
9.388773614037242865038024319801	14.972287264466901390846942376811
8.613907211129230745427776128054	6.919451144075223325557999487501
14.305191899026901580782578093931	12.004006381505387679453633609228
9.345185358025148048000119160861	7.209865338299081827244663145393
11.469751596718918307260537403636	11.059041319907171541103707568254
9.136012505686597506837642868049	11.283389031739812224941488238983
10.744937389503165903192893892992	9.937935478356289209500573633704
11.798148616067990701594681013376	12.924107674551283508890264783986
7.619962875906877819431883835932	10.416886108727013038333097938448
6.289094975355165928476708359085	7.212767498828918988351688312832
17.638021088124272495178956887685	8.868244586155158870610648591537
8.844469613135270691373079898767	5.706593823549204635980913735693
13.324239275711873276009100663941	13.007110024056036223782939487137
12.729245236018762454932584660128	9.729201501829894738193615921773
3.019668319957266255926242592977	10.591639263987136843070402392186
12.686281510968724361987369775306	11.602387111490399362878633837681
8.697105101071153754332954122219	9.974046213462706589325534878299
13.915175477416578786460377159528	13.263873690370575175734302320052
5.544963067295352487917625694536	11.201121439333039830898997024633
11.694649614785312508047354640439	9.434038980143535368938501051161
13.296451221543120979617924604099	10.918909314476408667360374238342
8.572717894365439406101359054446	15.920508464707278761807174305432
11.801768096734107871270680334419	12.133809514600734758005273761228
17.433406937503697520241985330358	7.125368836652296700151509867283
9.581577370551535466347559122369	11.039137347707210778935404960066
6.101063401291400012382837303448	11.193687467764322107655061699916
6.881677682719429256508192338515	6.716197448641829659266022645170
8.092467620101775338525840197690	10.721407350130695235179700830486
5.946700616017007057223509036703	4.931806336070584606545708084013
8.909134216166282982385382638313	12.385542160836724434602729161270
16.891799508012667274670093320310	11.003315200757581848733934748452
4.891357432078812905729137128219	8.682805120379700980492998496629
5.104300640023246238285992149031	12.537942200343039189647242892534
5.149892334935950444219088240061	10.622117201201010772138033644296
13.300969710963926218028063885868	10.912467398302570842361092218198
6.314833968536234465318557340652	11.103398379603735435239286744036
6.299671698046292789285871549509	11.640216248217464922731778642628
14.301761137244310972960192884784	9.271123687131769486313714878634
8.061357197988504807995013834443	6.249864879897410574471905420069
10.203913857386844199481856776401	9.086893788748737321725457150023
13.955465731128338546795930597000	9.740834985086623376560055476148
7.439463791337657561086871282896	9.316061573556360997372394194826
10.351632658785248963795311283320	14.619057743315901021219360700343
10.062381617324858140705146070104	9.412131803429094389912279439159
8.401290958080263493457096046768	12.040581013413380162546673091128
5.372536876992233700889300962444	7.718782977740083595108444569632
6.900011412347554440316343971062	11.848591844461809685640218958724
11.396694646408061402098610415123	11.113141501254373721963020216208
15.551695429733321418552804971114	11.347935161906697487665951484814
6.366203036929833913859511085320	13.113295597272863091120598255657
12.772812045178124407129871542566	16.011855684688356404876685701311
4.472891595128745123588487331290	16.544906608953144910856281057931
8.688434592007906687172180681955	13.233045191070390345089435868431
15.637880164366864121916478325147	11.537262928161849728780907753389
14.084015858149520283859601477161	18.289787888770820956096940790303
8.125599712017519848927804559935	13.247952029935710527297487715259
10.007144626149532484760129591450	16.787327299297622573703847592697
5.113888638504480610436075949110	9.384254064409244477928950800560
12.317033310864129447281811735593	7.534759053981440857228335516993
14.714194528663853134275996126235	11.016095959415714844453759724274
9.434385795198185320487027638592	9.235758585123557296014951134566
17.089605646511998315872915554792	7.281956201504909742538984573912
9.291053701296181799307305482216	8.681848120055530415584144066088
10.632203275723554725118447095156	9.914823602746313468969674431719
8.432891785428846986860662582330	8.609123521499533637779677519575
9.860677018885420253013762703631	13.285126396191097697396799048875
8.835657220204366169014065235388	11.287258989295558819776488235220
7.308474230606003985144525358919	7.498077445306535082636401057243
14.314145170065467382869428547565	10.969751710378199405226951057557
14.727680978028457658979277766775	8.399211007022762132123716583010
14.780456464068391753130526922178	12.989923869032301340098456421401
8.299208856824028757159794622567	9.594131696812908671745390165597
5.870459108469295195220638561295	14.570400265340287759840975922998
16.575648611264433895939873764291	11.416566005619005252924580418039
4.381002640447384521849016891792	11.207664243864407183082221308723
11.336140717768806496223987778649	11.434571227152384054193134943489
4.848733325493157941821209533373	11.949682311362206377225447795354
13.551297272354803524763156019617	13.985545173452990752593905199319
11.228963181349676858644670573995	14.367272505219963463218846300151
13.320160186509633959417442383710	10.573244607652711124501365702599
9.954669709114661202420393237844	12.884708536536814804662753886078
7.288366610283038227180441026576	10.236106916064525051979217096232
5.011854775953345608741074101999	11.177206305711782974299239867833
3.636682934575349968042701220838	11.824977334043001775398806785233
8.001429347877081710294078220613	14.390385922373878813118608377408
11.553047159045924274778371909633	11.411185193418194927517106407322
9.304442230319116546866098360624	5.199387773672468071595176297706
2.060019231187124599813387249014	9.266386192300259949661267455667
0.220131903678832063775416827411	13.546525416059935764678812120110
11.949640391509365855426949565299	11.107578564130781373364698083606
9.571911630890703293061960721388	3.416869614848286218489192833658
8.754803308386081894809649384115	8.574189724456649841499711328652
12.384138869095217216909077251330	14.309147867029540890371208661236
7.199235151250296560476726881461	8.237179073262369755070722021628
10.875944889193517539638378366362	9.064052106760806637453242728952
6.195356903060892150847394077573	9.060864611570774940219052950852
12.304016780185138557612845033873	10.014349504042224126010296458844
10.100847409728501702375069726259	3.321091674163170193168070909451
9.146024849170485637728233996313	8.715458011984404507188628485892
8.657282272240358622639178065583	9.982654289614151466025759873446
7.143120774744504686282198235858	8.320966596850897900594645761885
11.848217239130304889727085537743	11.883465400730349514901718066540
11.269368898284866986614360939711	8.928644799130747600202084868215
11.092188157503688472615976934321	13.818304035511856042717226955574
8.309286492734905493762198602781	11.997743574768543695086009392980
5.813967258151797601328780729091	6.912046468720411951380810933188
10.315241909263770381244285090361	13.695663953859996908590801467653
12.050932935290607161959997029044	6.804721649394361193685654143337
12.734944030745982246344283339567	7.483048886373679486894161527744
11.427384285367752525530704588164	11.819022715027930559017477207817
10.809366305123534246490635268856	10.411162633393949761284602573141
8.451898573147918369841136154719	13.960548209121146356892495532520
14.285020598970982419473330082837	10.985068155290177216443225916009
13.245498730755304706008246284910	14.032534652089005078323680208996
4.437531656829421855547934683273	7.324805892656543804264401842374
10.364951526149658533881847688463	2.442371126799798286555187587510
9.932944162722746384019956167322	10.892812663756977542561799054965
15.010654395095588853337176260538	7.810329446384067786368632368976
13.088857937807407694208450266160	10.277191503406161388056716532446
8.332445616332227800171494891401	8.541383997173637609989782504272
