75
6.703587372912819475345713726711	10.397886147182486382689603487961
9.876065141630729016242185025476	5.597326283605557506461991579272
10.418288169747604854364908533171	8.167342423061592526778440515045
12.969999514317086308778925740626	2.576751328552773667723840844701
6.640168523439569980837404727936	9.635575858691135309186392987613
14.915625559480082173990922456142	8.306128503163172638323885621503
3.543868913593727132393951251288	8.075773966465627395905357843731
16.355267601373682850862678606063	9.859802386896586057218883070163
10.025142876686583548462294857018	10.911022051401737087417131988332
8.894615522205016944212729868013	9.250326581621617805240020970814
10.918092568367875117019138997421	9.595881817538085556407168041915
3.418022930707214523948778150952	9.498193686922240530634553579148
11.055560156310038522065042343456	6.626511822862219958096829941496
5.449915366185443588165071560070	11.557502689901630432700585515704
7.692007133756023407045177009422	11.366065667154465756993886316195
7.288843658911784650911158678355	15.355265376292894785592579864897
15.164577609933619584126063273288	12.127025955401226298135952674784
7.116856432189570647040000039851	6.418930121118583187467265815940
7.563478678373808605783779057674	11.356615323650169457891934143845
13.423853285554534053858333209064	4.338362069153628652884435723536
10.775785533269081284402091114316	9.919353148988417245845994330011
7.167964417333863025305618066341	14.217743392503829014117400220130
11.954663904570171695240787812509	12.720630019388508458177966531366
7.448977516241936491780961659970	8.123069621287701380651924409904
7.886607775660696262320925598033	12.684261049108325636325389496051
12.532152482752730193737988884095	11.186510418251913279164000414312
11.785109391902599540458140836563	12.036157493009575603082339512184
11.809630084779096037550516484771	13.826845986190551940353543614037
8.518711140851390695161171606742	15.376082871906397997463500360027
9.544997015556694108795454667415	8.224219206704772133775804832112
11.236194785360231307436151837464	10.548718592488850021027246839367
7.994955840145059333679000701522	13.972173865434818651465320726857
10.119354721431239596540763159283	10.006973365931491670721698028501
7.711575282136594822191000275780	11.077847591678299465911550214514
18.918905747049826970851427176967	8.859694829161757212432348751463
5.655808712572963692366556642810	14.711051352916165058104525087401
10.888672958935332601981826883275	13.931086906962894644834705104586
7.891305979646195289944898831891	9.047895612777576701546422555111
7.441658898766299046201311284676	6.813598013290079080661598709412
12.527279372772762044974115269724	5.343322086142622495685827743728
12.678832814063643041890827589668	4.645311968053879247975146427052
7.367761832332608840090415469604	10.489025414413111647604637255426
5.978332292299490369202885631239	6.647586377265973567318724235520
12.427486791504239960204358794726	12.101154174544634045673774380703
6.811870062589512997419660678133	9.204567175064349626723014807794
12.591138962140679069534598966129	9.761731160348793068237682746258
4.609345859744728102214139653370	10.860584120033626831514084187802
14.347690197908649523128588043619	8.470874824078126863469151430763
8.279994297413731274559722805861	8.502197615622691273529198952019
13.490005826842866198944648203906	11.150644587232575233315401419532
12.002114589223017659946890489664	11.720781327270719529565212724265
6.197278587960434848014301678631	7.917746292355666959394966397667
10.439768608613659850448129873257	9.798150383239605076823863782920
11.018266704001673517154813453089	9.723313704660100142973533365875
14.028600015833738723358692368492	16.480678999390555361514998367056
7.916114341609305604663404665189	11.052491470872610079823061823845
10.400956234173026615508206305094	11.787431777885025496743764961138
9.047930157111466087371809408069	6.831116942504937838975820341147
13.698462926959244612135080387816	9.345743506873482431274169357494
7.635854899965489828161935292883	12.462859811134409326882632740308
15.922247812720312865053529094439	11.339884325602803016863617813215
9.307990752337074624733759264927	10.025782169800370624557217524853
11.808061144701410327684243384283	11.798405000731344571818226540927
6.729879976871560920415049622534	6.636801219953181174560086219572
10.646759429270932884037392796017	11.901844938426926034935604548082
13.504508529879352352054411312565	6.595608365039586473699273483362
10.835633525373685515091892739292	10.341303783503642321761617495213
7.073517093417407863853441085666	11.553799484048580481498902372550
6.840044707543132318505740840919	7.421026375763497107129751384491
6.597994190192197905275861558039	13.267230917868680251103796763346
7.903804619018713673028742050519	11.583831625184572544640104752034
8.777200622220798109651695995126	10.095218612956097459232296387199
9.290655818130565180013036297169	7.533145904965236283601370814722
8.256927893803448270659828267526	5.442643358055491376035206485540
9.272108045194094927410333184525	14.010945674948610317755992582534
5.513399486574259711346712720115	11.577560997474925841288495576009
13.402830104030883262566931080073	8.710527017764585266945687180851
10.565775112506411659296645666473	9.089059748784780623509504948743
14.084803197190463919241665280424	11.337284142744286086212923692074
3.226382199515437587677979536238	10.627328907367431298780502402224
10.216685860569223009974848537240	4.016790355480888585759657871677
8.569389612757232654871586419176	9.075769603377855432313481287565
6.906107714848047862687963061035	9.936038568652822533522339654155
8.272563181950744137793662957847	8.192675508026844966025237226859
16.769319922429545499653613660485	5.788757669412296635869097372051
9.970893092655344958075147587806	5.707090955720628855374343402218
9.224172032398477938386349705979	12.752145451533417386258406622801
10.595124308159258319506079715211	9.888167408716990181005712656770
12.039057040405246823411289369687	5.025052819626875333369753207080
5.198085880032815353501973731909	8.468609307618873316414465080015
13.839626796999953128874949470628	5.359248732980606888531838194467
12.750575551521077244387925020419	9.214903827899616928220893896651
12.190760958581135398048900242429	15.877653460252352246584450767841
15.103554422977367721614427864552	10.704977919500556993170903297141
9.357759507439572743692224321421	7.641470946561667254570693330606
8.589598056166884987305820686743	7.632729169456463402809731633170
8.099402609972626621015479031485	7.987828565233559885427894187160
9.735880227539002618186714244075	12.144702829350226380711319507100
8.437469871087539985410330700688	9.853894165973555274717909924220
8.337577462232310665513068670407	7.007274430023918476706512592500
10.599228509867705483316058234777	6.042042711935367904629856639076
11.603188280430158485501124232542	12.738966080986857676293766417075
12.608295430853154073247424094006	12.219541707544616215841415396426
12.010190117680455301751862862147	9.525711550986788012096440070309
7.673537163868523691689915722236	7.081643439416686724996452539926
14.189680435725897211796109331772	9.347436377491103343118084012531
12.040563620076691009330716042314	8.046312673175105345535484957509
6.319701442358653054043315933086	9.751085921487939955909496347886
6.479840189994179766586057667155	3.017543638005462103279796792776
7.753245926855026226576228509657	12.668439871207491265181488415692
11.128032152538780863437750667799	14.468357631166787413690144603606
7.801464863031056573561272671213	10.905565076220240072757405869197
8.925725687665774898960080463439	15.206063455188253641381379566155
10.650919724675336652808255166747	5.551017497720331483890277013415
11.095746096208831232843294856139	7.631987477237282213593516644323
4.787329501283169364000968926121	7.407323613857566435569879104150
9.302893136933828799328694003634	10.636816819136344136609295674134
5.603448487883099460304947569966	12.094078306649427290153653302696
16.128331165628136290024485788308	7.552408661386989408015324443113
7.643474438856759256566419935552	14.566620260314738999340988812037
11.888201046891220258316934632603	8.586211099104421151650967658497
5.757147162614959512438872479834	12.154649458885510071581848023925
12.675344765566363136599647987168	11.097170891066591380536010547075
7.808272427184484776319095544750	9.991851545667159939512202981859
15.046192816009710924163300660439	12.881295526016694807935891731177
9.451525771947341780787610332482	8.733328021809246166640150477178
13.634270649680868103814646019600	11.188346806153267820604924054351
10.474807340837010372069926233962	18.818453958078734444825386162847
9.861308629269522896265698364004	8.250446822344613906352606136352
8.787300694494675212808942887932	10.183012224465768369441320828628
14.012408795957888685279613127932	19.629036652176122146329362294637
8.757405849545319753701733134221	7.413164383826918779618608823512
9.511372574307246807734372850973	12.564133097615558298798532632645
8.127738892151999294810593710281	8.581272746556470210066436266061
8.092267807989165007143128605094	8.620387288881868670387120801024
11.521898933933586661737535905559	8.437469409500767625331718591042
3.840225901227403149107431090670	13.751574257829366487726474588271
6.431654334531742733815917745233	11.301454309308088141960979555734
11.961757196297345018365376745351	12.337653692274271222117931756657
7.229836679601206128609192091972	12.571167173840875008750117558520
8.246643087056261478551277832594	6.988079917356589731980420765467
7.121445917662071245501920202514	11.106930923413893097517757269088
10.224924796284927452916235779412	8.032925316617779643024732649792
9.507196518011218344668122881558	12.502175646135164299721509451047
10.001711349991650124024999968242	8.674822022854044689665897749364
8.106943967913048609830184432212	9.054969282820733766925513918977
3.913765259834702359142966088257	11.035268622453070719302559155039
9.945942836176625334587697579991	8.769375645066496360868768533692
8.912572711199931774217475322075	8.858386367008099782083263562527
10.792884196359368687012647569645	10.583662216489459595436528616119
12.526344467125424486653173516970	4.225786645801799856769775942666
10.281330240309166867973544867709	7.014181884616074391658457898302
10.969575309257093564951901498716	12.772772258425328928410635853652
6.636769909078021001391789468471	13.249118648387375074548799602780
11.906268231485794828472535300534	6.395315831111769711014858330600
13.617923645281349465108178264927	6.931855667477486271366160508478
8.407088192451389829784602625296	9.891329443113869857029385457281
10.608657522213194468463370867539	5.867900995030662869567095185630
5.943126943212185153697646455839	10.680295608550492758581640373450
10.590934780428277406372217228636	5.416126666022348601359226449858
10.684809466288283985591078817379	10.111249486595561108970287023112
12.412090140157904016859902185388	10.981334213762286466931072936859
8.306249843995265891294366156217	8.890855725861978697821541572921
6.799496436181534875231591286138	9.320888851879976400027771887835
10.394097419180125640991718682926	7.812715827744641572394357353915
8.101157806984808473771408898756	11.270651925973158569149745744653
7.356959070615266327308745530900	10.220426735773832760401091945823
9.666329223133791614941401348915	10.708384811100799538507999386638
3.888832776961353321354408763000	9.696231563363280514522557496093
7.704122790965451272882091870997	2.683396902333116784689082123805
12.346703454005984568198073247913	13.060524130321033098312000220176
9.333217681887809646923415130004	10.333050280048619029571455030236
10.389262114400398928637514472939	10.944100764878061937679376569577
5.243868609642023059791426931042	8.177341854029274159643136954401
9.405082222246022638501017354429	10.608855726489109017052214767318
8.842798762564132886154766310938	5.634151688719976291963575931732
11.937812501345229421190197172109	6.292367750744309873311976843979
8.239343623304325348044585552998	7.857638136984444798827098566107
6.668816140278415183217930461979	9.014440915450203206660262367222
5.505673948777088710926364001352	12.338333893179193267997106886469
7.864774143264440020573147194227	11.265641806361234245059677050449
8.475016312518713235135692229960	12.583949837490497003500422579236
10.249739747956921220861659094226	8.413046634012557589699099480640
13.817663355272282288410679029766	7.000628912709652595935949648265
5.617279042914918640860832965700	10.908068920127799827923809061758
7.806170535873019566963648685487	12.383848080066471197824284899980
13.861189059779311705256077402737	9.297101074051726143920859612990
11.481059152272599988009460503235	10.986855281310818455153821560089
12.515984836866529406051995465532	7.217144802206654219389747595415
12.810934481258795969438324391376	7.378218672918936960058999829926
7.970795486017336450856873852899	10.638819590821595895135942555498
9.905100163164339832633231708314	9.644654601825394024672277737409
9.941167047487880381595459766686	9.926319966286555995793605688959
8.188923306158093495810135209467	10.517624359689746071921945258509
10.070352989836774071363834082149	14.518040359192273314192789257504
9.238438243949904205010170699097	7.187707575266788495582659379579
3.152094248832916889568878104910	9.671052389756978229229389398824
10.306221331559129339439095929265	9.967672614775345607540657510981
8.524204147701578193618843215518	12.963457061467476449934110860340
10.621549660732926056994074315298	10.100736514671824650690723501612
9.869222512152338921964656037744	11.664357207632892965420978725888
7.114165701964089372211219597375	12.439224748498924455475389549974
9.524890983780306186190500739031	8.434924877971385015484884206671
10.669150561504766372422636777628	11.333943754514628210472437785938
9.746174620131229815456208598334	11.260940794446906210168890538625
10.194802146629060146665324282367	7.646715788965930293841211096151
6.116080241290148045152363920351	7.309671167164806249161301821005
11.717423619222277153539835126139	11.005946400462990553137387905736
5.463384704779391753959316702094	13.320254985254443624853593064472
5.016760404358020508652771241032	11.406927992310752273397156386636
13.913403821708522301037191937212	8.083081858011782472317463543732
6.587844342617734660905171040213	13.628095825171882893300789874047
8.416013643688636136630520923063	11.171924661027967218274170591030
7.290863806567884353171393740922	8.106996541339546169524510332849
9.314793992950617607107233197894	9.582056240837980354285718931351
8.288766053186391147278300195467	9.930105975022346598279909812845
12.638592106520464497521061275620	8.858676614066073540243451134302
12.609575892236698280157725093886	11.623139608706607006638478196692
12.747040759777096496918602497317	18.288903446373467431840253993869
7.678185305187535725224279303802	10.262508145613249865846228203736
5.458187440806850254659821075620	13.815931609820616188244457589462
8.308892507280630113086772325914	9.531687280312160837070223351475
5.444572688236369195635688811308	9.602634329515630895457434235141
13.382980729622527604760762187652	12.262469766099437507023139914963
12.603647193620446387285483069718	5.498328196172855619749952893471
13.421305064965036280000276747160	9.822109652886705788432664121501
4.111055612054769881069660186768	3.266404119532193561781241442077
13.143101631587599698036683548708	16.806390290267025022785674082115
14.989570270590057532444916432723	6.026745159739444801516583538614
9.963265290608909197089815279469	8.294669872019579059951865929179
11.116909411351995728978181432467	14.074407149254133386762077861931
10.839336917628994427786892629229	14.924727588522234356105400365777
13.156102992289152808780272607692	4.335450425811191443870029615937
13.028098602502890202003982267343	7.304844430925854226188675966114
10.611602296117382593365618959069	10.999731511558417551555066893343
7.693422705393459182232618331909	7.460045537292580242194617312634
9.655532154466396121961224707775	11.266967012047999219248595181853
6.718340950617083251472649862990	14.680818251168608057355413620826
10.371654837068374988007235515397	12.189324766858934623314780765213
6.683742812312438275057502323762	7.117895568438475706329882086720
9.225637479886776404214288049843	7.377996911631451659729918901576
9.302704651496400245491713576484	1.417006706239265945157512760488
10.682606604986192522233068302739	9.762147256985056031908243312500
11.409008424827643324306336580776	10.750408509384282496057494427077
8.475447771244921213451561925467	7.571617051252626851010063546710
10.746319213468561670765666349325	14.844470679460549433770211180672
13.101770115669783223211197764613	10.228072054742044727504435286392
8.989278868943117117851215880364	12.137871740024568367743995622732
9.902165153467338498671779234428	14.550435983514798721216720878147
8.687320275558185755926388083026	12.557581646699448540971388865728
