75
12.107793595127519736820431717206	12.600986281282532175396227103192
10.401969022166925427086425770540	14.168212390703647685086252749898
8.315486520281508475704868033063	5.192540333000633445692528766813
9.518534991997121608164889039472	10.315764086375867947253937018104
8.402642721876038223172145080753	7.515727741291465591189080441836
1.224581654819483222951248535537	8.217187327015148312625569815282
11.264666356769248878322287055198	9.055284613506827895434980746359
7.874398293627075773315482365433	13.048838474358335659530894190539
10.604180081633497678694766364060	11.984280045669997605273238150403
11.743077416414338998151833948214	6.528972920424807924177912354935
15.900072939424847007217067584861	11.594632958890585427980113308877
11.199111305140647232292394619435	10.215948924611739201395721465815
12.096913868765691191242694912944	7.672595760271774700811420188984
14.598604346047004298725369153544	14.168110435664351243190139939543
10.751337131838290872565266909078	8.431289437948993992222312954254
16.012981535156693979615738498978	10.750599919928378156441794999409
13.730165941862921386018570046872	12.229491849113424351003232004587
13.549710236442830790792868356220	12.771337375714963968675874639302
12.121198660278084346941795956809	9.028249885267756624784851737786
17.444863507960256754358852049336	9.001150998427533522772137075663
5.152528961291610976047650183318	6.899807517854703142745620425558
7.480810068622961495066192583181	9.170206390695771148102721781470
3.827947380565312140987543898518	10.983227372991207104746536060702
8.128419512648498823637055465952	16.016605699844507881834942963906
9.300539264767976987968722824007	10.593899370886600053154324996285
13.890217504427180728043822455220	9.511050263819326389125308196526
13.540530697994023867636315117124	10.122111402972526761345761769917
8.717935768295838272479159059003	5.007270124998376203961925057229
12.637809447614463564946163387503	13.952214430500806230384114314802
11.854184667215138304641186550725	10.685557076137584431307914201170
6.985690114286690288736281218007	9.297683581605181046825236990117
12.946364382797483472131716553122	8.694202838047210946115228580311
14.586205220501071266880899202079	9.803073096870793534662880119868
11.914263851932560100976843386889	10.152775234424289863000012701377
8.431258136813534420639371091966	11.697444919857325373868661699817
7.815230314195419580869383935351	8.196205499972286645515850977972
12.362017071798355516420997446403	10.959087572268439103595483175013
7.237357845372894615820769104175	6.777948661689545239994458825095
15.184050769218398357907062745653	11.368030199842776184482318058144
9.263012652770513000177743379027	9.039654332907087308512927847914
11.779124171022633760230746702291	10.088232657454378582428944355343
2.625046879384307363380912647699	7.755846482186993462448754144134
6.826184596310594265844429173740	11.660689966492393310204533918295
10.454543215202878769787275814451	4.278827222454447465338489564601
13.200206220449521410387205833104	8.549347032791761336056879372336
14.426034334742123377282041474245	10.248101990337037392464480944909
6.937578368841048614967803587206	4.819593225731479080309327400755
13.768088866783871893062496383209	9.918636146426070610004899208434
9.455834971138662226053384074476	8.652800153661020843287587922532
11.854677010847098017620737664402	13.253492867887915807045828842092
10.705434574120525681450999400113	9.085483195165339864729503460694
7.135266218249399550188627472380	10.533426032445415643223896040581
7.119167688700236418242184299743	9.400449786561271281470908434130
15.003226760279865459324355470017	10.744553135880988037342831376009
10.743500753431534988635576155502	9.207197370169723171784426085651
5.118644128867019915674063668121	9.294981245358309607240698824171
6.904231431509676220059645856963	15.260680391267896993667818605900
10.985273221070565696777521225158	11.137380446206933015673712361604
14.246228650058885278895104420371	15.743746375803942427751280774828
8.633255524277377190855986555107	6.968687503372172464821687754011
9.151535141169677700645479490049	10.527953127309023884095040557440
12.816625993340759137595341599081	13.572485885759085988411243306473
3.324531641488750910440330699203	9.476113243398932795003020146396
11.318905803352405925465973268729	9.513272142096221628548846638296
7.746306751953644820218869426753	10.019945555728348551838280400261
9.439359483592395960727117198985	11.430628560342020350049097032752
12.203584473309192048873228486627	11.735022676795761498169667902403
6.572567330084216230545735015767	16.066945482408613088409765623510
11.262807876514196792072652897332	6.202959768288094366539553448092
5.318345950439155700451010488905	16.252012142844730391288976534270
12.283600408531668790601543150842	5.328590084143317362475045229075
8.956936113722512970980460522696	4.747665446711667236456833052216
7.925337070287999274853518727468	6.305278338553607753169671923388
9.952615353793150987371518567670	12.639608591741874121794353413861
13.213854231597073507487039023545	12.337461747484068652624955575448
10.514708516729351472918096987996	8.351352002802341800702379259747
12.748407063001877759234048426151	8.599248016626670931827902677469
9.196347441951369106050151458476	10.037428250001978469185814901721
10.150651630898106958511561970226	12.090634069463741084859975671861
12.758006513410245830186795501504	8.707757629362850693155451153871
11.262036859796614507445156050380	6.560588496037455641385349736083
11.233811497358340503183171676937	12.792657144966867122093390207738
11.187641948499964072993861918803	11.686620390024325288891304808203
6.571341690817700254001465509646	5.926034946974096051519609318348
14.010402581558844659070928173605	11.304155452400507897436909843236
12.612296297884991957971578813158	9.947586012041480074685750878416
6.705992693112746039219018712174	7.016883725464661658577369962586
8.034812877205906644917376979720	11.653086467639353074332575488370
8.504633428258891569839761359617	14.419749473080141655145780532621
9.505509684945822712620611127932	9.766358713407191416422392649110
9.158138768419012976096382772084	13.090109814076164695961779216304
14.757243966504576704323881131131	8.931040369688229674238755251281
8.696586910087964028548412898090	13.857847405673824781047187570948
9.787322085238971069998115126509	9.417221532156137442370891221799
6.489366966212785747813995840261	11.268924922797303622701292624697
6.874694567875266670853307005018	6.251041313798160636849843285745
13.216108358693805513439656351693	11.443336047875229510850658698473
5.985343067093038094128587545129	11.701076764382273509568221925292
9.967859280137027155888063134626	11.424151242876567025064105109777
6.300403067485428998395491362317	13.061992061770959949740245065186
