75
11.749632009154595380095997825265	10.760032674538264174657342664432
2.754256232999808595707236236194	10.870272084684295066381309879944
14.551347037364230629918893100694	5.647426418295188987883648223942
10.329503609698278410178318154067	11.264746288542790253472958283965
12.504696595003180092930961109232	8.130841127304563542566029354930
8.435308092489670173108606832102	9.083153113405506573485581611749
13.595128167402030783250665990636	12.451949599809385205162470811047
8.356623989398556773267046082765	14.319861191585314230678704916500
13.010830056122909326177250477485	14.039255229024183435626582650002
9.021309337618426127392012858763	13.196441039463664424147282261401
12.665506507764600740983951254748	11.238160093207772760592888516840
10.822424325660444210939203912858	4.763597274407347370583920564968
7.970223602662714235123075923184	10.500076903230306513137293222826
12.822466717016256509964478027541	10.687704766530726985251931182574
11.134720558509771493049811397213	9.761352264751648633023251022678
9.322087325650317168879155360628	7.138193249530952577686093718512
10.734574344456044414641837647650	11.904914363762014062331218156032
14.312252204239161557097759214230	8.472067279771492209761163394433
10.360215115521826945155225985218	5.734136831968672964876532205380
8.430163759034737580577711923979	9.850102190039599747706233756617
10.654551304990423687968359445222	12.305429313284369285952379868831
10.564901057256717464838402520400	12.490208374887314946022343065124
10.156442616932507050364620226901	8.003811837587390343173865403514
5.338434000807120050069443095708	7.488942183779610850535846111597
14.661454925861690412602911237627	4.082114736994689963012206135318
13.721834499190055822737122070976	8.291173726678170652348853764124
14.866321676973552001754796947353	11.315447049497139531126777001191
13.851588047742309228738122328650	8.588459191031803996452254068572
12.750132037812951679711659380700	13.571153678186352209422693704255
11.522814737804393914188949565869	9.477988832784777883944116183557
11.939292892817178426412283442914	11.714372773110543590746601694264
8.852472990724068679924130265135	8.131397589237634448977587453555
9.945533819937569575131419696845	13.163986072721929332374202203937
11.199839967561713294230685278308	9.709824183532218100367572333198
4.887894120812491749461514700670	16.746342381811587074480485171080
9.613481035124186391271905449685	10.175761817520898588895761349704
3.419946090486611911529735152726	13.096330500014614628412346064579
13.532983381985308923844968376216	11.220669183866451845688061439432
10.274721878514357698009007435758	13.130191766572366418586170766503
14.534252808410085933132904756349	12.628575772792190790028143965174
11.611448064663937529417125915643	6.596829479694945597145760984858
16.140517211890454518652404658496	9.623577466420881521003138914239
12.822731120293420659095318114851	11.591707181086432498773319821339
5.838303615392085532675991998985	15.460684835735660769273636105936
13.406051092010843106550055381376	8.576370850200119022588296502363
10.734962469012971908455256198067	14.932094228205240682427756837569
10.970444093228243431781265826430	9.648043480923648829161720641423
12.377256887450535316474997671321	12.327279874533299874883596203290
11.368045623583679315515837515704	9.039052915747150862557646178175
10.263968615904271786121171317063	8.749619554534641352461221686099
9.075774405846201986491905699950	6.662341920940423989350165356882
11.073312666023808148452189925592	13.481585460874301318767720658798
12.289369735550907947185805824120	7.511547028662020508704699750524
15.794276832367771135068323928863	8.851845205302531383040332002565
10.575036565081935790999523305800	11.788475463639439766438954393379
8.665783535513270408046082593501	9.059207811220504780180817760993
10.444952043039490874321018054616	9.708132581380764847267528239172
8.043113997736657694304085453041	14.292691215201498877718222502153
12.306918371183238392063685751054	11.042545356940866696504599531181
9.049137508008756825006457802374	10.744088443127710164048949081916
16.357468333423270223647705279291	13.927123390185975893018621718511
9.430597112370323387153803196270	7.294355981066364513765165611403
9.945170609433226616147294407710	11.493675778771008211265325371642
8.215147774177612660650993348099	11.203113200998098264449254202191
8.492965091729667292952399293426	11.378013639701281434213342436124
8.240634223503763067242289253045	11.576523640430663064648797444534
7.775440579156300380248012515949	9.760645660130059297898696968332
8.943275962472659657009899092373	10.933883877281839858142120647244
16.371528702903709984184388304129	12.387374339213998553077544784173
13.465020637702195926976855844259	3.924169437165994089866671856726
6.352480224333406866321638517547	10.927871646589210286037996411324
11.914115883955442853903150535189	6.945551082442457335730523482198
9.371831383102518842065364879090	14.125505153814952308266583713703
6.918370827152017454864108003676	10.041870762652683524152052996214
10.522117986368513697925664018840	12.788527462296039871603170468006
11.018435168449272509860747959465	9.133098867743296267462937976234
10.285303850198701525187061633915	14.386253658636068308851463370956
6.201725652019267620573828025954	8.624432073959212630143156275153
11.720872144909030510007141856477	10.791335748322810061949894588906
12.107728533201298048993521661032	12.149525131539865796526100893971
10.218895787804845198820657969918	12.052820465565803331742245063651
9.102844180245362792902596993372	11.141216139294556342065334320068
10.175169124062129810681653907523	9.043644437966561255848318978678
11.957499683235420562255058030132	9.576429463953177290136409283150
9.023717152943948605070545454510	7.656764064948546000266560440650
7.723523212818465211171314876992	12.943318107802713967657837201841
5.430107196723422013917570438934	10.820147436240429072995539172553
10.450359630167461943983653327450	8.425646789664975599976060038898
10.210184673985407854956974915694	10.351507377666861131615405611228
8.655503076525983274791542498861	9.097019966221115083726544980891
12.574384629608521990462577377912	13.030337893021961548356557614170
13.592086863409591046547575388104	7.880922392257679653937429975485
8.203208074488900436449512199033	8.969449473111238191336269665044
6.588817341188954124220344965579	12.370917619150594290999833901878
10.247888070317937803110908134840	12.160479741565533018388123309705
11.327957578208343036862970620859	12.058781160293637668701194343157
10.412178514251936078949256625492	14.454895338835470397498284000903
11.642829363002899611956308945082	8.024040232431222108289148309268
11.564764405404897473772507510148	12.065220764357176719272501941305
7.851627097450229797459542169236	15.828195981117918478275896632113
