75
8.697806390387807340403014677577	8.484864387497607296495516493451
9.393894558601006750109263521153	12.911259292813033638935849012341
11.002671593321046827895770547912	8.447861874186392228125441761222
4.305121957697740420201171218650	9.768919879006229933793292730115
11.398580609688600873141695046797	8.194013713823636635424918495119
15.953099222031710269220639020205	9.836958243745963059723180776928
13.194648119160454768916679313406	11.512992825818898268153134267777
10.362252685921674810742842964828	15.642443294484218441198208893184
2.659477924701323381384554522811	12.558913794592475809963616484310
8.948462737245145959263936674688	14.918369999424841765289784234483
5.990237992776127562422061600955	11.384166308672590162132109981030
14.749837224174939365184400230646	10.839294993710883119319987599738
9.011389308322138802509471133817	11.009847982062632709698846156243
11.216354368281157505293776921462	11.197010009398347563092102063820
10.816232205798216980952020094264	11.763457788112393842538949684240
10.309061391422037701204317272641	12.038113846302513465502670442220
5.357659361084738947056393953972	10.680116577767064356407900049817
15.683027312660410501621299772523	15.880668216815308824152452871203
10.692897849366882923050070530735	10.339593625233229445825600123499
8.672917161368225436035572784021	13.888039857554977274389784724917
11.938823639425782729972524975892	14.592583737156349599217719514854
9.926621818181773804212753020693	4.660971796206245798543932323810
7.620129088738467615371519059408	4.729565301084782014129359595245
6.375854120845348305124389298726	12.068303840563414652820029004943
9.842136861626542554404295515269	6.290633251209088783184597559739
8.921127280020662908555095782503	14.340110477161561064463057846297
10.529630607932503494339471217245	9.957190719585156557513982988894
11.063885961076124431201606057584	10.653508024217909877506826887839
8.825043614811784564722074719612	17.308802660615796753518225159496
14.495889340052853455631520773750	10.246059348856807247329925303347
6.689752463329170062422690534731	8.459901245298951266704534646124
10.627467263704316380312775436323	10.814599866551446893936372362077
7.197601231121540266144620545674	12.181670246629224152457027230412
3.804774602548783413169530831510	8.240043694311316002654166368302
7.305304569640569845034860918531	12.760099367079938303959352197126
8.632637316219856415955291595310	12.652988969503031313479368691333
9.288616800486966695871160482056	13.384409726018191122420830652118
12.564936338018730666021838260349	5.635544429850530612213788117515
10.169050167930910433256030955818	9.307841126039548385051602963358
12.318163779802299373500318324659	4.387242756539864174669673957396
15.195537724439148519195441622287	8.495097859071430335120567178819
11.386328504310613496386395127047	9.300260325851169795896566938609
7.911035423481909134579836972989	12.120062102666278036622315994464
6.635407768379786297430200647796	11.665567917002475084586876619142
7.400901968420125598413505940698	12.039947020444627057145225990098
12.780786784410834044933835684787	10.994370084768627648941219376866
3.461117986782266342515868018381	5.802129480757092672149610734778
8.200034785866098019369019311853	10.168977938719230280639749253169
10.703507853632084234618560003582	10.397059378539854179734902572818
10.274896287004004591381089994684	13.464681396078313824204997217748
4.346045020018433291397741413675	15.116351392589653102049851440825
9.865736493332716960935613315087	9.869169408453563718808254634496
5.365051771683743808694089238998	7.691164977284525861023212200962
8.701759569093292512320658715907	9.975206513576663880371597770136
7.956732166503319270134397811489	11.854178174731849537693051388487
9.199023999414871255453363119159	5.215190897775637601796461240156
8.471574590356787837208685232326	8.464759865137573058291309280321
5.078150756508135188482810917776	9.795044730632405105552606983110
10.664737825447190289196441881359	10.016088462000197978341020643711
9.048211573189600898103890358470	8.723444149864116425874271953944
0.917142842535020097471942790435	11.236831376828071427098620915785
4.298106726523320375576986407395	6.365345341869058870543085504323
8.850753495942225157477878383361	11.162519295127642848797222541180
14.601774216920571092259706347249	6.269154883510242193267458787886
9.920327196258694968378222256433	8.691954544643490265798391192220
9.378876889410502570854077930562	5.285184050183054260685366898542
9.769534451985565581821902014781	10.231698258190130346179103071336
4.578220519366355212298458354780	5.442693600663359276836672506761
10.942460637826501468339301936794	10.701139001509359260921883105766
5.308253749125513287765443237731	10.534967273863134806788366404362
8.695183487901978480749676236883	13.358814380687912048983889690135
9.152691003486125964627717621624	8.895260296111896280990549712442
11.234916587173838564694960950874	7.390811090529694205031319143018
7.647129373594307111261514364742	8.245991082439113384339179901872
11.112338910379508050141339481343	13.758229669772607195454838802107
12.971696553781358218770947132725	9.208828478027639263814307923894
11.117073961484882360650772170629	5.723319875891970553993814974092
7.768943702318187760624823567923	14.795334368650221890106877253857
13.385825461124996493822436605114	12.565129128451344442396475642454
8.917918583332665960483609524090	8.716927314466545340110315009952
12.914722112548842503088053490501	7.422062806236195520170895179035
17.232896084865092944937714491971	8.592675354086614092352647276130
12.267976261644424340602199663408	9.395160818364935551016969839111
10.744707880054653159618283098098	10.639783078860652665298403007910
13.861601800725734889851992193144	7.124556042102756947542729903944
9.479881925292973576802069146652	5.985310396373290764415742160054
12.398622866905878225907144951634	10.286729843201122491791466018185
9.363412063351962189017285709269	5.320411753910924801402870798483
12.216042587169340549735352396965	3.826936224317346812995310756378
7.986335868886806466093730705325	10.277411649239930113708396675065
12.470221974665255615377645881381	7.551679457968520914334931148915
13.623879092234600918231990362983	10.203180959939116334567188459914
16.739597609047294213269196916372	5.982490312705518675784333026968
8.887618771665529493475332856178	3.013988555634352195511382888071
6.648936947868365088254449801752	9.422602735844627375172422034666
7.519817195673744514294867258286	8.948303203913640757605207909364
11.986095042960128509434980514925	14.786240438902982674562736065127
7.919801630154905680569754622411	5.964739102737656395447629620321
7.960592585269876231279795320006	13.875391908752661151993379462510
8.162524751448239967999143118504	5.694820172530435264945936069125
