75
17.545820466639895585103658959270	13.773858402280250601279476541094
4.728679351674609954159222979797	2.465442727282999957338915919536
10.802183881625319727959322335664	19.542473097779865298662116401829
8.304098705379102440815586305689	7.103262754442305038082849932835
7.032490654068621616090695169987	3.438143237685155284566462796647
3.245674742817040936415651231073	15.767645399120841176454632659443
5.224802714217266164098418812500	12.453955968069880810844551888295
13.660502144120661327519883343484	9.650783103674264395976933883503
12.878583912094507368806262093130	15.940988079932989052167613408528
3.100438878542672416216419151169	1.739607654367621103475016752782
1.392584347269358868715016797069	13.169152575053805875882062537130
12.818568237236860340999555774033	10.528229104581269481855088088196
13.997064115085830593443461111747	17.257795211178247996031132061034
18.662663502596110731701628537849	15.779183585395161415476650290657
14.433714897104211516420946281869	14.531916603679141175575750821736
8.719400200123532229667944193352	13.300118810710658934226557903457
5.048976200630028721150210913038	10.888083806563280120371928205714
9.132339841267713254069349204656	18.984565488832625845816437504254
17.975672762006855265326521475799	0.989424484118381686315046863456
0.280029202247941366721306621912	2.636403456834369052330657723360
16.950272687185488962313684169203	9.817898885932478947324852924794
4.452939396645095193605357053457	12.276279812349686793027103703935
4.292441923846305407153067790205	13.595239595149708478061256755609
16.032702756289566536906932014972	15.991035649750159564064233563840
12.409528818205268763108506391291	15.617020515525744883689185371622
14.485029398407553102856581972446	4.761105347323965730765849002637
15.580021564005248180251328449231	14.877812858409317442465180647559
1.589334100695459328633774021000	6.200899441378706633543060888769
9.108144674488269032508469535969	9.043777816529129154332622420043
19.785203683513302053142979275435	17.961619292215843302074063103646
11.758445019656674546126851055305	0.448580571225800195378496937337
6.012777893283190344675404048758	3.124670282029442525129070418188
12.696345187955218491993036877830	19.164578601047082884178962558508
16.722603209917370037373984814622	16.589788399833736320942989550531
12.074047322925464342802115425002	8.505138203394338347607117611915
3.968684013017071521289835800417	12.160576961089493153167495620437
18.696798424445411512806458631530	7.958433395636768992176257597748
12.879856851403683748458206537180	9.834481861680625769395192037337
18.847434021929544201157114002854	6.958264387012507157237450883258
15.790274285817725186120696889702	2.635379709252972268984649417689
12.044949659061549240846034081187	14.774573358582779647463212313596
12.739187484536563133019626548048	9.546995553113010402057625469752
3.618452732410372352234162462992	8.530932806851277305781877657864
9.668695925979804428607167210430	3.960915777922874525529550737701
16.441771977810056171165342675522	0.657958812552398963902078321553
11.551348870415381497878115624189	5.892012687806243320665089413524
8.023788758561618550402272376232	16.655359180312810707391690812074
19.012916302316583028186869341880	6.974524891895913292216846457450
7.962714439350150996688171289861	3.129893162123859262635505729122
1.741837315148791143215589727333	12.745934100749686024300899589434
7.161178729556018751623014395591	17.772055583483957974522127187811
17.322152153807138574848067946732	7.962625561915385397071531770052
17.783887236911677831585620879196	18.203090434184233004089037422091
16.166378267358929576857917709276	11.276788957161631543613111716695
10.844769047271359596606998820789	10.764855840174391232721973210573
8.836277061072971505950590653811	9.589300775468744930662978731561
2.351221449961529152972161682555	2.395057402322950945716684145737
6.962124851829120331103695207275	17.594539813886093782002717489377
5.526277933447989454407434095629	15.030293206185064036617404781282
16.640115835164539959123430890031	15.936213517341531797910647583194
8.427476340548281541487085632980	13.730615511618605495414158212952
17.758680656920265761300470330752	7.515045361552818548034338164143
10.584850310056737043851171620190	6.813359415140135766364437586162
13.261951548825033242451354453806	1.310003352034734724895770341391
7.479354251104767037361398251960	14.057998841398619660481017490383
6.096862352218522573821246623993	8.644800442353188785205020394642
11.375032830353609014650828612503	16.817939380962744877479053684510
12.348088835294142029397335136309	13.755422520861824153826091787778
7.561335727815910345839256478939	12.274502196710031398652063217014
16.293827032328458415122440783307	15.461913995988171066642280493397
13.997556904708106984003279649187	10.413221282861586658441410691012
12.474102511640957402505591744557	4.522486318862234178084236191353
6.217968616829985251115431310609	8.902973033302822969403678143863
11.772454894976535300088471558411	0.961061027805346412833387148567
16.757968740227845216850255383179	4.748727977457363635949150193483
1.047661461747651401310577057302	1.884203018135416796141612394422
9.490370171051138115103640302550	9.431117636316249885908291616943
12.015158647009984704823182255495	13.460329305200517069351917598397
6.797421958296656185893880319782	0.378262915722685111319378847838
17.004515131992285148498922353610	10.902950526814189302626800781582
15.904538813628743554318134556524	5.397499902819352435301425430225
4.228204004465193399653344386024	15.578530552298646583153640676755
11.670332065698351797777831961866	8.769749421414800849561288487166
10.593531943136818895823125785682	7.943594292396110922993557323935
5.372343679892346735016417369479	8.585290486044348412519866542425
16.331676136301194190991736832075	0.936452461235169897335595123877
5.208454167634905651596000097925	1.572523626202447788458016475488
0.323034525158413687861980179150	10.557985436063221484914720349479
7.488890602290764419990409805905	9.004188029439038842838272103108
8.190023929872943142527219606563	5.015677145916030532646345818648
5.745047143585110482888467231533	11.574815978605700550474466581363
2.278571914150901100981627678266	5.510890872531176043480627413373
5.282126450654169858012210170273	0.200556935741991626542812809930
9.196325095126530513311990944203	7.091906238034871634567934961524
2.443676010529689524020113822189	17.517497377486371590293856570497
14.597323986841157505978117114864	3.884174513948935203444534636219
13.181892389599287440660191350617	14.531766907650785825012462737504
4.103924757103629694654500781326	14.064633444518406690804113168269
12.218233449703756576809610123746	14.461042979614438408475507458206
0.834904654046861871563578461064	6.983338624817981177272940840339
6.422373983486345139226614264771	3.335616522498862313028666903847
9.789094343569914258296194020659	15.200859993452997542817684006877
12.542876571441617272739676991478	4.415683923864762050470744725317
6.373135074690389423324177187169	14.727266438492092603951277851593
4.690599923562821516043186420575	10.820165998719561528673693828750
2.007522011407134598925949831028	19.254134757785962506204668898135
13.873958409588711404580863018055	11.325018387390182184049081115518
16.226944145990977119708986720070	9.230194313806913797293418610934
12.811480835875824979552817239892	13.366008595294351479765282419976
12.788468992556653702763469482306	11.441341716592539512475923402235
3.938674111555365175973975055967	2.739380978502631514004406199092
6.817873215998713654073526413413	15.538007825924388782823371002451
18.593071387865521160165371838957	7.567452795821249189600621321006
17.603001460083714135862464900129	9.275377651012789215201337356120
11.805421506161374978205458319280	7.639275052766707929663425602484
12.316936801180505156594335858244	12.769701614644811016319181362633
8.699514810232242822962689388078	2.045717721280320144927600267692
9.948032967968392981106262595858	13.753295916381130581385150435381
12.090820778118681388946242805105	8.187693535608813633075442339759
2.025014690020049634711085673189	5.525238524388380589869029790862
12.100726904759305568859417689964	5.221329706603299314338073600084
16.372761059296067287505138665438	14.099492720735842254953240626492
6.071859522625022265174266067334	17.643430315427636401182098779827
4.485541081777387084628117008833	2.589480180074693826952625386184
10.263383199397305034494820574764	9.585036447831626560400763992220
2.819363382947402740796860598493	14.573415016895754803272211574949
13.360692277232310232193412957713	11.634596858967993782130179170053
10.006217872484169717495205986779	5.614359890283416198997201718157
8.587196844408325091535516548902	12.255091752506386271193150605541
18.744780571305543759308420703746	9.335091225172279294497457158286
5.554924402673446337530549499206	9.565666304210248327422050351743
6.959355509955727825399662833661	12.723937580654133938651284552179
5.294339948705838239106924447697	5.103039885434323075230622634990
19.718664898018467113161023007706	10.240973433583754115261399419978
3.486130362608670374413577519590	11.997639135885371786116593284532
9.224470049785601588610006729141	2.953454056723268550399552623276
12.274317431456873705997168144677	8.256571971432038026250666007400
13.397979223267975967814891191665	10.217666710304580846013777772896
15.855069971376629212045372696593	4.593321796198784667808467929717
15.964704700386446845072896394413	3.213209732395408746441489711287
3.974436212876436336216556810541	15.306258665128764206997402652632
3.756554230336970334747093147598	11.588081012127625868401992192958
11.252194120389418685590499080718	11.533531214217285665313283971045
6.468093549182971635502781282412	5.673259593643550147135101724416
18.386746910864044224354074685834	10.069679663085393528376698668581
9.554050123622198853468034940306	4.077523712785945164682743779849
11.828240928813722021573084930424	9.621062701667501215752054122277
12.728004047333190129620561492629	10.000790401598482759482067194767
10.863194047257300312026018218603	3.438740860292873513515132799512
10.017514676990890265528832969721	11.327633101842728535757487406954
13.148052819531715229572910175193	9.395232664103106756670058530290
11.084024591817428273543555405922	13.492546425596989578821194299962
15.708508963177470363348220416810	5.720020411897986711835528694792
13.685916446356023001840185315814	13.922737714705586853369823074900
6.186529951200487431606234167702	7.974242063104991729005632805638
12.675518395671790727874395088293	10.834024249052490063149889465421
9.759950049449393816303199855611	17.028216653416638592943854746409
10.714190913030211760315069113858	9.969830019019068956254159274977
2.970080094569350848132671671920	13.048105959270211329226185625885
9.800647912547349349665637419093	6.450449576377096150281431619078
17.873811211866460268993250792846	6.454783412011917853590148297371
7.922267577516089787081909889821	13.995949316254304051199142122641
12.375722897686136647621424344834	4.085458271595443946466730267275
11.566080182179668156550178537145	17.329811704392529492224639398046
0.311017052032251717363919851778	3.743615889044143774100348309730
14.938455741028798584579817543272	4.578062519424237031273605680326
11.263832784394029573604711913504	1.996342695468314554219091405685
7.596843441313468225928318133811	0.574479339314331260979429316649
15.607008029407912985675466188695	9.634324714388542432175199792255
11.526320334258540967198314319830	9.579121257195799543637804163154
8.807091595257665161966542655136	11.498427208801025756201852345839
5.833718726744738347633756347932	7.592728448407739527681314939400
10.371298768934565259769442491233	2.739177976447962681305625665118
17.080163089254618569157173624262	10.138445139780474235635665536392
12.421674118078639637019477959257	7.584697469400276226281221170211
