75
12.736644761866472208566847257316	3.180002077481547395620964380214
5.350440938149795933043151308084	8.590960459097553680862802139018
9.725623045539398603409608767834	12.487214467049509991625200200360
7.562394815028136818568782473449	8.410894025258391693000703526195
9.516853929690901381377443613019	6.890613951388150582033631508239
2.741190752753916992645599748357	10.589601891425461488438486412633
17.769841076476964758512622211128	13.776888399548271380012920417357
3.392304771319428979836629878264	6.260121591407623142799820925575
4.395540057897001418041327269748	15.371799562812297423874952073675
13.647666628184083492669742554426	19.287764736635509166262636426836
19.233923993426909504478317103349	5.816818273396322069856978487223
14.483731508491651140957401366904	9.887846375547454158549953717738
10.055453884350201931852097914089	8.882737647944189518511848291382
17.701240814418511604344530496746	5.094104521459134282679315219866
12.450308910075897017577517544851	12.090064447020772320229298202321
9.597449202478234298041570582427	1.181167763472732445961810299195
9.450369455537126484045984398108	4.235719637626371714134165813448
15.245837421907133091281139058992	13.339674089224089925664884503931
5.783977061055082913298974744976	3.345718072292328315597842447460
11.436669449321147595810543862171	2.772423813406859061103659769287
16.178866060922317160475358832628	10.008144110823536720999982208014
7.275334662592916501466788758989	13.597974325086362057390942936763
13.286052338982957010671270836610	7.643180691033863993766317435075
7.631907914664863845644049433758	13.563289072136406332447222666815
9.933958707472759996903732826468	2.534631354933167823872963708709
14.566076465633017278378247283399	8.933201578047309965313615975901
6.839551937596132447083618899342	10.106361132717147199855389771983
16.349114655382695815433180541731	17.886417594129440544747922103852
15.861534682793568151737417792901	0.122753035321305770111166566494
10.303457167690197593401535414159	0.188448407131291961746910601505
11.638060789506354808509058784693	10.401307841591117764323826122563
10.276163414327406542270182399079	12.145357147723109036974165064748
9.873744005990156225038845150266	5.900165189433932866336363076698
8.399731732799253336452238727361	11.314336507557559485803722054698
10.185884229561057878754581906833	8.319126302843567799527590977959
13.116147513145541836365737253800	7.023705390077673804682945046807
4.556842829034692066159095702460	6.001874720936762663825447816635
17.089661482792372737549158046022	12.894894218210806613456043123733
7.762259429120933695855910627870	7.269232643236561486332902859431
5.641963751017065931137040024623	15.996435737009390365415129053872
0.160395933156828318644215869426	14.725110502417560809362839790992
8.266995313256668254098258330487	4.171500740494796133361887768842
10.523775681190308262102917069569	9.172818995343263281938561704010
9.260652718298221230952549376525	10.351578253835555187833961099386
3.955576151348867419699217862217	8.898858657794470161661593010649
11.620933768550903764094073267188	5.314918154294451468899751489516
5.935813459044680939769023098052	10.583727737220399944817472714931
3.433457795862163486333429318620	11.745850554638529672502045286819
13.268198859939575484645502001513	8.214370455573995144504806376062
13.645683877195928346282016718760	9.262459404681907315648459189106
11.649961456490622424553293967620	11.298286901595172793122401344590
10.462469043688578551609680289403	6.783094512780563078990780923050
9.212555805101017014635544910561	12.448725233507932586007882491685
5.968946675923952227549307281151	13.516825971718926524545167922042
3.273853686595429302030879625818	10.012438227158908077285559556913
7.694166573013550447512898244895	13.912414211836274802180923870765
0.126844406378691099135380682128	2.536680111264034920282028906513
10.802575212963187567538625444286	16.695056633024158543321391334757
12.407871774357701610824733506888	10.095444996660040359870436077472
12.165248658850552843091463728342	6.292382123274352423436539538670
13.560715177095936212481319671497	6.693821563060932788857826380990
9.259442138120087761876675358508	11.824916021108363040070798888337
6.261149848913991178278592997231	5.608603273862808435978877241723
15.156171512966674086442253610585	13.217425032314428889890223217662
6.535682357992367741417183424346	12.536110201594079072151544096414
9.526431139950004123306825931650	10.259852962404211851321633730549
13.283707697661391478050063597038	11.212127020487548278993017447647
3.114944883813745235556780244224	14.195964011550771033398632425815
8.063230185422414209028829645831	5.745062890471988481522203073837
5.481844609767014375734106579330	12.193748575928188060402135306504
13.406632662867055572064600710291	12.269028510005169252394807699602
7.776413350877128038973751245067	10.018730061084381688374378427397
15.158894291324404690612936974503	11.778928280398250905136592336930
13.070583335257627055625562206842	9.370190379419630843926825036760
9.865130239716547677630842372309	11.350251088289120104946050560102
8.807301596581725178225497074891	1.622573410588090681017092720140
15.870792528926481068651810346637	8.426661431467040941356572147924
6.378843115709643463162592524895	4.120557937302966600157105858671
8.581514252079736948530808149371	14.748351809386198496554243320134
8.761716688551567600029557070229	10.686899779334174453993000497576
3.314496070668565330663568602176	8.975633183557054195489399717189
16.325538470551183678480811067857	15.045627283605368162966442469042
1.524271179358703820483356139448	12.188066272564389791455141676124
19.599060575873025413784489501268	12.667203478248556081098286085762
0.540707680574150639785102612223	8.366815269077934047459166322369
13.099445287571928275838217814453	12.116315256190002713765352382325
12.635734083857560250407914281823	11.523595217020888625825136841740
4.692314275486930696956733299885	6.416825264287904673210505279712
1.755631578974850004470908970688	10.101014386268026612469839164987
5.506420961439883576815645938041	4.674434620993571876113037433242
6.902662921908635951240285066888	9.420073376082504168493869656231
0.363760910671708792563094903016	3.934062523445222225859652098734
14.114204790391561061824177158996	14.299991185583799335745425196365
2.440391604989730289787530637113	3.532344044949055295035122981062
7.627726683282065600621990597574	4.218980958429542127419153985102
14.908349603272155192712489224505	10.326761942651726755570962268393
9.828775637553123445400160562713	7.542911175671995316349693894153
14.602771950564164882280238089152	13.473241134279867026179999811575
14.552316181577639397914936125744	6.444128306406032180575493839569
7.029076399757252957556374894921	9.155587437091270430755685083568
7.697533434558503806499629718019	12.846933097474209972688186098821
8.895777323617544141143298475072	6.426496602394997204044102545595
7.082329418681248434097597055370	13.818020699313361632221131003462
8.078376516920570793445222079754	14.276537056454486673828796483576
9.643865170734674308050671243109	5.851577272341471847028060437879
7.379525388453405554400887922384	18.420699698463927518332639010623
6.898123328622362215867269696901	17.903502088356475496766506694257
8.113092886770365552706607559230	9.866786120306096918852745147888
6.733724836532456237137012067251	9.299177397055657934288319665939
18.498756192312079349449049914256	7.233278415815153294943229411729
5.521913096022787570404943835456	13.899641720845542280926565581467
8.908933677074660550943008274771	14.162654058280391922153285122477
8.233228566031266737468286009971	5.964939612578790573138576291967
7.215054607228671201823999581393	6.355278183087503585113609005930
11.712949706820255713068945624400	5.859428216268087297180500172544
9.726949180023391150484712852631	14.039855653885028985428107262123
15.027973017510786846173687081318	4.367308338915374399391566839768
3.286462211039030911763347830856	14.865522468854193149923048622441
7.627787558544467216847806412261	4.791258064425627516413896955783
12.363004491345046531591833627317	12.730006781428549800239125033841
1.916413448804328290009379998082	9.992480453558787445444977493025
7.938570677456490365386798657710	7.919965415212044668180624285014
13.352063328795736651954939588904	4.656305910004951975622589088744
7.894879720759773178428986284416	19.459212693495302914925559889525
17.412713174621455181068085948937	13.484612998922253623845790571067
