75
12.259036774976479478027613367885	11.642583443317915836701104126405
9.111831966687487849299031950068	8.988028790184197092116846761201
9.157616090653620588568628591020	12.669659012849411539036736940034
11.716606736015538814399405964650	6.535358289204684645312681823270
11.583211633347852753672668768559	13.199817554012087228443306230474
7.032376281594468814262199884979	8.998360068338188355596685141791
13.326757798358288553686179511715	11.587944319870175036157888825983
11.735068333521716965606174198911	15.193726898799107871695923677180
11.684193687706645903290336718783	13.121638126155639625380899815354
12.663478158511795257368248712737	11.761148731920995302857591013890
10.905547229241383533349107892718	4.660813626407592558109627134399
10.225412383413347683358551876154	15.105635837342626714985271974001
5.797085110364831095353110868018	10.268994611837536368170731293503
15.709251537693020850383618380874	8.856352578671206288163375575095
5.212232514979729280923947953852	8.267434899502074330257528345101
7.989151254049089878606082493206	4.946098575913154604677401948720
12.976005240840436272264923900366	7.097403669742142540144413942471
8.694028278640390183795716438908	6.750603795641533899640762683703
12.811271564695079661078125354834	8.745784588513334512072106008418
6.817335213165888418984650343191	6.350232856167599138075274822768
13.567760972380741080201005388517	16.126202484212129206753161270171
8.456362921669164478544189478271	10.113094587992595307923693326302
13.090885739228335538086867018137	13.269698737613941474933199060615
9.499735898584026116964196262415	9.376747825843455785843616467901
13.319299963380498041942701092921	11.957350643519548683002540201414
10.082600308036660408106399700046	8.952488210342501417926541762426
7.329460995415324475743545917794	10.598497121140731280775071354583
12.315054422444845272366364952177	9.110014502460007435047373292036
11.402853920915806185121255111881	8.915169688002288594930178078357
9.272379904738032863065200217534	9.875361102395665113817813107744
13.811573965263924890223279362544	10.494284807593130537384240597021
14.251758447308830568545090500265	9.545588565669982372696722450200
7.162727124472878514893636747729	11.743290503771916633013461250812
13.451545591430928539011802058667	11.520212960543627644938169396482
12.317721232904091266391333192587	4.484291895088771795485627080780
11.749430499109120518141935463063	11.520666192534612548570294165984
10.837977719879649640688512590714	9.719617777966142568857321748510
9.500309651172399227903042628895	7.903592933981985702018846495776
9.694230189086578519663817132823	10.799000814832524497433041688055
12.232223822359429732387070544064	9.837323143720418272550887195393
12.280460320683658892448875121772	10.716522014757364544834672415163
8.301832540228719636843379703350	6.333002910410877817071195750032
10.463926500265035457459816825576	10.331696323619958377548755379394
10.242588831866129339687176980078	10.580041230483686831576051190495
10.031670601032582013090177497361	4.975332285764254791615712747443
7.818762132093109329389335471205	19.168415881002641043551193433814
9.222822735598413146362872794271	4.254487301293471190888340061065
14.129700311583555105698906118050	11.546348681645426381692232098430
14.292900104557023865936571382917	5.414173798757546229865056375274
12.771274291227372899015790608246	9.488072234040471286675710871350
10.647984785681863684203563025221	6.873371936593324349473732581828
7.682135598074439464255647180835	9.374563648436732066215881786775
10.061438685307932061618885200005	8.993726241371785334877131390385
9.030501182426551309845308423974	15.319637241875437183580288547091
13.111789565286349201755911053624	9.124331820901558032232969708275
6.762018202103488029308664408745	8.637312623779047626726423914079
7.294068054820209034971867367858	8.447388974847708453808081685565
5.413699695346554818797812913544	14.025438924908669946489681024104
7.991148251759070397781670180848	7.820105886441084841464999044547
12.164789966508690710611517715733	8.645213302093081253474338154774
11.203578360128743085510905075353	10.410317551489859155822159664240
6.505231657586544535831762914313	13.179374538233776803508590091951
7.397303960420570589917588222306	8.587675544720445586222012934741
6.906866277174149360007504583336	12.879352682161073317956834216602
11.311150130134455693564632383641	7.813578522464108111478253704263
17.441176041511933902938835672103	8.610826477979228954495738435071
9.576359132225640280466905096546	16.603084859819144725179285160266
12.796289149456114841996168252081	9.056332769155931217142097011674
6.049649416122691469865912949899	9.864957374209014417942853469867
10.418768815528467897024711419363	9.029957230056389505534752970561
9.768172219656069188431501970626	12.161583951871227426977384311613
7.628182320362584256656646175543	15.217656326029841196145753201563
11.893165974229050974031451914925	12.417778191833015455358690815046
11.060288922750508788794832071289	4.450250485593968186037727718940
10.575156531308454788131712120958	9.640602109322134793956138310023
10.984622191368249133347489987500	10.604146799857009142442620941438
13.933915395482241450508809066378	13.462785875228762577648922160733
11.325547921096722703282466682140	5.517309419279317950213226140477
3.702806794878163554329830731149	12.784659476631450303329984308220
10.992999706589062114403532177676	7.615304271925904089357572956942
12.329276247106170316669704334345	10.862510021834390627759603376035
9.656358036662343380385209457017	10.528943139726967714864258596208
4.380577178878465538502950948896	8.699573595786745272562257014215
13.325365841230079055890200834256	12.852642671722771083864245156292
8.976707777378024388781341258436	3.792991979807035729521658140584
10.537308326386593648749112617224	15.491660710895061470182554330677
10.421643473373952915039808431175	9.112515282086482315548892074730
10.624613799781581491288307006471	8.663924305680863469092400919180
9.639618432717417917388047499117	8.368536467153033342469825583976
10.038957832447774620732161565684	10.051497831151529283033596584573
7.336694569720000558277206437197	12.076858337515716357302153483033
8.748427958676591842390735109802	10.006644886153678086770923982840
9.723255405666838768752313626464	9.984749077026705776916060131043
5.843267621703639669306085124845	7.022652937785622384581074584275
7.833648213705467711065466573928	8.941051383976025945798937755171
14.815255736251584650631230033468	11.354574571005612071417090191972
12.114235636257715711394666868728	10.525867833068925705219953670166
12.442346417343523867771182267461	13.090389809411428601038096530829
10.192476286908831895061666727997	11.996363097654695550886572164018
10.957388489366069350694488093723	11.267451190492796087028182228096
10.857323737971219301812197954860	15.026046569248835638177297369111
11.562497202466783363661306793801	9.626334679231543844935004017316
8.182099348275624350890211644582	9.460643880416373718844624818303
13.142258580921204469404983683489	14.698869954087916411822334339377
16.314281312324329320517790620215	11.814481944243610200828697998077
6.766886730235706082225988211576	8.262727899039457923890950041823
11.884684139824667425955340149812	13.030623607535581243155320407823
9.921825907312353365341550670564	7.848873477028616818529371812474
7.204061589479656468881785258418	16.304265640939544113052761531435
9.563366002957858214017505815718	8.583194562701249807901149324607
3.050462671200741660015864908928	11.510808775089474309538672969211
11.279856738172311381163126497995	11.032684775889073591770284110680
6.932990916249690549477691092761	11.600873633564884102042924496345
11.394494963313334778831631410867	8.813565693851407090164684632327
6.960112579891916340102397953160	11.132602267057574607633796404116
7.911363937793614908855488465633	9.315917707510232403933514433447
6.021845978043637970245072210673	5.205391083637786131532720901305
10.890280072510865494450627011247	11.013946765826466034354780276772
10.362744560579786323728512797970	13.169705600569120207410378498025
10.535741478305519436275972111616	10.896331995344462839625521155540
1.510316510723154426187875287724	7.988397138330498137293034233153
12.759449441193005725381226511672	6.869780803313020101086294744164
9.387056861713185540452286659274	16.170267450762725758295346167870
9.945481266681156284903408959508	14.065586243881488925921985355671
7.824268544501784106159902876243	10.134145591217334825273610476870
