75
11.064594633522341737830174679402	8.494232104330093235944332263898
9.965372295119827583675942150876	8.141871123325845616136575699784
8.217392340826926044883293798193	4.878347132393441754061313986313
9.714155496143305867917661089450	13.127609768972401838027508347295
5.782696884186056429655309329974	8.841525463021039143995949416421
3.226215973197415376461094638216	5.582720895501070756949957285542
6.390188858347229050593796273461	13.422295845685344062303556711413
14.184433283508564471731006051414	5.934754820545357745231740409508
8.201130544524092513825053174514	10.201036533279538076612880104221
12.168176999788926195833482779562	12.255131121047716291627693863120
9.987196878682242484615017019678	7.985397244810329198116960469633
0.950984479819426020696937484900	11.478897423331130056567417341284
16.037504926091198598214759840630	6.989986895274534539623800810659
10.661723610876874701602901041042	10.003351792152482602205054718070
16.350060177787142379202123265713	5.164698009348178686650499003008
5.969532503277329205104706488783	7.765278176074687621621706057340
11.845449614462053133934205106925	9.147776507319354877267869596835
11.658685601579255930460021772888	11.032626612098745511048036860302
7.760828836575770495187498454470	7.566778291636002684583672817098
14.365340244770010258434922434390	9.113808358499330353197365184315
8.736538320494465992283039668109	12.599729914862376034534463542514
13.534419586081037678582106309477	11.430128047885428799190776771866
16.155306131335439800977837876417	7.935055780284884896502717310796
13.576258535410447692015623033512	11.059816604698422537467195070349
11.590890189736986926050121837761	7.148168287913629015406513644848
5.814815027323968266159681661520	8.289345457473874745346620329656
8.081738019779717063784119090997	9.014601175068621685682046518195
7.872891146108669246928002394270	7.939981048079183700849625893170
11.051912828222214102424914017320	9.628135418877024065409386821557
8.600684477185099652274402615149	8.722929472799457073506346205249
11.523619959448815563973766984418	12.769329498585099358365368971135
9.382072837176535173853153537493	11.000465720905514999117258412298
10.077243687484692458156132488512	11.894377322100167404528292536270
6.643269601592958650826403754763	7.672988804684151453727736225119
8.438316111270871999749942915514	11.532161188811885565996817604173
11.890779757895639789921915507875	10.201765799477861662580835400149
8.240972507203782271290037897415	6.161594091201465062113129533827
13.123989552318958473620114091318	9.346696342642667687528046371881
4.817258381321075866310366109246	13.568986138888092796150885988027
11.619452395729668481294538651127	9.481833546459890627033928467426
9.671233061706574929417001840193	9.518727589781743603225550032221
12.737921671039014626103380578570	12.275142416235947706582010141574
11.533408662272185196684404218104	7.004056435645583000848546362249
12.510033343169654429516413074452	5.490463590474719879352960560936
8.690584530527903694974156678654	11.589729472869452209238261275459
8.224162929882380623780591122340	9.074564277699661118958829320036
10.859169238209670282913066330366	13.673361683032009494809244642965
9.083071613512828434977564029396	10.974077444999002395320530922618
12.383525654930197745784425933380	6.782365152034312671958105056547
3.241815661512550406087029841729	11.279063376327565393353324907366
3.404268750798377318744769581826	6.898687882870261134371503430884
8.653589627301434106243505084421	7.877820813684567546886228228686
6.587476129762372067943942965940	11.168906745691440818291084724478
5.587948504440513275426383188460	7.937796105591559125969070009887
13.213117376315622664151305798441	6.887714130427626813002461858559
10.450887544615714119800031767227	10.336586841489875610022863838822
9.068991828137100696949346456677	12.622673699994194862483709584922
13.230905414458119295773030898999	10.025789039683168368810584070161
11.961574533423165789258746372070	11.166135491140842361801333026960
10.479866604683818920307203370612	6.128451112113664223102205141913
8.889648855620638556729318224825	11.525753944679177465104658040218
12.264786068842346011820154672023	0.881279881508306495163651561597
4.699306465854070857801616512006	10.557318737737308111945822020061
9.164223354963526801952866662759	10.260245384662775691708702652249
6.877155620994886753294395020930	8.630503882650257807540583598893
9.222681074209695850640855496749	8.104795836749628890061103447806
4.190336088341420683889282372547	9.439104346983516080626941402443
9.145032765971913946145832596812	9.598755194919943889431124262046
11.304079524476088991491451452021	8.819411009689435587688421946950
10.783168057261720562678419810254	6.364755982158229130618565250188
8.647234935937319733056938275695	12.833860824344297313359675172251
8.048466896479984811207941675093	11.024786666735368001468486909289
10.797889518094748950716166291386	12.544008662314583446573124092538
5.881680165285287031906591437291	11.971761426736447830876386433374
1.177822888183563510011708785896	7.440679761391598923125911824172
6.391149242123763229983524070121	11.036314267546606160408373398241
8.842408405727084641512192320079	10.147135528017971140002373431344
5.861309860664299264954024692997	13.224695500268980552505126979668
12.105010596591547766820440301672	10.112661612712345871045727108140
13.176677721948809818286463269033	11.625182682648928178537062194664
10.151952443046344143340320442803	6.426131886732390441352436027955
6.074236778875221176576815196313	11.307613737227443451160979748238
13.004704297047892325167595117819	6.173535746270182755779387662187
7.418245382727008063739049248397	8.814074716541725251772732008249
16.689414519218939148004210437648	4.392529904074718771767038560938
10.390801010530227088679566804785	6.995135869443313225701785995625
12.422833808966608160062605747953	10.611827513996239247262565186247
11.602815489118935232681906200014	10.276289643996117106894416792784
12.502532943512010277231638610829	7.327340262604874254748210660182
13.207149128655284897604360594414	9.783258001230771938594443781767
9.266961975172808507750232820399	12.968587082172442492833397409413
7.851482640594491968499823997263	10.053142955269871450241225829814
8.892070087106043629887608403806	7.816762280776707427776273107156
12.247209817195683356771951366682	10.543174022008425794183494872414
11.976193112687315789344211225398	11.828827367390246649847540538758
13.713186070104081082376978883985	7.282571029588918776198624982499
11.674106252139219819241588993464	5.481375708125945322990446584299
12.600898252712825708954369474668	13.240558033023997808186322799884
10.061372504681221684563752205577	12.984372127544800079590459063184
7.925930138394948976099385617999	6.018718195921373137480259174481
5.650696168741081493180899997242	13.438011487915019870342803187668
8.836473158696001917178364237770	14.470028827843716356937875389121
8.799589095180385456274052558001	3.417444043707286827071811785572
6.762931893884654321880134375533	7.027218044503238836284708668245
15.016085379548044898001535329968	7.660238756321957609429773583543
8.923955119990752749004059296567	14.594671154934596657426482124720
8.475073237673504067402063810732	7.771416051010143100086224876577
8.615844214115575994128448655829	7.767311231537982862960234342609
7.019771965087751475209643103881	7.941086491556998971930170228006
9.530736251298483452387699799147	9.442962926326051942282902018633
10.632038028489596115377935348079	10.494466259114698658549968968146
4.465361039669461185042109718779	15.241670767762748539553285809234
9.166244339511550265342521015555	2.319891102338523580783657962456
9.280872424725270519729747320525	4.099094927405064758829666970996
2.815603576487656578564156006905	13.000269564723119231075543211773
12.240659329448071446222456870601	10.266996462916951671218157571275
16.107716488601489857046544784680	16.355627800224414869489919510670
9.285793055949255858649848960340	11.706792084149000743309443350881
4.787621377669800004639455437427	11.248031428095092820740319439210
13.622527904638538132076064357534	11.178791841100126802643899281975
8.210318902046648048553834087215	13.197357004467599850272563344333
11.555656706077282791511606774293	11.793250672834012959810934262350
6.385270738128765444230339198839	12.596697816181782414446388429496
13.601297292421294926612063136417	6.215265306091934505161589186173
12.433759949521517640391721215565	10.974101503118923517376970266923
