75
12.573686633532293654980094288476	11.072836741081196976210776483640
7.008463227271379381022597954143	15.309609753403419674100405245554
13.315668687085626231692003784701	9.007444893536638019782003539149
9.422627013048247235360577178653	11.492985943445534147144826420117
9.538436964394888306628672580700	11.968408087377396142869656614494
10.165183981236571852946326544043	12.149801433153886165428048116155
3.800534244118499493936269573169	7.872308291951892300630788668059
5.552042993604174192512346053263	12.147752188269103967854789516423
6.335220308929542909481824608520	13.586504856855514233870962925721
14.890926217927093588855314010289	9.909072488486184937528378213756
9.486252010680436441703022865113	1.140565737163135473508646100527
11.738307379099804705901988199912	14.443314593388981492694256303366
8.087203288782385257604801154230	11.406796381995405909037799574435
9.187759855527241725781095738057	11.653149860845077867566033091862
11.753963628058746948568114021327	3.403961072951187993851362989517
8.806299046857901657858747057617	9.034807267458646151681023184210
11.825988790643393144819128792733	11.672737801177531125063069339376
8.595158818851370341462825308554	5.304204339689083447240136592882
9.780469526579063099802624492440	8.793431370529008361813794181217
9.324699026318077343944423773792	7.083106090043564506686379900202
5.571603109970705958176040439866	12.075161050106025584227609215304
5.777890379573480394981288554845	9.214814771576968155386566650122
10.204992024174858400442644779105	8.599155123836137448734007193707
10.840680202200154269576160004362	10.209982852000264230696302547585
13.269085174434584573077700042631	12.921196731836030124895842163824
6.410176255160640046426578919636	9.027107159996342389263190852944
11.860046538733344689831028517801	13.220519898325859387000491551589
7.794877678188641745293807616690	6.152005726243896077676254208200
14.701306639382835328433429822326	9.033330076902526428739292896353
10.466606499766806237516902911011	8.565948259834391009803766792174
11.363878114606352554005752608646	9.568513802274653201607179653365
10.274055936746769646106258733198	13.406003098353316715929395286366
5.920175773600638180482746975031	7.294691554687405599111116316635
6.623485036152666260989008151228	7.700289091049349110562616260722
11.497462153034582854616019176319	15.099938678709847295067447703332
9.569289577362363630186337104533	16.257709979529526123087634914555
10.224252541788747095097278361209	8.946381875648141246415434579831
13.823459051659655827393180516083	9.267433677284206083868411951698
6.168748325981332492062847450143	11.956697377097675882851035567001
6.943610279610582303178034635494	4.950609630509787528751530771842
18.004227836085732405990711413324	12.803404628527228936718529439531
9.419112711437636065170408983249	14.144609640094492064577025303151
5.891973685508324898307819239562	8.797346645134178189096019195858
4.548730765939802189734564308310	10.373025491697013933389825979248
12.145861924663424957770985201932	10.129120605968521928730297076982
11.689414109781550266120575543027	12.554690072369121267570335476194
13.368486460647510227772727375850	11.887745049907158190194422786590
6.766577854506522271549329161644	7.630290521899186551024740765570
10.162328934525064028093765955418	16.827897496233862995040908572264
11.688106368360140052686801936943	4.958353761651195235060640698066
12.172703822555808628180784580763	8.023256276560463362557129585184
12.012610256734635783004705444910	12.614558578637353747353699873202
11.025192606658061222901778819505	9.926158672123126081032751244493
13.304625140376568737110574147664	8.043988575819289721380300761666
8.463325552556810293935996014625	12.004168639727863521216022490989
8.891277896151315474071452626958	19.014823990977934187185383052565
11.267067795573684207965925452299	10.549572645217011768181691877544
9.119991811955063809591592871584	8.282254426251446588480575883295
13.684887730456173571269573585596	8.565164808305809174271416850388
14.060360704712772772495554818306	6.689968123272078237562254798831
12.534007971675544368395094352309	11.692526215848571879973860632163
13.348426472193903435936590540223	13.290816865448679351402461179532
9.323184362133929425908718258142	16.036881331210004475451569305733
10.150979561151450170086718571838	10.324841761333960477031723712571
8.578748593959547363851925183553	9.853100464519728873824533366133
4.996289677728288580738080781884	8.680051058128039898065253510140
14.264020066884258497452719893772	12.228234564997228162042119947728
6.224025198297998606733472115593	11.521791296904478230089807766490
10.331041835737341472167827305384	13.177775957294924680240910674911
11.916280531700838452024981961586	6.634192056469937703866435185773
5.142931497109073823992275720229	12.937268756257193302872110507451
8.233939165480677502273465506732	8.384665637842488195019541308284
10.056656983945103434052725788206	11.286441518823927765424741664901
12.929504516645915046524351055268	17.654498116976540700306941289455
9.097971911271663714160240488127	10.516153062548612595605845854152
9.362631708476570224775059614331	9.892941215904484053567102819216
11.690705418887832323093789455015	10.640196955860259819814928050619
7.353806763200747553810288081877	8.734007377756158874149150506128
14.256625772904117255279743403662	7.692559607764321683021080389153
17.414669293030531349586453870870	13.011725413674877671610374818556
11.274806187556762893109407741576	10.544201161595813331928184197750
8.146490193007121405344150844030	7.154207945799464951619484054390
12.216771615282825180770487349946	13.410797486284479873575037345290
10.653075854598938576600630767643	13.920368516553532245438873360399
10.073903404100121861119987443089	7.436016228043314413298503495753
11.554086729591087845392394228838	11.735019890445009593804570613429
15.079772248101184217716763669159	7.966331781410914913976739626378
12.308333926597851970541341870558	12.446418312765276326103958126623
12.452445062560277833085820020642	10.249442485712734196567907929420
12.045809626901968769630002498161	4.949916984936454156240870361216
10.878981438403918957646965282038	11.958206681890391820388686028309
9.002157099764987790990744542796	8.834658368483653489988682849798
1.061396998983964223839393525850	13.368897867972744819553554407321
11.136859958965187544777108996641	14.071268307321188828495905909222
12.060101060256984695229220960755	13.558188757144147729150063241832
9.589277295364059483517849002965	9.153006545818687555993165005930
7.312697405199347855386804440059	9.355641214202933042543008923531
9.218990795826448092498139885720	9.390812391919242330118322570343
10.034828461872493221562763210386	10.092989106508094110381534846965
7.337890942864500054554355301661	9.212986880460345417986900429241
12.331670698487997128722781781107	15.407950178522904494116119167302
6.598482050927636066717241192237	7.777677318820511942476514377631
4.483926448536938558220299455570	15.933780183494729243420806596987
14.723638150326721074634406249970	9.766287499818240291915572015569
8.307680780123904540346302383114	18.201238467802689058316900627688
14.533473441490908584228236577474	10.026111490067226128530819551088
6.022194234688245551012641954003	7.316792741738812111407241900451
7.700663936166113998638138582464	11.900722058666559632911230437458
11.379971168508880907666025450453	11.776033864070191370387874485459
14.317575565736232690028373326641	12.001352174988982213221788697410
10.392354632566341621213723556139	12.562056370508276614827991579659
8.168967730554115291852212976664	8.474124113852166573224167223088
13.260835260420172687645390396938	8.112854372831099780682961863931
10.470323536732410119043379381765	8.619071411427309925556983216666
10.566648078512992370292522537056	9.351609919512798185792235017288
8.785225858130754517105742706917	8.728773255800833297257668164093
5.755517863299388636733056046069	12.087358962365145842454694502521
11.786778434331692366754396061879	17.434814173807719583919606520794
8.946902879098043825933928019367	11.819211057092910976962230051868
10.985415381141960367017418320756	13.890723241523350139914327883162
10.191610190000321978232022956945	6.889528273354782683668418030720
9.867961164608615831639326643199	11.944171355840373038859070220497
12.080466494104896924000058788806	11.320016323236536948115826817229
10.696092588243278242998712812550	6.864075180726210589909896953031
10.714665788874990326462466327939	2.819206306388990501687885625870
