75
12.612888456932978442637249827385	1.450685777693430544843522511655
9.507163987589457576632412383333	5.236310213246001765696746588219
9.238853486808952908404535264708	6.091992482606932490796225465601
10.127075009241757186373433796689	10.639622633346981217528082197532
8.036738545399419564319032360800	8.304281077317710924035054631531
12.798532243000796171372712706216	11.290825488625660710795273189433
10.799434284255672977792528399732	7.302847629072735990973797015613
12.161045361480894655414886074141	11.044096377203842962444468867034
7.915586418493702147713975136867	7.153739393324353379455260437680
13.046116544538364223626558668911	14.484782568543202785349421901628
13.943152412264618433823670784477	9.606187852384900693891722767148
4.196093483103629395714051497635	11.370640323363485180152565590106
16.479859840000052884079195791855	10.862628462016386876598517119419
9.851485291685285972107521956787	10.558533105123267148428567452356
3.456967947496764281822834163904	8.652457963178873612264396797400
10.442097654392567207537467766088	5.454859810959675314734340645373
14.193443516894880929157807258889	9.590076568736789042191048793029
11.795996761476425618297980690841	12.210983130635648663542269787285
6.933414334759509856098702584859	9.063319839658985799246693204623
8.170973671057639720061160915066	9.149326458468770795207092305645
11.630232961477931397098473098595	5.539180565606008244117219874170
7.621113976577941429013662855141	9.141686018640656996581128623802
7.867449653972566459003701311303	9.617770258965080643065448384732
7.537347140824912195000706560677	9.983132091157090215460812032688
9.435063073845963543817561003380	7.431210484020297712959290947765
11.485823029313539933582433150150	9.745009774184026696275395806879
6.815444620911978113042550830869	11.078920170350180285367969190702
15.664761477836233183325020945631	10.575778958159331111232859257143
9.322115223781169746075647708494	8.006131157509699391994217876345
10.233458770151923289404294337146	3.070903547715424508623982546851
11.081950123198689439618647156749	9.004581158921439509867923334241
12.936818808475365472077101003379	9.350856715266186114376978366636
12.642264608639269596324083977379	15.221459896655996857361969887279
6.500209805989693556682595954044	12.820346814640268817697688064072
14.781046437866205423006249475293	8.656638532119886875193515152205
10.257340615158600627410123706795	13.547248719449827447647294320632
14.822581367333798496588315174449	10.010630456756453909861193096731
8.136434093153360080918901076075	10.583518400327646347136578697246
4.472995135162733504330390132964	12.878686610005280144264361297246
8.839871967816067765966181468684	12.446150649940953769601037492976
10.275628497821422513425204670057	10.762137570421886678673217829783
11.588853857510507339156902162358	7.472805473408119070199973066337
5.041140764279353092547353298869	5.528551256230249677514620998409
11.144984065553392937886201252695	9.945421370359550650164237595163
12.040662183729779144414351321757	6.810808720547024464053720294032
10.762539407152878823126229690388	6.117165083657292612429046130273
9.918148988170816693354936433025	10.497130392413932753470362513326
13.448420975580138048144362983294	10.573489988596653788022194930818
9.371102679433860771496256347746	7.688955690885296512249169609277
11.413574250368387907883516163565	10.805934563595320341278238629457
6.608405135234660221499325416517	8.835400992195017622066188778263
12.227263670548596863341117568780	5.396158787926749411667515232693
12.437381267307472398897516541183	13.756917850441562123364747094456
6.302357811246841023944398330059	12.573896272491804637638779240660
12.099106820495565628448275674600	4.685944712605641271352396870498
5.066831305724622147579339070944	14.964461156833120725195840350352
10.862876557590826820387519546784	9.374535746796727408991500851698
7.427701383498660270277014205931	14.405102353259914949035191966686
11.435781543259937009793247852940	7.112685580320867728687517228536
10.867718796610271070335329568479	9.296023113570329954313820053358
11.957048244830545513650577049702	10.254744741952325881584329181351
11.118988290850721156743929896038	7.884703331413755122980546730105
13.260602267126937903185535105877	8.936907219283485304117675696034
8.591684511137620106069334724452	8.511483345841892145244855782948
13.135021357660658480881465948187	11.057453013640953898288898926694
8.989260702401377756132205831818	15.942620021900360427480336511508
9.856528885373869286468107020482	11.917917038976066024247302266303
11.972286058610484005271246132907	11.988291471844464197715751652140
12.708872156643783668528158159461	11.093796657653459902803660952486
11.558999442112812161553847545292	10.956504846548824616547790355980
11.910903926008108655310024914797	13.120009649110675908900702779647
13.869441137869646496483255759813	9.979247132095348860048034111969
8.414535604105267907470988575369	15.409079086373871803061774699017
2.570759306366682483968588712742	8.558856217493389095807287958451
12.085050208150605044465919490904	5.769143634393277153549206559546
11.907293682542539059454611560795	7.594928743550413585694514040370
7.931606642768599613191327080131	6.037389426102934386619836004684
15.380665017729661769863014342263	9.700081831735905879554593411740
8.183401229046008751311092055403	10.662982296615696853336885396857
10.721366816560012225068021507468	4.084898609073002617719794216100
6.324482660380062348792762350058	3.544306217927390534327969362494
6.208846061543551009265229367884	14.332878476029090819565681158565
8.935094692965266816031544294674	10.973210055860661782389797735959
9.684909544896012079107094905339	10.903715320706325542232661973685
12.046790795454555222931958269328	6.276888216341611759219176747138
12.844191447605160405487367825117	3.783627988647235707020399786416
17.063629407599925968952447874472	11.823636845821498653208436735440
11.478064856209545752108169835992	8.167942969710200173949488089420
11.475223946711080813543048861902	10.554181864315973271573056990746
7.678423387614285111624212731840	7.999878700274678955395302182296
8.724271296790400143095212115441	15.316038877962396824727875355165
10.678346112297768755183824396227	10.263153759296116618315863888711
7.418955404231311057117181917420	11.354849818238104575129909790121
7.917342444253279154509073123336	6.149272053089243073031866515521
10.362553627367384834201402554754	13.239325639836547310324021964334
7.516465535047975876636883185711	4.426860813448695530780696572037
7.011383889655351531189353408990	9.412652050406693504669419780839
8.791173842597807208676385926083	8.270222370691739044445967010688
9.349909700322049488363518321421	9.553038302263466619024256942794
9.593198343124393900893664977048	10.852343442116175964429203304462
10.631839743171516587949554377701	9.854761772999449220833412255161
10.656013542704050323095543717500	8.471604678941039523465406091418
9.554487285421375375449315470178	9.645087033561789979785316972993
11.588602897291545801294887496624	12.628293643154757219804196211044
6.315477824853188870690701151034	4.338057906877917702104241470806
5.864164831977641156868230609689	16.805896476060915745165402768180
14.211104451341503462913351540919	9.178625946522283030049038643483
8.838581878822523663075116928667	10.005768328432026237351237796247
5.209741891744099184791139123263	7.458357041530861764044857409317
11.778082382452708998243906535208	12.431644015069325703848335251678
10.297016038098417922697080939543	11.026427314074336294424938387237
11.746788264254574229994432243984	9.476105314499104537162565975450
3.303517248444207687896323477617	8.973505514620198297848219226580
5.740579347547362765169509657426	8.764314141969576255064566794317
5.671670880699685390879949409282	6.438492048893611041648910031654
18.893361477305536055837364983745	10.434796335967496005991961283144
16.791137764920925690148578723893	8.629658906627605929884339275304
2.105054774045835852547270405921	9.600947950753006665536304353736
9.300624390270122887613979401067	6.741599532223269797270859271521
13.656907310082578632659533468541	12.902580838738115787123206246179
6.718454692276502271397475851700	15.658535929849820789172554214019
3.319114530649487360136618008255	6.970992240902996073259600962047
12.335620855568258491530286846682	9.721809442373453791219617414754
10.365135211900629030878917546943	7.726730275408270287584855395835
7.454264177541225500078780896729	2.211775263583098283248773441301
