75
7.034305498423370828220413386589	8.660569876435847191942229983397
9.564086072829423912367019511294	5.828038817192638276765137561597
12.557639904489260374020886956714	10.305542243195981555459184164647
4.598177899324911166445417620707	6.472318513073067158813955757068
5.158051784915409498921690101270	7.774991200504075550270499661565
13.774684323646898320703257923014	12.342115253964866639080355525948
9.835592064238097620432199619245	4.698901330917424346012012392748
13.895732094057711591972292808350	9.069458840866357007826081826352
6.245649179934799732905048585963	8.608589167757367377475929970387
9.092147710359370194055372849107	8.079531896792985889987903647125
11.451897993295816036152245942503	8.511245084098151281182254024316
15.213860670676325526073924265802	5.127161170472977147483106818981
6.256743689959958665269823541166	18.767311523375965975901635829359
14.400957231545229220159853866789	11.501814644682868404856890265364
10.938777570726106347365202964284	8.097687020444118033424274472054
9.647456196692052898811198247131	12.137686445990848227438618778251
6.556217476774035546327468182426	13.178568164491872849453102389816
13.448609562791286720084826811217	8.860129789016323087480486719869
10.589106025436329616695729782805	11.624187958731056369288126006722
12.210014658308992352431232575327	11.711275953343044164967068354599
11.578175186762186044120426231530	4.887163344539421139245405356633
11.438166878346741839322930900380	7.392866327217241462221863912418
10.999458124845556739046514849178	16.432348945409753326885038404725
6.589111783936118627025280147791	2.862108693048964092042751872214
4.775436882760671686298792337766	11.478829185085855257852927024942
10.604493466383424049581662984565	5.340686110394744723350868298439
11.629027993336281454617164854426	10.975458057815643542198813520372
8.148510186492119444778836623300	9.942502497000845096408738754690
14.971373343988913617863545368891	11.844583033431808516411365417298
3.407890646767274933637281719712	16.332124399719532448216341435909
15.872370098606729982293472858146	8.500810166669575451692253409419
9.597606916639810137326094263699	10.964700695942019237349995819386
13.664598497624638184788636863232	12.260356703784982101979039725848
12.341708781600315703030901204329	9.766346965064183649474216508679
12.648203427971125734075030777603	10.260451029820375268286625214387
9.503220017201023495090339565650	9.776302678631866527325655624736
5.122864711657769021257990971208	8.800379289670564375569483672734
10.116875126311580146420965320431	6.830079253834948183055075787706
2.335159995953573375260248212726	6.122246543772213556167116621509
11.999460860286257357643080467824	2.323403011322628053392236324726
14.515528189151043036986266088206	7.192947079436492252568768890342
6.328784931378446998451181570999	14.127005306893737568429969542194
9.829875197850309831437698449008	13.294297166109757313279260415584
8.877217277937750949945439060684	10.057018247108246100651740562171
11.816118398715543591492860286962	10.170330149291750387874344596639
11.780117752256314744840892672073	9.675950007294144228353616199456
10.399933602388065523314253368881	5.995284622784001982154222787358
7.633790128866825952513863740023	14.117112418387982586409634677693
2.467951419624896836069183336804	7.653620458141435101140359620331
8.942348855770427817901691014413	14.028942831937355251170629344415
7.348086945535440506205304700416	11.310494024071518381902023975272
6.809611690352088686495335423388	6.220342062431836183122868533246
8.580318929287839679886928934138	4.785340508366296319309185491875
12.026047884945727517447267018724	1.524249491956731095143595666741
8.208820794510478080496795882937	13.727595464826219284759645233862
10.724705091552824143263933365233	14.821616032685922093037333979737
10.462652668986521575789083726704	14.202211654078444880155984719750
9.549266955891141606116434559226	5.018251227375381873230253404472
8.173418872901251575058267917484	10.875457662209232267969127860852
10.715950144061141102724832308013	8.173992068513440401034131355118
9.320381706127211174361946177669	6.319640576573021917283767834306
12.892515883802001752655996824615	9.852600541796768141011853003874
11.417138960880695464084055856802	9.326830509926290702082951611374
7.288996489431897707333973812638	8.946084014366510572813240287360
12.441844751261635693140306102578	8.624900617235031319296467700042
12.611972361419800492399190261494	8.866142911655282787819487566594
14.716746258840380789933988125995	13.525369372233473796995895099826
9.816734962333311997895179956686	10.429350602356301180861919419840
10.654031438203579895684924849775	12.716623838189601514159221551381
7.707746615437759629685388063081	9.382402961934712237734856898896
7.992962602841545916021459561307	14.162376068040225973732049169485
12.772513895437164421764464350417	10.655932423540678044560081616510
8.509517661697355350725047173910	11.520270733951260666572125046514
12.489165799817321556020033312961	8.745196596059233939968180493452
11.687953271215070216726417129394	13.397749153500033258978874073364
9.582934381247985911045361717697	3.144388550642765345344287197804
10.710637021739431773426076688338	11.766587767333128056179702980444
7.651764870179281530226944596507	12.495110390813833234346930112224
10.694133038194884477434243308380	5.212632360861105595972730952781
13.650805461093524328930470801424	6.898301896669053689947759266943
7.884176237764714656464093422983	12.381163555884942439888618537225
12.138336869982637722387153189629	10.433576578463826578513362619560
10.353634047913246263306064065546	11.794577735416559960412996588275
9.009084658533254241774557158351	10.350829464952237657371370005421
7.374014183460859683805210806895	9.161270400481171805040503386408
9.630224774963199507737954263575	14.542782795619226376970800629351
15.118862504638817867430589103606	11.457286705488190392543401685543
13.498044383965050130314011767041	8.471062696862459162616687535774
6.764832065878318978491279267473	9.555760696149908639540626609232
7.188285142607410804771461698692	7.106343721471841234915700624697
9.408382549819080509223567787558	7.048258704752662140435859328136
17.379680967496756949230984901078	14.166817056871762403602588165086
12.079512944452257983130039065145	8.116773249895995689939809381030
6.990748791123690963900116912555	10.462607979688486992131402075756
17.788786152810232010779145639390	7.102533835529171390987812628737
14.525372094112302789881141507067	7.172681314113091843864822294563
10.142074724420194087315394426696	6.977212285913722666919056791812
12.929427614029160409359064942691	10.555201709643638352531525015365
9.608810261125452001351732178591	14.693141652387661011402997246478
11.823080725119046618942775239702	19.054427267159034897758829174563
15.261333326356469441975605150219	7.540867451221122230720084189670
11.448692435317102678027367801405	11.852531910033446749253016605508
11.547838924879973987458470219281	5.621067686513037564566275250399
12.046211077895941699011927994434	10.433710346337861096799315419048
9.856396920650979609490605071187	8.573495921972451583314978051931
10.734891857368129564065384329297	12.148082387688790007018724281806
8.871113693607016514874885615427	12.982395268132467691657438990660
10.984148166877499619431546307169	5.512476040281095279738110548351
7.860812782884560867557866004063	10.455765159378799467049248050898
10.967984010865615474017431552056	7.568546737393897494428074423922
11.435639066958371401483418594580	7.984935065426503442154171352740
6.852703007685173375307385867927	6.225945405039284175074953964213
13.272786119689484962691494729370	8.258241352177220662156287289690
13.728615169530879569492753944360	6.468273147534290501425857655704
12.376845446646152382186301110778	13.192843222717517193132152897306
8.596732060133529529366569477133	7.260859385209775140879173704889
6.510071211847632710600919381250	9.611649000936083098167728167027
9.006760430998648203626544272993	8.688815081742442103518442308996
10.551570752162678701324693975039	13.424087670143100226027854660060
9.803426990282472885951392527204	6.869276930787311385984139633365
12.787301828753887988909809791949	11.940552578532448890769046556670
6.440455979674270636792243749369	5.550149674862021598187311610673
12.800696374446689063120174978394	8.858699321304493778939104231540
13.633029952478961988049377396237	8.335798726455088569764484418556
9.089190427279964623608066176530	15.184366490913996372569272352848
