75
16.778731443006861923095129895955	11.660102449887320474886109877843
9.203804658537615424052091839258	9.346441275873184295619466865901
9.597929747190882210361451143399	8.659553456948911431823034945410
12.498496146068166723352987901308	12.733991758498763857687663403340
13.893041690466057858088788634632	6.447255190814725978043497889303
10.121713064275763116484085912816	4.793728912915738327171766286483
10.831793369998056419944987283088	9.285282891455221232490657712333
3.625436781827694687763141700998	4.640810146751667808473484910792
12.513128610075252566957715316676	11.161889196213516939337750955019
12.206240500829403927696148457471	7.522884614233280586859109462239
13.761152661410797293228824855760	11.403041248722917799796050530858
12.533493657316897795794830017257	9.183896329193876439944688172545
10.174210107985745210612549271900	7.262661348255038618049184151459
14.723781406298542151489527896047	5.455397357610603847888341988437
7.549094981019946359879213559907	5.977559541741825910321495030075
10.149928378047002652806440892164	15.740880685715129772006548591889
15.251360702619910725275076401886	15.008914020262199784383483347483
16.261221087899894399697586777620	12.926824033199913799307978479192
11.195234345517475205156188167166	11.275382789856079668311394925695
9.982079611399999663490234524943	2.787146089337193544110959919635
7.564415812841263075938513793517	7.220980175294561931309544888791
7.175971284672356453882002824685	2.898926232703192162887262384174
9.417027590344696719171224685851	13.100753476982347933699202258140
9.763400687287466794828105776105	5.928537555500032141253541340120
13.033925638034013161359325749800	15.741856012910979245589260244742
5.753490731952773273860657354817	2.639777764120332825825698819244
7.051824424644213884505461464869	8.633547260399893730209441855550
17.771146133818355394851096207276	11.035613049547983166576159419492
3.639137473279432377637476747623	11.646179467913636784714981331490
6.000507775364092744041499827290	4.749183188734559024624104495160
7.057656787225045746936302748509	0.302096119820372877029512892477
5.835474796479011239114242926007	7.025802485535704633434761490207
5.591000564232656344643146439921	14.736291712605154913262595073320
13.020373877462848355435198755004	5.524916461088259289624602388358
13.533337504194154377046288573183	7.229161446391175971371012565214
8.116249093650086621209993609227	12.077133715915071121571600087918
2.957759460954614283423325105105	9.117706533983382044539212074596
8.820624892642182857116495142691	11.444372423673943472977043711580
16.440942391939881161988523672335	9.989133787846219192374519479927
6.909735815093812405507378571201	5.982214965162947706289742200170
10.439785707487185817399222287349	14.044868960560538795334650785662
11.440220725498683407295175129548	17.753473625206765973416622728109
8.420237012984399527226742065977	8.449708914553598404495460272301
12.464340832739729592049116035923	5.809744591360095355980774911586
9.781690398599337754603766370565	15.739865326125816125113487942144
12.456258759259801749408325122204	12.749871935927250987674597126897
14.562784719825270229875968652777	5.318610383495272486698013381101
13.442134213815551291304473124910	15.910207250223233899077968089841
12.029290489923280205175615265034	9.338568480632861934509492130019
10.840646058841855392529396340251	5.084868637426247062194306636229
5.845397763311512839834449550835	13.249740272489670900313285528682
8.255587156121736214231532358099	4.707812522441436442477424861863
8.138132446695015786986004968639	15.695076765168849419751495588571
8.270609004200586866772937355563	5.895978492895761036152180167846
7.378925889045646613340068142861	7.526340617531015908525660051964
8.299997163735852723220887128264	5.029247314765095566713171137962
12.882543559293436530310827947687	9.853974990990888471742437104695
10.120178704019538784564247180242	13.692986416934349591656427946873
7.947143095012354052641967427917	7.497904745825618277876856154762
11.509329902073783813420959631912	12.885818514566299342050115228631
10.916854939240003830036584986374	13.510040429782796067570416198578
4.348495373866148483443794248160	9.483140179350328935470315627754
8.920103245872873287680704379454	8.508798798378158778632496250793
11.572033824739927254654503485654	14.210009312482467791483031760436
9.499038501279212454164735390805	7.645608691899727915597395622171
11.761291444499088143516019044910	6.850187896944722965031360217836
7.361702208393314350587388616987	3.126017109506268987217936228262
7.214203561331243186316442006500	12.449509155312178165786463068798
10.326759408514623927999309671577	12.507384933887021105647363583557
2.239396998340026812002179212868	8.867582921670919660073195700534
13.132145171260729554774115968030	7.542743914038469554839139163960
5.553088187249815455004409159301	3.586211313737966754899844090687
10.727656281242934355191209760960	8.750686257794361821993334160652
7.670131491273463275604171940358	6.766394580143472836653018021025
6.047714435839703028818803431932	4.674418259562170163690097979270
4.964131752537694453053518373054	6.812048407528095594898331910372
8.385068726197184574289167358074	10.682650771048276538977006566711
15.886587632553672122526222665329	9.442786467852265275269019184634
12.906256801139718959348101634532	11.344952867095267734498520439956
9.642570025141813161440040857997	10.952829357823143041628100036178
12.739981357013990148630000476260	8.765156716420786864318870357238
11.902896923663302430895782890730	14.137437125292752426730658044107
6.197067015102499354384235630278	17.451859492951292907036986434832
8.503671564736571042431023670360	12.891271321078590972319943830371
9.303426536694557213991174648982	6.582933662162314902843718300574
6.261555366866477179144112596987	10.296588696914961147399480978493
14.061275870409506438818425522186	14.592616638115549321241815050598
5.465022546981765039220135804499	7.863851523439515212032802082831
17.160618374856301926456580986269	15.184518651681747414272649621125
10.513823784660033311411098111421	15.587886267266769735329035029281
13.585773407556807512719387887046	3.576100452931279427559729811037
12.875280464686635895077415625565	10.573204437376823250360757810995
11.175462330617424555612160474993	7.348767636034905237352177209686
14.448859279069131034134443325456	15.625035987482693400352218304761
10.391734738613491728642657108139	12.306539901963367000803373230156
7.165770007814325381900744105224	12.017087968339085435331980988849
17.233084941542141876880123163573	4.523568421474036149732000922086
10.532845445437001075106309144758	10.360247941432767504466028185561
12.480964403833638698415597900748	12.499253026705055447109771193936
16.687164009280834875426080543548	10.242698321502164304774851188995
15.221355042387113343238524976186	1.677609532748855158956757804845
7.287438552531551039237456279807	10.477761514941095200015297450591
8.666602284848581305709558364470	8.192784115335285832770750857890
17.455613789155183468437826377340	12.284022361416017332658157101832
0.909834496019717775538993009832	4.978809076944292755229071190115
9.776847523684892848905292339623	8.089985491751336965648988552857
12.387772681963198806442960631102	6.767177119868481582898311899044
4.812671996800117035775201657088	6.823321488138546442314691375941
9.231488031394931681461457628757	9.940133962641342080246431578416
11.428002617647743832662854401860	12.447913586071978286895500787068
6.996535627035218141145378467627	15.076910789253794575870415428653
8.769901975543627159481729904655	5.990175190218880452164285088656
7.267728235499049560530693270266	4.559491589976082615010000154143
3.371681170081530787285828409949	13.803623412044409235477360198274
9.960538184765505675954955222551	10.848958798776459744317435252015
5.264147257119397238511737668887	15.872424418181410032957501243800
8.880760093299445046000073489267	8.700212383358444157011035713367
12.223042417880970234023152443115	7.403069679427520810577334486879
15.600683030890753144603877444752	12.961668522792141544641708605923
2.611002315360151371237407147419	4.622584881578999826956533070188
10.029930746504300387300645525102	15.613275227999611871609886293299
8.159649965742117316835901874583	13.615413161107184691900329198688
6.633715756030891697037077392451	11.756227313999668027122424973641
8.580039444525912273320500389673	11.204473527457437853627197910100
11.428147563709549316968150378671	8.482638422086408169775495480280
2.999250442073877032100881478982	0.310930732336482051891834998969
3.455320128158198222934061050182	15.567532689014598190624383278191
9.465999198451706675427885784302	15.959618593064817559934454038739
10.577284407984002712055371375754	10.477704385252684105012122017797
8.099526159303291450441975030117	5.599916768296572477936479117488
10.863695154396966202625662845094	10.741050570512584272364620119333
5.299892470677501243869755853666	10.073679482941978235999158641789
16.231678149171084868385150912218	11.028788224117409555447011371143
5.270855982596165389963971392717	13.840058440177614329513744451106
12.860781364409435312268215056974	10.594761844040309739511940279044
6.742602761497005658952730300371	8.745127685034880471448559546843
12.125583404930399211707481299527	12.655114909611846485404385020956
3.414787593222020412042638781713	8.768214223919523320205371419434
15.746473198735538190362603927497	7.790267119189186573180450068321
10.323559520163048119911763933487	6.866655332219330887255637208000
8.037074709025899821313032589387	19.581643650461746375412985798903
13.452237690103142853104145615362	10.115422614166142523117741802707
9.618372547032999264615682477597	15.590238759941117407947785977740
12.846333010862705847898723732214	6.149202570471819839781346672680
15.240832845047496135748588130809	13.392071820168542473084016819485
3.372177368210679482274372276152	4.900839425703389373722984601045
13.705505501711575888634797593113	14.553956835580452278122720599640
4.161415049304530100471311016008	13.050395035380468300445500062779
2.544585497705370791265977459261	10.223670501618938644128320447635
10.303696321376465405705857847352	9.790928636656110128910768253263
9.554205450633507012980771833099	8.710515687800192807799248839729
4.704548759836631788289196265396	8.484698096388227028796791273635
6.892608436095661872400341962930	12.262687665820276805561661603861
2.673520187454831109619135531830	12.361347988035614520185845321976
10.088320713260364058783125074115	10.085035322016855374727128946688
3.508689788106665652378524100641	1.830283180402654252816319058184
14.631854837738544006242591422051	7.236522441081837619947236817097
8.017377772984826123092716443352	12.435724253223057189643441233784
5.673373856349140709198763943277	6.791719132275432002643356099725
13.651592144234403036762159899808	5.871902903387909766763641528087
11.778822757682243960175583197270	13.284773801774825585653161397204
11.357915623574601937662009731866	6.940240582364012311700207646936
8.661746975247815782950056018308	15.122897665519573706660594325513
8.626332089930826896306825801730	4.595408173701299503477457619738
11.451226952236011058516851335298	13.701610684108777249434751865920
9.932391658811440038334694691002	12.643762943887235650208822335117
6.234452409062793520888590137474	14.687045012590919768058483896311
5.168435155393105162602296331897	5.265098244294903473416979977628
7.419457658309642766880642739125	8.601390960746844172035707742907
14.962285024328039639840426389128	13.878669483380413396389485569671
3.855996438069332121756360720610	6.563222458849397256130941968877
9.891209797125437575004980317317	11.403703672611591457553004147485
14.613969884686042632893077097833	5.663895624703117803733221080620
12.547396972710977536280552158132	8.118515625378114108912086521741
15.599964611313691165150885353796	13.242222593740196501244099636097
12.041780973986771385852989624254	9.174477323305781695239602413494
10.515835528618916683285533508752	10.355820351712901938867616991047
10.726230427494755303996498696506	13.144020088414279712196730542928
7.789262845598774909205985750305	13.643674485487979453068874136079
11.318298074984419088195863878354	7.674132664491658317729161353782
12.483334243557118625744806195144	11.852325131050150730516179464757
6.157133296402784949918896018062	6.453580856996955716908814792987
7.909333226346902279146888758987	9.420272151045223196774713869672
4.307574951354815162574141140794	7.827565903362797783415771846194
10.266974530480084126793371979147	13.222660370121937845055981597397
7.783635226936914897066799312597	10.008016417566983236042688076850
7.680258350167948222519953560550	7.622843151629362878907159029040
6.477087280222106002725013240706	11.684651247619992631143759354018
10.910945371314516805227867735084	6.376766154297403232931173988618
13.465980454927930054509488400072	8.648356982562360073529816872906
5.065914618822993986668734578416	3.220377253995743593861789122457
10.711008775492881994750860030763	10.782694024996835935326089384034
7.398408584017003519761601637583	15.920057098720885591092155664228
15.062432179192985159943418693729	6.320939803348036178931579343043
9.220635888691695924990199273452	11.804150376431900681950537546072
6.404711869220735209751182992477	12.078264524953285175001838069875
8.856227851089395031181084050331	7.200967495791502415158902294934
6.883896731292267645585525315255	6.710544591042838291627958824392
16.579330007094164045611250912771	10.256031301514958897769247414544
15.444605126652181326107893255539	14.394494675110621528801857493818
2.057429163233381430586632632185	12.441445604771763200346867961343
5.140663604749526882642385317013	16.034303388749812313562870258465
13.200011038803200591473796521313	8.717392169969262027962031424977
5.164020542992422413419717486249	5.297398545250985080201644450426
9.346087734283242909327782399487	12.909842650256008411702168814372
5.742160696350184778680159070063	8.249365147955394661494210595265
14.755222896330035808887259918265	5.057513776612545974842305440689
9.388711672923870210638597200159	7.926908852656319837137743888889
8.784697818637987154488655505702	3.226841165932991195575141318841
11.873545556117770516380005574320	14.881699950146604294332064455375
14.297488922065518579529452836141	8.914183699382016712320364604238
10.894901516035364608114832662977	16.033966521279722883264184929430
9.258755280136039544913728605025	8.887460603314194074187071237247
6.088435558988855689221963984892	4.349565970482173860034436074784
13.651185209939040277049571159296	6.237500622179599218952716910280
10.788025975962202807068024412729	13.070740310782117177268446539529
16.273982663236417067764705279842	7.560952292871879976132731826510
14.838087942363262783374011632986	4.279842802888900621383072575554
11.315622817295318824903915810864	18.385845846551646332045493181795
8.343077342432257736959400062915	12.089459328024119599831465166062
7.012061018304724946403894136893	13.756125459137681588117629871704
7.946962455801477531736054515932	7.595819882699426983663215651177
10.465797692633255877581177628599	11.459854624659106647754924779292
12.983177107296858920904014667030	8.307332772008125587603899475653
10.842323565112664596199465449899	9.063121148160306006502651143819
9.777853717809598776966595323756	10.392302591610143025491197477095
15.920379406406087952063899138011	14.840115217897999144724963116460
9.008388877716894782565759669524	12.244202619603596460251537791919
4.885740363092302196434957295423	12.711161423193397368436308170203
6.348025905148132252975301526021	14.840795586933030136833622236736
10.209649192354543600913530099206	8.812686138237943112017092062160
6.901219525305329227649053791538	10.214491586923182708801505214069
8.099277755504555642573905060999	14.525539679783562974080268759280
18.906811536625980352255282923579	7.286585502253315027587632357609
7.470186048474765527771523920819	8.651787552881879506117002165411
11.251628604478268513844341214281	8.343371510557116010886602452956
18.220631417543074803688796237111	7.968254349501988187398637819570
9.137277484725528253761694941204	13.444624139034186072194643202238
12.904115049664067527146471547894	5.369339097468992072492710576626
4.854451041550969847548913094215	6.877151162801290240622620331123
5.476546871046346076639110833639	10.215833681804591392960901430342
6.410328116131054798643162939698	13.134665398514025369536284415517
12.434654298205774836105774738826	7.557143783298430506079057522584
7.175372513345854130761836131569	17.143568957700686894440877949819
14.110321016361872636935004265979	9.726248211694731082843645708635
6.495747229384098986315621004906	5.038348830750114970555841864552
12.733628232177759187493393255863	14.824406644905980812154666637070
9.221288889346819672709898441099	7.279115816101183078501435375074
11.665803782372973884662314958405	4.583280824524834429212205577642
10.249868584359081324919316102751	5.108967433483403652871857048012
5.145465541311566859405957075069	14.012034743501393663223097973969
9.928711600735340425671893171966	4.133086255195364877579322637757
9.310088276206608171037260035519	2.828138071981526557863162452122
6.796866390322111151078843249707	10.633407710638568488548116874881
8.655795958356984343140538840089	12.878315971433071496221600682475
9.523011046175160032589701586403	11.613670541546047942915720341261
4.035695357471607458421658520820	10.044813650584030639834054454695
6.487983272481810281817615759792	12.322334439721011278834339464083
5.316609343774243434666004759492	11.077659181773709562435215048026
8.055428829332463180890044895932	8.869136365403390342976308602374
9.456992045641333888283952546772	7.531492337873661568892202922143
6.494949161306250218217428482603	5.837236128416097180604538152693
9.711302246719025532684099744074	15.126588127322630583648788160644
14.677395695680912623970471031498	8.748751746011460994623121223412
16.485786380034962661511599435471	3.428557733901834936318664404098
14.754168876122026432540224050172	10.954584675724722941936306597199
16.428693447113190018171735573560	5.998547365191314817423062777380
11.233583486075495727618545060977	14.666209301823659671981658902951
7.785514774752213540409684355836	11.699040727509990134080908319447
2.225032574193649637095404614229	9.206208532100253805197098699864
0.231753270027882152248821512330	13.051536960805607989755117159802
10.727799884680470299258558952715	10.321174269252415101050246448722
9.203763674740685019060038030148	11.774706530882008692628915014211
9.902369641778674846932517539244	16.189015173629510258024311042391
8.537604859786762645512681046966	15.287217642249007809596150764264
8.279959029588393804033330525272	4.189658932330695861878666619305
8.650942193594875817552747321315	4.460054383685843504281365312636
3.710640772836023337788446951890	18.620819769572591440010000951588
9.769134964026944700776766694617	12.859333551523651095749301020987
9.923903399006395176229489152320	12.029743923668458904785438789986
9.060632560575806238034601847176	8.888292724575377334872428036761
9.524756908140474820356757845730	3.126947059447798160647380427690
19.233150947378625517103500897065	10.887929168778192945410410175100
11.966283788241504737470677355304	10.454881629644573237669646914583
9.422738033424774783952670986764	11.512916648180867795758786087390
12.208478138062467621693940600380	9.567827215642898508463076723274
9.293009616482803991743821825366	13.654238335961139227947569452226
17.661845693086981157193804392591	6.529201289756277226672409597086
12.786592156437396994306254782714	19.800541835441670457385043846443
8.790895514677488975507912982721	14.278254766911917528204867267050
5.234971090201965715493770403555	15.605907201537714712458182475530
6.215263496289182398868433665484	7.286240616717897466969589004293
7.224632343589769689629065396730	6.260806431907989022533911338542
7.391313645934705078843762748875	7.676772501967725759186578216031
0.627759196373792960343962477054	13.244752296708059091656650707591
13.842903501568750712635846866760	12.365748735460602603097868268378
14.445585150513363004165512393229	10.029142595531956416721186542418
3.213664054318124740916573500726	10.648538165188126569660198583733
12.716507304856040860840948880650	5.985060357415880716303036024328
6.742733237546551627872304379707	9.724218552349649158372812962625
