75
1.909352121813012725937142022303	7.208486209745624151423726289067
9.048487322487044792751476052217	17.858424572401780494601553073153
10.926076755338741008927172515541	14.162594369202949451391759794205
11.425040091720344292980371392332	12.282627327094916225291854061652
19.357577017658069706840251456015	12.145062006414198307879814819898
13.703379963764209747978384257294	4.303830580699685270928966929205
18.945723577262999270942600560375	16.152492777662551759476627921686
7.475379395947807203981483326061	4.855936809605919890486802614760
11.649526928805554959467372100335	16.115216792476118712329480331391
9.483755859772967866661019797903	17.796358901873738034282723674551
13.475699430347116702932908083312	14.342324628619966375708827399649
8.158383340504631320300177321769	13.372334435312355438441045407671
16.397727769833341682215177570470	5.785852082371236271285397378961
10.731075185704654018081782851368	11.483825468262118363327317638323
13.674811464826094109525911335368	2.925142709678723473842865132610
4.803144314367868261683724995237	1.338677841379043886860245038406
16.874690468216325456296544871293	4.000076549025581407192930782912
3.968281655436459942620786023326	16.805862746127289142350491601974
8.385857048620511733361126971431	6.484406941887893793818875565194
1.535164096941622702274798939470	10.231969315758911776015338546131
0.834670095612348728053575541708	2.723623271780547305809250246966
10.437883453883051387833802436944	13.804626585438850128184640198015
15.381778197945687125525182636920	7.511169716945666152696503559127
11.732035696684780745613352337386	6.875014803357661463678596192040
5.466659256727048443735839100555	5.867601884139620693758843117394
10.190385739772585438345231523272	9.895496287687686631784345081542
1.090740466674930964074974326650	6.213088180025439832832034880994
7.688057165011704441326401138213	13.024066228127551880788814742118
2.703023975306820148034603334963	9.862332734026127312176868144888
8.321480452500280122762887913268	5.290826558166177306929967016913
19.188572386424088023204603814520	10.856080297079531149506692599971
12.930907542902676965468344860710	17.589444070944622922070266213268
15.720095065803787903746524534654	13.911290789438167436742332938593
13.149154766854147524668405822013	3.336346208253893053097272058949
6.844015331778898314496473176405	11.072942676504297310202673543245
14.577248446893621647291183762718	6.558307928458002145077898603631
17.383244973851155634747556177899	17.052349544975982098549138754606
10.904718116846741082781591103412	8.698407498239971502584921836387
14.069994898769044411324102838989	7.669038483694733621121031319490
12.656189550783089714514062507078	11.274124955093446587284233828541
8.444226392082004650774251786061	6.430065916089920285969583346741
7.080908514668152520243893377483	5.666993155309801188934670790331
9.989624021813465759578321012668	10.686455738533535253509398899041
11.244002445052325711571938882116	7.529370168254676087826737784781
14.704123184050761352636982337572	11.685041128706467716824590752367
1.395083769355017100366467275308	16.055401684019045660534175112844
15.047626679378215186488887411542	9.609011183714528669952414929867
15.616354004442564828991635295097	8.722390494421821571791042515542
10.123045787181183641223469749093	10.709818954935437673725573404226
7.688104296412312521624699002132	8.667017337249708575086515338626
10.545233239745259723463277623523	3.362423000861945343586967283045
17.554330581882595652132295072079	1.652944937330969032984739897074
5.226259107120111657707184349420	8.200132535168558334248700703029
19.035389700643413846137264044955	5.296740291938178302189044188708
1.746648570662392430108411645051	2.441610063796298746296997705940
12.275920324768213376387393509503	8.151564119902436900133579911198
5.226648914351700980773784976918	13.810802989721969069591978040989
8.892932937073847909914547926746	13.546297142182337935878422285896
10.759867773151672309950299677439	6.722480728943935446295654401183
13.855623796799383384836801269557	14.754717916978044911502365721390
13.395012721631541552369526471011	7.694686936913834429674352577422
17.053182828999990050533597241156	14.423276524036040768805833067745
8.112325829408383981444785604253	2.567881026809778255426408577478
17.205434054550714506603981135413	14.151394666182865123005285568070
7.099914831267609471865398518275	3.855170835580557842092730425065
2.441773063517988173742878643679	14.222936370640972825185599504039
17.212951148429254999427939765155	18.767958131109619301923885359429
8.556952658060531291539518861100	3.136236508226462493809094667085
4.660255314212076171997978235595	0.449847724721390118673980396125
4.161999198291774781921503745252	5.295416225987803038321999338223
11.973090947045504250922931532841	17.872193366474757425521602272056
15.712686314410746035719057545066	19.883582212563290170237451093271
15.903593318550937496524966263678	6.739123812657298095984970132122
14.520422951161400249020516639575	11.875672559755869883701961953193
13.300720616292286635484742873814	12.833856351224545377931463008281
1.554989295490823764112064964138	7.783259049542315288761074043578
13.311172880912890192917075182777	0.868049814445469802848265317152
4.307692883432262753728991810931	5.419838153185932760891319048824
3.316192636350792977140145012527	15.548761251327311683212428761180
0.235559120210642625181662879186	14.826291532557474894815641164314
18.840537929492541024956153705716	13.390816648812316813632605772000
11.338243876861636039166114642285	10.099436200618757908387124189176
14.838530060168736213199736084789	7.978820602215352053576680191327
13.433422052370032062640348158311	15.562490164722566632349298743065
6.746330707984893315654062462272	7.496302593842827377557114232332
6.206130784318965254442446166649	11.595213937131967796290155092720
4.234625778009005969693134829868	0.929805741832711696304158977000
3.130998828693246860410681620124	13.733961378479158099708001827821
3.761145888910766288404374790844	4.210918953811468412595786503516
13.935710890841297882047911116388	17.407903620477888750883721513674
10.840870940048393578081231680699	11.188257145944886516986116475891
14.322297520855467922729076235555	10.057325742732189155503874644637
9.174462920392722153906106541399	12.513724468486662644295392965432
7.286514252418569093094902200392	10.330273858957617960641073295847
12.686268911757808908191691443790	8.610027662742655962802018621005
13.691419498134095533714571502060	10.819836211924359403724338335451
10.742491739066514000455754285213	11.279802527894300823163575842045
6.324278371401298670662072254345	7.538273602573855036723671219079
4.862676715262505666714787366800	7.394084830160402077581238700077
10.145527583859847098324280523229	18.199459400857598723177943611518
14.380227366721022974616062128916	14.661789207979238014445400040131
14.537288515784403841735183959827	4.874580948798074686578729597386
2.688397548674600567863990363549	2.246260937303108828899667059886
18.238557293952236904033270548098	5.923866066701135579819492704701
13.106774931142572526709955127444	11.751115211850891029143895138986
6.694763756616599614801543793874	17.794887478293656357664076494984
11.301415058587284789837212883867	8.486158007777593326181886368431
9.827722215808602612696631695144	8.579702509850442027072858763859
8.652415075122107168681395705789	9.935899662568413504004638525657
7.165919690941105812953537679277	18.766785372798636899460689164698
5.648926844817392378672593622468	13.916740408988513166832490242086
16.564826273899917907783674309030	11.232127062358367552974414138589
0.917641540541113354123581302701	14.311077288423636133529726066627
17.194550917754604313358868239447	9.843073066910301704979247006122
7.565148590005128070856699196156	3.029650769711280666740549349925
12.035148596253133490563413943164	15.534504223690598578855315281544
11.808384218721034386589963105507	9.018004745190976834123830485623
0.104476985379611253534903880791	15.010380909091097123564395587891
17.901158592065090857659015455283	0.103143291467908682079723803326
12.169766139448144670609508466441	4.246942590520361271444471640280
3.976784806992184062579553938122	8.817734604421668009877066651825
13.750428361978201508009078679606	7.266319799835871506843432143796
17.685391259450522483120948891155	14.888436012403897024114485247992
2.764014802339902043826214139699	15.358853380853776826597822946496
6.776807377102853635619794658851	12.703042542566693740013761271257
8.077854560466471767199436726514	15.287272818914134475676291913260
9.228253036160165123646947904490	9.246060955437183537242162856273
12.584753454932828375945064180996	19.787118879655828607155854115263
8.640253322233640176364133367315	18.744117379447317262020078487694
18.039722064143145274783819331788	11.574642086158579701304915943183
7.006781032145107168673803244019	2.125028978250552480488977380446
10.251743975453800672426041273866	13.966633078499048892240352870431
9.189426061567296244447788922116	8.121917481552797468680182646494
16.321118208954224826356949051842	8.912469688063591632953830412589
13.183923352337018286561942659318	8.871811419498184747567393060308
4.920366594403832394277742423583	13.860695638923148820254027668852
8.269377933790966750393636175431	3.486587183511346221820303981076
0.202016737194592899129474972142	7.804087868534373306772522482788
11.076159013570418210292700678110	3.202155612490509284384643251542
15.405003239841635220841453701723	16.283634965504077740661159623414
3.660016170076338060113130268292	15.217701445610067878533300245181
9.013292016409797824394445342477	8.574862281936328045617301540915
13.113463883405012566640834847931	16.507271357920679122344154166058
19.146282637373374768685607705265	13.594032826720313877899570798036
8.020035556481110106119558622595	13.781484037745826753962319344282
15.685576072396880675796637660824	4.086268500940751557948260597186
4.439295837561845203822485927958	9.457841482555240375518224027473
8.002706296693141041487251641229	2.194007385519985309230150960502
5.565094959217628201031402568333	4.023453549249152771949411544483
7.892843737277682514275056746555	7.054345521849530342706202645786
13.328873068445068028609057364520	6.314772084759960435462744499091
19.292167350723627095021583954804	5.781800238875899111690159770660
9.863401122133836906868964433670	1.882831981670499921222017292166
13.723703971621208808073788532056	16.626915931756517608164358534850
3.705239575791409833982470445335	14.859960868465849515018817328382
16.042883862920941595575641258620	7.713466475190642768211546353996
16.498278711261161078027726034634	3.381515189570414303688039581175
11.541314433090422042482714459766	5.420117473753832015859188686591
5.150143858923317274900455231545	13.763423087793444921089758281596
9.053151082291426732240324781742	12.230846080025127520229943911545
18.855023893909258703160958248191	4.791154219072608633211984852096
7.391955007748800099420805054251	7.878186433358441043139919202076
2.373476865842158556318963746889	14.527986965221050041918715578504
8.582820921987735829361554351635	15.805151294856031540803087409586
9.835614062137684854292274394538	3.264037746425358488266965650837
13.992835777664366148087538022082	9.931794517216358642031082126778
7.059634891085417862655049248133	10.060927495201021031334676081315
11.285526524943614745666309318040	15.335932709312832145087668322958
6.085234360626845528940975782461	1.880955288528645574785969074583
14.573813839709387707443966064602	9.904028288372513699755472771358
12.233016610026417936296638799831	5.745224992366452454461978049949
8.375072460273903729444100463297	13.561608055113948623215947009157
8.251779077514720839303663524333	8.520892352705878636243141954765
6.664782034244953301538316736696	5.890966714644947366252836218337
17.026705177231690413464093580842	19.138118021766690191043380764313
9.272554458994495263368662563153	12.180177512252528870817513961811
17.136096097733300780419085640460	12.273648618846220159639415214770
7.382297741020476422590945730917	8.354654718401311797038033546414
2.772670007852656937075153109618	8.537808055920537597671682306100
11.620700660746525301192377810366	6.464518813529131158190921269124
1.298738080078186474253243432031	10.679355074262087299530321615748
3.859240604866284840568368963432	19.832065591246159641514168470167
6.631889538491213542670266178902	5.669455962093083556396777566988
18.949375709664554534583658096381	13.097733738156662752771808300167
5.764219898344614456675572000677	18.614674707085676175211119698361
1.549865355987947612703692357172	10.841848454864294382105072145350
16.624295963296937372888351092115	5.626513378271736698366112250369
17.304828813216531102625594940037	7.693894006266628338153168442659
13.865765027531908870628285512794	6.312901973057639892772385792341
16.884535816894885584815710899420	7.218418642636826199066035769647
7.175619178500808992282600229373	11.377735290722968741761178534944
9.879136541084060141315603686962	15.880448177830633227358703152277
8.787622378797030009422996954527	4.346939169233914768142312823329
6.644418717526034079412511346163	5.684960081245786334136482764734
11.409413748831550350359975709580	8.149368972366881180846576171461
9.709338852130652952610034844838	17.553123587799422722355302539654
14.753825690360571343262563459575	14.314612900378312687621473742183
8.698389326159446710562406224199	10.316030698703961832052300451323
6.276759200282007178373078204459	11.986477848292562242704661912285
8.497820545841380024398858950008	3.310005643109808826096696066088
11.852835402967833999809954548255	8.773270168278351377466606209055
14.507450096558720531447761459276	10.515895068210785012752239708789
3.341919941711275487961074759369	5.448907716631905984172590251546
10.166378779884690075618891569320	15.084580422542305910837967530824
9.106354706511650576317151717376	13.026877286047691129056147474330
13.630754800096369194761791732162	12.978002749424801365307757805567
5.562525605810020756791800522478	8.531055765138969348981845541857
9.805261669539127922234911238775	13.701593635830818129761610180140
1.869810448532673863297759453417	18.101924524553211881539027672261
10.309721512480388483368187735323	6.857394323757970866495270456653
11.758960193916289327376034634653	12.650429262660599860623733547982
12.779509585558368911506477161311	11.155868277799394050475711992476
11.748375756155184035378624685109	2.979895123515326371688161088969
7.992672358767046958405444456730	5.846094981870717965932726656320
13.440655917427564602917300362606	3.376558293582152092682235888788
12.046991466023278860575373983011	14.678289797679607175950877717696
18.547342387123109119784203357995	9.854928981600696857867660582997
17.219087391834083433650448569097	6.047813519324189535097957559628
12.040098866803274901826625864487	11.266684060572915271336569276173
18.236982373569944115843100007623	13.931039443351449946817410818767
1.362870449603363010027123891632	10.328335267417070753026564489119
6.832386755480130524631476873765	13.582211994362655360646385815926
12.063492925640369790585282316897	10.281966457985907581473838945385
11.953399902429644896528770914301	8.714396687694637932963814819232
6.319724955405731314783679408720	4.298522326883386313056689687073
6.165841795764762878206965979189	17.417865967520505421362031484023
9.320423815810656265057332348078	6.304908493943203851017642591614
6.805638756054909421777665556874	4.800994518100175412200769642368
8.951845511038314384677505586296	7.429651010331486560289704357274
12.815381383825283023725205566734	10.130382662952959194058166758623
18.507978069243833374457608442754	3.970541451418737377565548740677
14.178274887020675620874499145430	8.646648774553558070010694791563
17.297384859469321582992051844485	3.169539158865144035104322028928
13.757851777818085992066698963754	9.027493570009626822070458729286
17.461379666545212785422336310148	2.759836532957094856755020373384
16.805237386000889898696186719462	18.428527344583883973427873570472
12.585007451257194333038569311611	2.630752140213719503236688979086
11.865586916811217577105708187446	8.443271684262970921963642467745
11.861691104307331201539454923477	8.857716691251377838511871232186
11.276539733310254831621932680719	1.955959295024828126230431735166
8.956538137882889216712101188023	1.901325519331581226367688941536
12.986710279151409963560581672937	5.007998366932280731589344213717
11.955151453858935184371148352511	1.962369167446166517976280374569
8.635825681450761237556434934959	12.774811674705489394909818656743
18.814867524072266036228029406630	15.257855462331107787576911505312
15.974804289674436219570452522021	14.360912313816198704330417967867
2.295873069079017891880312163266	10.003916813627926174490312405396
8.095758395388406469805886445101	10.834512695871282517146028112620
4.587848957979512753979633998824	10.193959189930540176760587200988
9.314108049057985283525340491906	5.454510426164679515181887836661
4.904585302426056614422122947872	11.757312493381569140638021053746
0.012731587640474106848387236823	9.614947103744494683041921234690
9.270480777256544513420521980152	10.183516059382824892054486554116
4.193662190012314106013491254998	16.983498023172565183358528884128
5.693484962527108450558444019407	9.707771024680900140424455457833
11.463870394486411541379311529454	19.896211511951999995062578818761
14.712472997880963632155726372730	1.573578923738491397443794994615
2.631214067697355218911070551258	7.277145786146859585130641789874
9.570240336848376827560969104525	6.078387733362797362701712700073
14.121751101397675753901239659172	9.848077852179686786371348716784
6.156422888947275851023732684553	13.355722286905098883380560437217
17.471845490511082488183092209511	11.854036955145680565237853443250
6.661688426963998210794670740142	17.498733064212608212528721196577
7.982984650430905659845848276746	11.554141025801822451057887519710
11.964752536868513033141425694339	19.538733864346728097416416858323
10.725454760610750426508275268134	6.202163215708744736787139117951
19.130149984813126451399512006901	4.542619394061345516888650308829
9.499253071278094040508221951313	11.861379760656998172407838865183
7.420259967246619403624663391383	10.351462917709259414777989150025
0.759462960594094127486641809810	8.315413332910544852438761154190
14.603934773101379107629327336326	4.366924590114313886601848935243
3.765290144288012008644273009850	9.537758859682435641502706857864
5.838122042789499310799783415860	16.001916001013235302252724068239
4.759695096068721653637112467550	1.591488223211367181164632711443
3.187944049883120634092392720049	14.934203720961349404205975588411
