75
18.168625762571281256896327249706	18.560281386068556486179659259506
14.361449460558514346075753564946	3.555507342537120862857591419015
5.472906464236330315031864302000	10.657968952454307753896500798874
2.886905331873550473176237574080	5.578375083311406079644712008303
15.464527945324173074936879856978	8.410412829064668471801269333810
15.617506044102260176487106946297	3.903102579390218540567047966761
10.723270899443141601636853010859	18.668193434701152000343427062035
9.933398901764729060914760339074	13.186123835674067095169448293746
5.932482783417211358312215452315	11.227784559292151911336077318992
5.880852344542958576312230434269	6.543349515927282311622548149899
0.427698563261313946526342988363	9.937960356309162079924135468900
5.765324421568808865856681222795	11.955335124097739907256254809909
12.226941515173674446259610704146	6.656516836936921421852275670972
9.632050300535935249968133575749	17.562747481153920148244651500136
6.323983168011086952731147903251	14.787865132370892951030327822082
14.811062903944732127570205193479	16.091256707130686010032150079496
13.934169021727504045315981784370	13.700062806840577422917704097927
12.517912039927638900849160563666	12.752833816082212337050805217586
9.403557068109243743947445182130	9.991044094978366985060347360559
12.444260208531371603157822391950	11.518266419291435909144638571888
11.764501513141182087451852567028	9.101958676629473998787034361158
15.303346992662948622410112875514	11.170956010447946837871313618962
19.861682461385239406581604271196	10.397696189287605861295560316648
10.837288979924686316280713072047	9.622044066147546814704583084676
8.271345823820333009734895313159	8.703105832570132704972820647527
13.823541662914774263981598778628	13.605769683058124286390011548065
7.727766771980968840694004029501	6.733218814409127617182093672454
4.290901757889709067228523053927	11.533344132722589847617200575769
10.099645234062789356244138616603	5.866369062283009583325110725127
13.706514992294140498074739298318	2.759213450998917238621288561262
10.394837808281337743210315238684	4.930455904670520084209783817641
2.033752788523926824382215272635	2.966612195597739809471704575117
8.092377003524356737784728466067	11.674821641672423311320017091930
4.206744777882509112032494158484	10.454547213389609794376156060025
10.543627890425320003942033508793	11.482490475708656774145310919266
14.363392204072273017345651169308	18.837199173159401510702082305215
3.347506769108329116590994090075	10.384588557951584419924984104000
12.958734466508758487179875373840	10.061566978941691274940239964053
7.214983202926908312235809717095	3.923321041002474363068586171721
19.338017507745821177422840264626	12.913588422884291873060647048987
19.828809015906550428098853444681	14.868380749260740714134954032488
8.130114936002252434832371363882	19.294185343869290960583384730853
11.939988033248916110551363090053	9.189887986144956499856562004425
15.122959761635904385457251919433	3.077203293644481529867107383325
13.013496605630447078283395967446	10.339578946586827967735189304221
11.972318821071604943995225767139	5.776111773775275182174482324626
6.232340905828718469194882345619	6.874858688093164360566333925817
5.447927951002974999994421523297	10.369434395842088036943096085452
12.008380720921804751810668676626	8.699477192716608797695698740426
12.229378089875154955734615214169	5.436038641548506689105124678463
6.847835588903880221778308623470	18.782471631605666573250346118584
0.793774788404134623576169360604	14.428949241386275659237981017213
9.754551374083833437111934472341	10.832162854356726100490959652234
5.925985209443310530730286700418	4.487680036073503408999840758042
11.762248464498762601238013303373	8.991002112208949625937748351134
4.525700252893626540640070743393	4.224433787967044828803864220390
7.849912112158156318741930590477	9.554394678342259084047327633016
16.014445323172527224642180954106	8.514046954733602845522000279743
9.178720094757194303269898227882	8.775273275766057423652455327101
6.274466630198852534761044807965	5.513188883269464213299215771258
6.947412698216750115420836664271	14.202122758097948107547381368931
7.260569549166206115842214785516	2.162914316073573317567024787422
3.470384080492325828970479051350	11.690364722663867169671902956907
2.642787279823796353639409062453	13.083194564824268013580876868218
13.153840619787564136800028791185	2.986894760781713120678659834084
11.863740819570718798559028073214	12.057329729762379599833366228268
15.754046997647904504447069484740	2.896197218719787080942751344992
14.559943061913065420753810030874	8.104477918753074661140090029221
11.846847435980921048326308664400	9.192985687987393461639840097632
6.385534712282904479252465534955	1.651904987901463561783543809725
10.343732156222420925928418000694	11.475194188234326020392472855747
11.489074164552471657430032792035	5.090089300476563494157744571567
18.770431156501302893957472406328	11.260248315286318643302365671843
10.927044569424799291823546809610	11.829233649656911708802908833604
11.903227886211151798079299624078	14.960479199304089092947833705693
13.677743021069995066341107303742	13.296250189975499012007276178338
17.069329460228740202865083119832	9.693569699437967202015897782985
16.073194732424461506070656469092	10.526207731528289812672483094502
11.376153100443257670804086956196	11.450989888599387711565213976428
10.356213326633545435129235556815	1.358855455493434005731501201808
11.723159204027684410220899735577	5.487653263733689001924176409375
4.692629127688815238172992394539	10.407822005404852916399249807000
6.540737245282447709371353994356	9.945943020586730298759903234895
15.332042371956973170199489686638	7.459703855567799912762438907521
11.287867740696176710457621084061	8.333451060049386072137167502660
7.347921112917700448008417879464	5.064443970432583874696774728363
6.506290231575835747435121447779	6.990454530480186612351189978654
4.902644389889009524097218672978	11.734375051807607093223850824870
12.050219910562800507136671512853	10.775165771199461062224145280197
8.741248482162687238883336249273	15.453191952374464079866811516695
5.073309912186390491228848986793	13.997197536603639633767670602538
8.913831663710396924216183833778	8.456104125254084280527422379237
8.002106590896886473274207673967	9.784562070804573963300754257943
11.522052892582671290711004985496	11.857776330329787839445998542942
10.509547240116964061940052488353	7.865867956003341099346926057478
9.658525266424895505679160123691	12.408581508879667154587878030725
9.222346339064898756987531669438	10.751902188741055965692794416100
9.365413838769676146966958185658	10.913146513011911409307685971726
15.261057046718272900420743098948	14.938369922983401494320787605830
19.055537051141318016789227840491	9.467703876588926092949805024546
14.234679581525625735594076104462	11.825011757762837305563152767718
8.235142643930529970930365379900	9.756098466570444216472424159292
14.203206244108837807971212896518	13.161373275222935319561656797305
8.309035008217117379558658285532	5.456022630987439114846893062349
12.317927609661579069211256864946	7.173286207410208170642818004126
19.132233986212050069752876879647	14.495383125408791258337259932887
8.267550011639258400464314036071	5.741915751264017764299296686659
5.940771717122554029799630370690	7.815263691814120505796381621622
6.358766940062285044632517383434	5.451868821213381899326577695319
14.376345113319233703919053368736	12.880169586405340709234224050306
6.771889059718648518071404396323	8.314211352543278366056256345473
13.335229043149197991624532733113	5.836396371719902553820702451048
4.111484854560382373733773420099	5.943476717324934099906386109069
11.326626563994846463856447371654	10.496649715020836879375565331429
9.322671000029830068456249136943	4.676763620932511855698976432905
5.280539243507033297930775006535	9.664757132557095786751233390532
14.455894317875650045834845514037	8.902366119184183190782277961262
12.741049839457588177538127638400	13.986125640309722939491621218622
7.880218399226901482279572519474	11.270282761707528962347168999258
5.933095397968473960759183682967	15.126052637678627732498171098996
15.298567943654225231853160948958	10.597192984399484316782036330551
7.912706392760187945611960458336	7.361123339744307436660619714530
12.776521665187134502161825366784	1.129017567967403046225172147388
9.092473485994258197706585633568	5.697326409702147209657141502248
6.908722535770364103768770291936	10.221583468076204326280276291072
6.258223713139806854144353565061	4.134388568219153015093070280273
9.954418928976915381667822657619	15.415854801309031074652011739090
15.751551106742571306540412479080	14.385675118443355557928953203373
6.030127899076642705722406390123	6.740191071270536404824724741047
18.874118379686493085500842425972	14.084045315149428034828815725632
12.700435193135248823637084569782	14.255131521194410737507496378385
5.746952579267730953915815916844	16.382015517992027042737390729599
13.099800638976123678958174423315	11.001807850014522216497425688431
7.408802752037081162939102796372	8.816593900962384822150852414779
4.294605980920135124279113369994	4.429043929885432717696858162526
14.412069246675534017754216620233	11.305868639266225983419644762762
8.974292301234077839922065322753	11.179956763620387150126589403953
7.146230717890637684774901572382	13.243761301977482247593798092566
19.403622401411936948534275870770	9.823260220247359342238269164227
8.346615850956936810689512640238	8.798085289844253864544043608475
15.690143810068816421221526979934	6.596616301389018666156971448800
5.282188029953766239543710980797	3.348873097570060686223314405652
8.556065379796505609988344076555	7.527709407770404759219218249200
15.351292866704458361937213339843	16.265280436510920480941422283649
7.708955470174982060882484802278	10.383412819401023341470136074349
10.796674507965832390254945494235	8.081980307535161500709364190698
19.081890356381855156087112845853	8.305071967889585238253857824020
7.306358127970407956297549390001	13.268959847025605824910599039868
8.263774457252079486124785034917	2.706872540942200977553966367850
13.153880124335392665102517639752	8.152318130839935506060101033654
10.479773943375477074368973262608	14.389144125272078866828451282345
8.704223280723091704658145317808	10.089412355378952312889850873034
14.251822980393082929140291525982	9.274646777404903730257501592860
10.475427149979653407285695720930	0.455182503569344643068461664370
0.427983423474702640021405386506	10.496230803992490976384033274371
13.583935648001107310278712247964	3.794903188709587205096340767341
12.662821741852187784616035060026	10.458735881839482217969816701952
11.028661056548585861492028925568	14.547710681279223621231722063385
18.753777928568638344586361199617	15.014793509634689172571597737260
6.934907559241325181176307523856	9.826631321289502452032138535287
15.433096720286782144171411346179	10.938227261476640705950558185577
10.989444381887134127850913500879	8.680166552116673983618966303766
7.836289095908867352591187227517	17.446623461506476360227679833770
9.244669813795699297997998655774	18.291590814177450141642111702822
13.400625365324819071588535734918	9.345240582500396797627217893023
12.334204941126733601208798063453	14.415153980450012838332440878730
2.095249609964908721337906172266	9.757812325830535371551377465948
17.493873160174054248727770755067	9.327486582896312938828486949205
8.639018698011330599229040672071	13.935265449172746343720064032823
15.352613353777670113231579307467	11.134564452849797788758223759942
13.305232319370688287563098128885	3.110249144755790062788491923129
12.566211024621694036795815918595	8.871816815866113259403391566593
15.321334638689670271105569554493	12.215812196978767190103098982945
10.502086274749139249706786358729	18.834269736604124290124673279934
10.286234554735775859057866910007	11.974684351258810366402940417174
11.220123184630525159377611998934	9.055569053275808855119066720363
4.178383617832912122480593097862	5.636973283343956531155072298134
2.767158922124600906045088777319	8.792940838064982500554833677597
14.759256231244645363176459795795	3.492270364813818694926794705680
19.611971709151958975780871696770	12.111586418037823875692993169650
11.761355074406470322401219164021	14.267760465995234397951207938604
11.814597131592257994725514436141	12.509054644716698589945735875517
15.569776624544260812399443238974	5.908474358140241022852023888845
9.920464299201345426126863458194	5.175887605666352975219979271060
17.969356889121190334890343365259	8.597941348576343401077792805154
8.039544879397134025111881783232	16.027392568199818612129092798568
4.994479303704029149457710445859	11.224339883416476482125290203840
15.437136754021533846525926492177	4.347309955122299562901844183216
8.236035428901372412724413152318	11.166322468778554721779983083252
15.307003624742806735525846306700	6.689965232730873623268053052016
11.241395611768220774706605880056	6.867764985916869235893500444945
3.243972920088844524855176132405	1.665537935197515251317668116826
7.865104276876047073585596081102	11.215966997176916919443101505749
3.971682322383159657874784898013	6.775208092952534677522180572851
10.171670354222788645870423351880	14.048250353613564556098936009221
9.168172868383857476715093071107	17.648610532231554515192328835838
3.225182376031340503175215417286	13.291995022564909945117506140377
3.194219796854500525995490534115	5.568783939299291496638488752069
5.720849372295171875180130882654	11.619122455364536250499440939166
7.812977641078227897253327682847	2.526233755794990987197934373398
1.937550729304613472692153663957	12.415588369872725849063499481417
17.662915895746920114106615073979	18.956559958367343199370225192979
13.214623274439246003453263256233	15.753420329930985843702728743665
14.508290448860575949652229610365	15.664649003596746723587784799747
3.378958322774734401860996513278	3.846133128912282650446741172345
6.546387419290409681593700952362	13.649979339017901835973134438973
2.183615035416659466704913938884	10.922378971350051202193753852043
14.241365162981217906690289964899	3.941623204816775416503560336423
13.948480112683599330125616688747	14.183072338534529421849583741277
1.480173682610457230879319467931	6.253364361481813737952961673727
13.656383064116196734971708792727	10.750042253062909836103244742844
13.285138802838337923617473279592	9.234374865495286854866208159365
9.028084141387859418159678170923	2.550778238996066704658005619422
13.330319748203356411409004067536	1.659692788489929293760383188783
7.777073205080787587917257042136	3.995478890693800799738255591365
11.879244190736162778421203256585	9.774412636875016602289178990759
12.232592118216299326149965054356	13.186018267497480849215207854286
10.577426107854750014780620404053	3.138087201691353911314763536211
9.897923445885675519662072474603	0.521351365483799789046770456480
8.281030123192904213169640570413	17.139666147006845875466751749627
6.708054287156663519908761372790	6.889280827397658235611288546352
11.417616847242744171353479032405	17.356876537377250002691653207876
11.823577618959326684944244334474	13.712921811225275092738229432143
15.510583607505092018641335016582	8.752293412912010239779192488641
11.609935936777949549991717503872	13.817382719032378801671256951522
12.775138322055651585174018691760	12.195114910470534752562343783211
12.739675578476946427031180064660	11.821278013915856419657757214736
0.083695031958825882867358814110	15.024284399137789236533535586204
3.079671551051262667897390201688	7.229629067737698200346585508669
17.277505091479369525586662348360	9.756065985710423049681594420690
9.837272502545795660466865228955	16.296368810066841348316302173771
17.194847208158662965615803841501	4.747710548899139126888258033432
14.847015784301529350841519772075	14.091283432163695721328622312285
5.921441084368760598977132758591	13.045111912292540523594652768224
5.253301448037185572559337742859	9.621938099802157751128106610849
7.967002044104487090692146011861	19.905953515073331772100573289208
12.590876422099007925226032966748	8.968695698534547844360531598795
13.905557478718215236312971683219	12.948280412607736877816932974383
11.450703204134510926337497949135	7.190713231046167663862433983013
15.300802425925949634688549849670	0.567661464423311334925870141888
6.265711150362079706610529683530	8.342484112049961098023231897969
1.811713249946093062803242901282	9.129155378751301341821999812964
2.325237390991523600547452588216	14.014629819308941804933965613600
5.045919480185920846793123928364	4.133514056665009483992889727233
2.372256907517586999034620021121	7.673853356616342047402667958522
4.235852958170863935549732559593	8.530497820247619600309008092154
4.911735458984405333637823787285	7.087455311107728306296849041246
7.217423848566405730764472536976	5.074059668505586095932358148275
9.081352599880332832071871962398	10.641963259628013815927261020988
11.810122427965845659514343424235	5.404944321424994591041013336508
15.571105212513851157041244732682	9.675412335179172984567230741959
10.507915893136148710595989541616	4.306044522645652961045925621875
15.797128469363402203384794120211	16.046971699495738761243046610616
10.521274771562334038321750995237	11.941364762919748798708496906329
6.002843518634123576305228198180	7.603961206440131626038692047587
11.607944647215466815737272554543	6.828535029160140545911872322904
6.013745531755355422376396745676	5.223579855265370497363619506359
17.175558539062457441559672588482	6.519005898123911180164213874377
11.220220136300508073645687545650	10.228464654799221733583181048743
4.848478199860176474089712428395	6.118062702530226992791995144216
2.129085826424815586221939156530	4.084418916163642165884084533900
5.273904702425195267778690322302	19.630177337177531882161929388531
15.207676338488418821270897751674	3.215828354179889103647838055622
19.029279926467026484715461265296	11.545010953094827499398888903670
6.281104278094971071766394743463	16.317759867773446558203431777656
9.443477744515986316287126101088	12.205706148248836484526691492647
14.982067151359089507423050235957	5.470220649937012069585762219504
14.276904795168480433176227961667	10.963832971781073410966200754046
8.636471449858220239548245444894	16.375310614841879441883065737784
9.459930157302659736728855932597	13.206229907972716119957112823613
11.674595834597734977933214395307	9.626802146338469867714593419805
14.110474051227283709408766299020	1.269653265159766952763220615452
18.457734363858097736965646618046	16.432637344794965628125282819383
18.661050646429966803907518624328	7.865025563671463437742659152718
16.161419160315951160100667038932	12.880166513236103398298837419134
