75
19.105985421398969492656760849059	14.110674694887151758848631288856
6.781437651990350978792321257060	12.621648813947361489340437401552
16.217574291479468939769503776915	15.762305631837794095417848438956
8.314137330049376828355889301747	14.137647918586765172221930697560
13.088931140865369684433971997350	6.081404433301825562807607639115
7.025650965598805086642641981598	6.128112923071876494418575020973
14.294721200756605128390219761059	5.582827003663183518256118986756
14.792078354209042601041801390238	10.328186970709852587901877996046
16.635234724038429732217991841026	13.452975398958527009085628378671
9.673911238671848877856973558664	13.465876366585707302192531642504
3.801394639666977326442065532319	12.808050372088480628463003085926
15.109536581187711590246181003749	2.208953422595035576136979216244
13.607420823331525028265787113924	6.816282906551218268020875257207
15.584904939148291447281735599972	7.395536632155212508621389133623
7.719843328824833150747508625500	5.591755503172936236921941599576
4.429572680442486642959920573048	2.956450644944538019842639187118
17.174714875033068040011130506173	8.883772830057262481773250328843
9.637527801603573252009482530411	5.206642869514994664825735526392
11.447342315028070203197785303928	5.080138158766458467141546861967
11.606861113535835272614349378273	14.739949842037635363567460444756
7.245895150602478018697638617596	9.814507257030619769011536845937
10.026145355684468185586410982069	11.200695094294452758276747772470
7.659565109729816967387705517467	14.094157401983814281720697181299
10.506053986131671962311884271912	7.486376238368743329942844866309
7.873893632188941005267679429380	7.040406853663191633074802666670
12.204198790909702054818808392156	8.436026334224585809806740144268
12.370718694721514196999123669229	15.413787898425209021979753742926
14.004091038552683556872580084018	16.670707724723698106572555843741
4.430088624998602675475467549404	6.915177201818742958039365475997
11.098888838356836927800941339228	7.631311607926958728853605862241
6.178993456098847758539704955183	8.948640068833563887551463267300
11.761161094430921281173141323961	16.498125535160419019575783750042
12.840904067464194326930737588555	5.635987148352046283150684757857
9.981080178234039479434613895137	15.043509153940981093455775408074
10.838811348547832125177592388354	16.325010498516302703819746966474
5.724300870044950251269710861379	4.408786068438395489010872552171
13.624433477045313267694837122690	12.971299454707533982400491368026
16.627559721400793080192670458928	9.208215432171405367967054189648
5.004003879925054576460752286948	11.735124318619657657336574629880
9.118612702376646339530452678446	17.307978573786076736951144994237
19.715097447743676895015596528538	13.356839468423816086328770325053
9.340139372011437401965849858243	17.789572650103774975605119834654
8.430953397362152657024125801399	9.414139962291763197299587773159
16.657973355191973752198464353569	12.698700519492675198307551909238
19.279459563877392014319411828183	12.721300113880669613308782572858
11.562077746169633130080001137685	8.208133125616765113363726413809
13.800383013607344651063613127917	16.487079612830598307482432574034
10.796088040500150029288306541275	10.570116679339188081598877033684
15.509319275709666285933963081334	10.680336192687123642031110648531
7.999431967849723434937914134935	10.061477286283736276573108625598
14.080014190107450033906388853211	19.637530611334355512553884182125
7.373151301694973014377865183633	5.341880640813672975752979255049
2.560132605736578081945253870799	14.913322532154493771372472110670
18.030441299062431426136754453182	12.287032905234172019959260069299
11.911376568846254286881958250888	0.268038006316350108093615745020
7.467058152164273820972084649839	4.461240968917145721661654533818
6.261421767162284268692928890232	16.293682964069727603373394231312
18.257434586151955357991027995013	6.183275845518586777416203403845
6.789707023603831714808620745316	6.678180588288326724466514860978
10.634754600934542168033658526838	10.583095858377543407868870417587
10.485357125160293279009238176513	15.444693934784826438999516540207
11.276637443680250783017982030287	16.808282986850009876889089355245
19.068116629645086135269593796693	3.713501625845929687841362465406
19.960719707476155093672787188552	11.118111707510969665690936380997
12.210914572458698046375502599403	17.700076981928162922486080788076
11.011446115858479544158399221487	8.476003171580209993862808914855
10.472934079562092435367048892658	14.903412982335657588350841251668
18.596014511563875970523440628313	3.100176898568872907446802855702
11.564573988940423987514805048704	4.370338374021732974483711586799
3.536864310823345292078556667548	19.141407461966579717227432411164
12.834009235019436800939729437232	16.058658898328118880272086244076
8.877581909279433247661472705659	1.580294958136163607775870332262
10.214107163402916356176319823135	3.777482816798735321128788200440
5.191026536757325615667468809988	9.558579057602266004778357455507
12.900920997328299222317582461983	10.035496369322830290116144169588
10.486605228994577032608503941447	11.073109454871786994090143707581
11.071199909885617529425871907733	14.934878445082940601196241914295
3.482161559267114903093442990212	15.397554685707772748060051526409
12.605798010298453704081111936830	2.699719806290779899882181780413
7.649645193945906029853176733013	16.489260557735985202043593744747
11.485738414941364382571009628009	6.748327692763147922505595488474
7.759308071955850039103097515181	8.639299772948358935309443040751
15.962262607525968149957407149486	6.544478309560590290061554696877
10.588239911055261188721487997100	13.746884234803680158165661850944
11.851892936243418219532941293437	4.961745800289726560095004970208
14.763689429841974742885213345289	1.533255833339588480868087572162
5.832423391675027879443860001629	9.107900720279141992818949802313
8.500613160360668274506679154001	9.179948495316098799889914516825
8.098694457413259328859567176551	6.344461548061753219940328563098
18.712838754289339959768767585047	12.108577964480470967600922449492
8.602243125906106513411941705272	4.020143893838399762330482190009
4.570894795520766606955476163421	6.361162289353538668024157232139
11.128186416130409597258221765514	8.744203851995393961260560899973
11.365888280557527423297869972885	7.622156354178181381087142653996
11.303531681019288512857201567385	2.607536801859291486493930278812
12.935938499897384090786545129959	11.475045675769132813570649886969
13.472669679493918692969600670040	3.578659540349406142922816798091
0.950433474375919074006446862768	15.721686653218599261094823305029
3.338436705387021419255688670091	7.488318835063027201215390959987
14.102819857388540825127165589947	5.544983992248032400596002844395
6.827389474334883523454209353076	8.128793518826897823714716651011
6.082473664040745298109413852217	8.625134640173916622529759479221
10.771725886295806517978235206101	10.324332537671510934274010651279
9.497655034873716317633807193488	12.367914947344969434084305248689
2.944258106265854380012569890823	1.368482612001840070803382332087
5.988152674615728976448281173361	9.382104978625283919768662599381
4.165523483531452519912363641197	0.284887150010230127961108337331
15.246132744928745594847896427382	5.421826455316566040210091159679
14.257380731118102445975637238007	10.835473572881200610140695062000
10.942455933896386710557635524310	8.519269427327573751540512603242
12.930696940427669261453047511168	1.615400127625694626232188966242
18.542285808019649095967906760052	11.628229544568366549128768383525
3.822364502223808635505974962143	12.039811536524819501892125117593
17.481038247279531816502640140243	5.378108015120023566169038531370
5.868764073633431443965946527896	4.835410019748570320530234312173
7.206557649558348543905594851822	11.872539152950949414844217244536
13.342257293933766248983374680392	10.076362039395160508092885720544
14.503054715198384627683481085114	7.879696994726001157971495558741
8.586300172605376701540080830455	9.769185454367988796775534865446
2.608965240558908327273002214497	13.281144462558780006133929418866
11.453681039564884258652455173433	12.218534763186786662458871433046
13.173184046578688466411222179886	11.547050520469708700943556323182
14.872661039661180026882902893703	11.409793205917235781043928000145
11.303445483231243429145251866430	11.141294148633880567444975895341
8.320973302915053437800452229567	9.243091676545789781016537745018
10.317940264011697948376422573347	3.401576553004714842387556927861
13.565400537908793410224461695179	12.182500895136341156899106863420
10.229717927342814931535031064413	10.540151694492902123556632432155
13.832579149148232389165968925226	16.964324154720983983679616358131
11.602517763514004656144606997259	15.183242973899721661723560828250
0.008747677400439135553256164712	2.862668288708771768824590253644
4.773294155469651300904843083117	9.917403290153252726213395362720
17.415933895161391120609550853260	6.637930219687682154017238644883
7.611171644780525546991611918202	7.891920102698584571498940931633
8.847658503475633651191856188234	10.620642674195284627103319508024
1.159286857186357933002796016808	7.136301546605062995354273880366
14.477617082556054839415082824416	13.498053163879085047938133357093
9.698858232407875590297408052720	2.206989246864138110026942740660
16.875327425394225144827942131087	10.952704417904520539650548016652
8.961925867782465360278365551494	8.492672944232007026243991276715
2.026887986492723392473180865636	7.517995724997517115184564318042
18.227416497407816109443956520408	3.611760961397374458670128660742
1.702154059749244607857576738752	12.742650596308884303198283305392
12.011161633693230754715841612779	10.121145984088128599864830903243
10.588496598478226218276176950894	17.620739307915414428862277418375
3.139470331242120160197828226956	6.237894321814147602367484068964
12.122453864203482254424670827575	6.239319966159011521256161358906
10.282705416975952417146800144110	4.358343465560537310921063181013
9.319478012405793876382631424349	9.580895995711324886201509798411
16.794576344067760231837382889353	7.192527382723345574788709200220
8.576728658364492829946357232984	14.540171092975045397110989142675
17.473690461910290849800730939023	10.815713127824279737865253991913
7.860849241411727028605582745513	11.220077124993816042319849657360
4.393787184972489434642284322763	16.401883472717923240224990877323
19.484073349702391908522258745506	10.382355131494676925285602919757
7.493565385045262594587711646454	6.352954451175043537602959986543
10.728352125197577748849653289653	5.617996291855270385440235259011
10.696055415027258206350779801141	8.960393417120844361534182098694
16.620502539519634410680737346411	9.673249101855542875227911281399
12.307070865149784211212136142422	17.075312358789620503785045002587
11.494770754274696855645743198693	11.124231521961096547101988107897
14.358950474326281465664578718133	12.554632181538444513080321485177
8.783835468039391969341522781178	0.507569950344339826386885761167
11.941118970066982640787500713486	6.525621234530805558904376084683
3.493674497375220955319718996179	12.557136773293759546277215122245
12.248947007764849459476863557938	12.951087721443641953555925283581
8.905708794626074009670446685050	6.896732754806539134051490691490
11.097280666522641112692326714750	16.645754249943838232184134540148
16.474382656395270885241188807413	8.107239978938228119886844069697
10.543997264107671796296017419081	6.044757920109145032938613439910
12.499114260126681585916230687872	13.540690499802842339249764336273
8.774388700925683792775089386851	17.531977925122603778618213254958
11.859402040210026640920659701806	12.119771561376103008456084353384
4.984750246465864620404317975044	4.812035989176036920866863511037
10.169608135553648509130653110333	13.051255625556976269763254094869
18.559299698882259832544150413014	6.961016266045141342999613698339
9.174460857530084112454460409936	9.959969625353977562554064206779
6.412417339970813756622192158829	14.029417640758421015334533876739
8.773939344739963175356933788862	7.414377581274433026692349812947
8.974134545199511592272756388411	6.193041241910016481142520206049
6.850498983995453983197876368649	7.742432930161482929065641656052
12.428854150091254382459737826139	5.299329048157156663023670262191
13.908433192998172600596262782346	9.048084266775189732356921012979
9.176898078871424502267473144457	12.167009613802537870697051403113
15.342386649073180393543225363828	7.669695771625169911089869856369
11.607533295728762468002059904393	14.221644157077339087891232338734
10.739304392272176258416038763244	9.506439589769499320937029551715
13.668895771484905310444446513429	10.199835688440956005251791793853
8.695075133095127029037030297332	13.367623998792797834767043241300
9.806343914561781005545526568312	8.534069550638941237252765859012
2.863884934799410864059154846473	8.682692718950805854660757177044
9.929589335251328918729996075854	12.149984559066567157969984691590
12.305948865232142708237006445415	7.051544727826346559140802128240
12.814403218865644262791647634003	12.552168903543751810047979233786
10.207543221180690906635391002055	14.984065888522701825991134683136
7.389432225733631121045164036332	18.573452321480125704056263202801
16.222695898874253117583066341467	5.568180109208594075198561768048
15.704965000870229729912352922838	13.320942318230098777576131396927
11.457373338169080767556806677021	9.703905574285265345224615884945
14.597784254027375894224860530812	11.597020776349411974592840124387
12.636265306162405508416668453719	16.323081386807572812358557712287
7.035895758708259783986704860581	11.099378064730023751849330437835
10.829058477024215534356699208729	15.096296139128240199056563142221
7.780279654742769501751809002599	12.816554872222685190763513674028
14.375774751577482746256464452017	3.107838772221853673727309796959
12.112040462378843130863970145583	10.443290492693908078081221901812
19.636513951617111217728961491957	7.515468709601683450216569326585
19.852542814807929261178287561052	16.986969480800450327251382987015
12.858697571459771324953180737793	13.718005659229454806791181908920
11.647266343959907786143048724625	5.473028021587881042364642780740
5.500774122569268342886061873287	12.655849504422144846671471896116
14.798674125347888619330660731066	12.431543275633044842720664746594
5.119946589669409853229353757342	11.812191850506410517596123099793
5.715004453801820538672018301440	10.699526997421823892864267691039
6.450278006010568887518275005277	2.766931484231024640507712319959
6.015497295583159598209022078663	4.663758083871588411284392350353
12.736446319701444807037660211790	12.444271838534977092649569385685
7.699807839643109552696387254400	10.386527503772102321022430260200
15.999305303326879723613274109084	9.367838112919990578575379913673
10.680974224788778670358624367509	12.800813114990260643821784469765
7.395919232068859372475344571285	15.690092059429710857898498943541
1.583291516820901634332585672382	2.274648715560174672134508000454
10.862517376494993825986057345290	6.163008159568885702128682169132
16.482095147461190975946010439657	12.285279629172148219140581204556
10.557351128047853805469458166044	11.265767140825914793822448700666
2.587015129721996764544655889040	7.934511547637699280244305555243
12.408018433175222128284076461568	19.184319474304309949275193503127
8.270212006088767608957823540550	8.574009483800413278231644653715
7.046735739176513746429009188432	14.583302834423236049588012974709
9.483824484468813764692640688736	3.293621248268474577258757562959
8.211887055531624568516235740390	5.046063542573370419574985135114
9.180728166187082095461846620310	8.840161426287398427348307450302
4.357995597536270082628107047640	14.789633236942826499671355122700
8.715320816125315062095069151837	14.973767394465152591465084697120
10.809860936303543610392807750031	6.321237217468232749695289385272
8.759734170693219468262213922571	6.580385291407740311342422501184
14.926508656084408244169026147574	7.918196972476192918577453383477
8.497339094596545905346829385962	11.344663928925193374652735656127
12.989122611342212465501688711811	12.828813071390253952586135710590
9.291137994171929648246077704243	5.913331329896768018272723566042
10.453302554316749706231348682195	1.764632106625179108760903545772
13.792242963206398087550041964278	4.249758390346942249493622512091
8.237017838895992483116970106494	0.980685623608551493290974576666
11.804006310138159818734493455850	14.996348774122212788029173680115
8.661782037229240671649677096866	11.696751849053063310179823020007
11.232023899065193717206057044677	2.230219333592909691788008785807
12.516239506637324652160714322235	11.228590733252127975561052153353
13.484617051153218625358931603841	5.425123215266524745459264522651
10.843533598826567754258576314896	6.727284014664842715092163416557
11.073827184369843479316841694526	13.554953108567859842992220364977
8.717797226248231723388926184271	15.098240830417537949870165903121
9.266023964393383494098088704050	10.345099856535799887069515534677
14.056663718788078298871369042899	17.668578315327870598139270441607
12.295876818581337630575944785960	4.495471216963348837225566967390
8.350855603926603976105980109423	8.156354554185472949257018626668
11.818523550845396741237891546916	4.545743837179314184027134615462
11.425054880091606079872690315824	4.278818955205981211520338547416
8.483152534847544501417360152118	12.383734161333020296069662435912
14.743604729592572510910031269304	14.291519329432192719764316279907
8.484229095907535267429011582863	11.546173967012547834087854425889
11.773784918943620780851233575959	11.522780907674524897288392821793
9.079946776411402353801349818241	3.938908074524605229527196570416
18.020589990340663888446215423755	7.449977701868570001408897951478
16.807867527641473515132020111196	16.601635674457028812867065425962
1.448815840995828496673425433983	6.602168437990031613082919648150
2.908384287686359925828583072871	7.023874579584064470338944374816
9.565955830537900439480836212169	17.372369760605067767755826935172
11.738778029114135037502819614019	5.653820197489729970641292311484
18.087251639233627997782605234534	7.261017030273234418302763515385
6.384359025862737624379406042863	5.015137401138986206206027418375
10.614713962196537622162395564374	7.038148616331676876711753720883
11.965939195524569527151470538229	9.443552464253711420383297081571
15.699256370985558817210403503850	9.606464867844040966815555293579
10.412345777980878125390518107451	7.582123793063957783999740058789
6.011015804652377170214094803669	6.584503421177788418106047174660
