75
15.740825962718837160991824930534	12.819566860766828497730784874875
13.431364535521622016744913707953	3.297795710790691892100312543334
6.651041536723863778490795084508	5.176001457254304050081827881513
9.920909563554182852840312989429	14.854985902360828831092476320919
6.347895298019535559319592721295	16.324420754360176033515017479658
9.284007011932374098250875249505	9.293015480389172466857417020947
4.465491630490737051673022506293	4.374496456791653109519302233821
12.626470178476933980959984182846	7.632391839735795713295374298468
13.720519426768927218063254258595	7.507343608339459350986544450279
18.126203019653519987741674412973	14.284591622675661071184549655300
13.513179205291931950227990455460	18.257536603719525913902543834411
11.647503219731863310926200938411	11.853081055021517542513720400166
10.128676738044518401693494524807	8.410837016195515047911612782627
13.261688429702916280916724645067	10.214219328954456500468950252980
10.119050472708995158654943224974	15.467537635770455040074011776596
16.025539715774051785501796985045	12.056093999830855167942900152411
10.062397071875873066915119125042	5.570122087794480592037871247157
10.778493048234631501713920442853	15.998842429774867923697456717491
18.761732753528225003947227378376	6.933211085590833988590020453557
13.980540973275582317114640318323	10.410957343502561300851994019467
15.340699869818202216720237629488	2.388422408079700964833591569914
16.707464950585251273196263355203	9.940691722706448629764963698108
4.216233487601163787417135608848	3.779685141608771559162960329559
11.861410875110680152033637568820	11.265254023001126881808886537328
12.430517687219575506674118514638	16.966734993853048507617131690495
12.881421025992924711545128957368	15.222628966270988826181564945728
9.666970271951626614281849469990	8.749253936106693885221829987131
13.027714091365357518270684522577	7.388896379363431243803006509552
12.897608928697964714160661969800	10.452940938701333450921993062366
12.298742181364222147976761334576	11.776790082381429769498026871588
15.853263069664354389942673151381	7.963636749987997198729772208026
4.857563075859561152469723310787	7.976122573784350855419233994326
7.414129349269969360136656177929	9.437325322267744454052262881305
18.863175771322008955621640780009	0.543880969620263998720588460856
1.196612835240000727310416550608	15.936611440571059716830859542824
16.258639528039751098731358069927	13.639602173477719304628408281133
14.170232485322745930034216144122	2.093022770698426349156306969235
9.667773135331772849099252198357	10.348748807668732396791710925754
7.302322634741126528012955532176	9.456217398131482099188360734843
16.223650853311365693798506981693	13.386009591912422678205984993838
8.355284000841161073935836611781	5.924617352024551308886657352559
11.824021187935521481904288521037	15.174207524821536452463988098316
5.241384671110324688925174996257	2.960749256888632885420520324260
13.179951009402953943094871647190	17.840570191686236256600750493817
6.792790904520963124468835303560	11.738432534605427903784402587917
13.359690270908082254663895582780	10.457955837383218877789659018163
10.900573596664875353212664776947	5.507871491843056688253454922233
6.188219251765233686057854356477	12.011385922535499304331096936949
1.750873785288665773762772914779	6.696827462067155956049191445345
2.135743438327479815086462622276	6.352075960813547972350079362513
3.927612709603068630315192422131	1.478744988396198944968773503206
5.135569822243952309293035796145	11.249915329513283879236951179337
7.375261514721652034154431021307	12.445237421062248728276244946755
14.477951333470173267414793372154	0.750487007233634484393292041204
4.590711460485397132913476525573	7.762929390398555007379854941973
6.061576098372460918994875100907	14.086296238045340700750784890261
8.245337811998080468356420169584	9.014376182623092148560317582451
4.931475567090260803126966493437	6.536490562756641864439188793767
15.303920714620801390992710366845	13.587900354999732144278823398054
6.001611608247115370318169880193	9.863811939358409830447271815501
10.645953900951486303938509081490	7.858497254498248985044028813718
7.705200105257066667263643466868	14.137947699072984875101610668935
13.605942876323409151950727391522	4.051632368406896667067940143170
5.225495920466562971284929517424	5.870292756189118499321466515539
10.168286168460811680347433139104	11.309349871380808494336633884814
10.635194354181875198150919459295	11.719640469808119576100580161437
15.056024484515713623977717361413	13.727130436649508382629392144736
16.310208628302394373577044461854	8.279872910014297815450845519081
5.178356353210912033091517514549	7.086095779163160912617058784235
5.454562244423416750294109078823	12.269198196098548336863132135477
10.057522095069078460483069648035	7.815344827900918112106865009991
11.766724664959305357569974148646	10.531601608272309178460091061424
4.898628871940445606014691293240	9.513010734626377029599098023027
3.274306430950732149653958913404	11.487153448802596145128518401179
11.985867713709867032889633264858	11.948570886541702407157572451979
9.434438981598402662598346068989	0.945609753062003344226127410366
10.015104327347001955672567419242	9.411995977375312349977320991457
19.463579201827272413538594264537	10.930439632942569261331300367601
11.571088240082490372628853947390	7.336544434471782061280009656912
11.901967905061198393923405092210	17.867206971160811690424452535808
19.742399206547837309244641801342	12.133777727652921285539378004614
8.535842271183247120802661811467	9.275917389936326529209509317297
14.955329480118537688326796342153	13.925580985077358420198834210169
19.074311784963946081461472203955	10.809815037422657368892942031380
15.667499282765497525815590051934	8.428997406050495300178226898424
13.095348251501665259866058477201	13.375232511043344985068870300893
3.192265454574318983560488049989	5.113734011805837198494373296853
10.493908042651852952076296787709	13.610188016754037221289763692766
12.982701794829862862457048322540	14.776516211409269629939444712363
19.842140647771028483248301199637	2.994397011705936861858390329871
11.219648633556047911952191498131	9.217119059132093283892572799232
6.155740182681925354302165942499	11.843189958469482192526811559219
7.772012562067126317799647949869	8.020131754549343128246619016863
17.100181788194518617274297866970	12.534944231287953542164359532762
1.423325262932605417276477055566	7.680506051308502613039763673441
15.096273536802765846687179873697	10.322095611434495054936633096077
6.357613851179744202113397477660	14.103069770368323432307988696266
17.928263532917238620711941621266	11.447826605700951674293719406705
12.152891299898961108283401699737	15.674652473580227507454765145667
1.883936711183360479537896026159	10.269028524043971373203021357767
7.847950234287090154339239234105	12.631258744054115084054501494393
1.597706596872341400228378915926	13.429198881266486864660691935569
1.871670109733686304664956878696	8.222203798749250225341711484361
19.706379236211645888943166937679	13.394133528325102844291905057617
13.758326034558217898506882193033	10.394468721298187219304054451641
17.910462630756740054494002833962	6.986538282650978537446917471243
8.663238926072537537947937380522	15.479151533805225682272066478617
3.367932073472278631243170821108	17.048014622301593590236734598875
11.202493015300634127129342232365	5.516523791241628060788571019657
6.412355786608872953991067333845	8.830136100769145457434206036851
10.668607915684180653670409810729	4.284950458253301341926544409944
17.351352999928622011793777346611	8.713156213188309351380667067133
1.501565041781793841124681421206	6.822346666777756141186728200410
5.582189660267639297330788394902	7.183270621462819249813946953509
10.043497428789246228575393615756	12.163848829984571509044144477230
9.779688296877099062953675456811	18.531490693032832695053002680652
13.092001907508842961647133051883	12.596362350580726285897981142625
12.154956956426824277173182053957	2.423311412023666733261961780954
11.493457376892228793963113275822	15.568555993791667546588541881647
12.482059542250079076097790675703	13.461428495103470837079839839134
3.002344643917376210140446346486	16.767253617793421938131359638646
12.040009827204434245118136459496	6.053584033788302676271086966153
9.143852380115419009598554112017	6.744215810884631068233829864766
4.973786774012704192671208147658	7.532684448129923993064949172549
18.088061750632554947060270933434	4.236107475048894954738898377400
7.170994334939130965267395367846	6.721297838132415769507588265697
4.557550916694431464293302269652	6.268112261687843300705935689621
14.565571602504352455298430868424	5.582487753633254889962245215429
17.000520779545333027726883301511	9.007063838309882441990339430049
13.580851422322901100869785295799	8.075107368980322775087188347243
16.887045610142873641734695411287	5.317456282272543077738191641401
5.765646381377105278431827173335	10.405473546561241349195370275993
18.566755114395927961368215619586	16.014042809170454972900188295171
7.759778211299626526908923551673	8.011279333682040260100620798767
4.152973195111138160484642867232	7.410333473614681309982188395225
9.590723749506194550917825836223	3.479265617253889608662120735971
8.686590974677816490157056250609	12.495498304839012249090046680067
14.078782253914090105695322563406	19.044194300706134725942320073955
16.022159785562362088739973842166	3.381738709358994565690181843820
4.523031555754279509073967346922	5.383672009241565525883288501063
11.213495294532108914609125349671	6.886603211609738650622603017837
12.634563192751871341101832513232	4.016218301044319538561921945075
6.643099628090084252107772044837	14.700476043029986783494678093120
4.511284714415195296055571816396	3.478760508778568016907684068428
1.912204198265085031138710291998	1.762803098907562704411589038500
8.526062442174520583648700267076	11.387000951737825005238846642897
8.581037368842856949413544498384	8.820300094891782904937826970126
2.619234321207334126313526212471	8.205027867335454416775064601097
8.678389088453309696546966733877	9.735065351170439029715453216340
16.683244777389660384869785048068	10.794262768471426738869922701269
0.705393296511264145109976198000	3.552389373673557670940681418870
13.203147972920723063339210057165	5.770119493846035396700244746171
4.923308482505369454429455799982	12.802608137775829177940067893360
19.449981746257559933610536972992	13.649047192666884598111209925264
9.709497119027727052298359922133	16.187366394921692602792973048054
13.771406324303484325355384498835	13.487492267333198725509646465071
1.030256953689383525585299139493	12.674966557060917793364751560148
5.457571644905161889482769765891	9.853876452779941175208477943670
15.455998245002364299693908833433	18.764971303526007062600911012851
10.793499259509651722055423306301	11.123704369013408310706836346071
10.133734427806521338766287954058	12.470881433128687021394398470875
9.916982812288049231597142352257	9.212934542583084862599207554013
13.871600769794071084106690250337	5.890807319261321062242586776847
6.121650623899798304705655027647	14.198585842695585768069577170536
13.508528664743403524539644422475	8.224030890586261577368532016408
8.519733388543059504627308342606	9.457142799433409408038642141037
9.809938671234768037265894236043	11.360491868543247662159956234973
8.291925057297602208450371108484	7.079559801355102877096214797348
13.878308995636411182772462780122	6.193626932529984863151639729040
10.440713146836236191461466660257	5.706184337111722015833947807550
10.125125078471453932138501841109	19.119285948556779430873575620353
7.746395637335379724675021861913	11.585972080341658596580600715242
9.175224389520851175916504871566	17.133148160402715376449123141356
6.088808654029101319338224129751	10.880314795771605318464025913272
8.982040222956676700505340704694	8.996153861914367055874208745081
6.068335012689490604032016562996	10.302162870105959768807224463671
10.480016474033622131400989019312	10.839330063105748536145256366581
8.331306083085582514513589558192	7.178133610382905871460934577044
6.989907541148246750140060612466	10.905092708007980917273016530089
11.242051391816771044318556960206	3.774189604074980941561534564244
10.159863274641795172215097409207	12.686582424976752037082405877300
9.727787470081699083834791963454	5.126486434499423872068746277364
13.409433847153838570420703035779	7.921240732794821326478995615616
11.747895504043603054356026405003	7.128425363928979408001396222971
5.178377035724488486323480174178	6.700338599978915787858113617403
6.697915351152525786915248318110	13.326889242754015540981527010445
14.265491265546925703233682725113	9.894669501307303605130982759874
3.734875715048572075716037943494	17.110650745595798127851594472304
10.236656953511186429750523529947	10.827011617786899577708936703857
7.449919634461897643973316007759	8.923872542724001988290183362551
5.608044187439160666031057189684	7.399508339267176104669943015324
12.022632936465759811994757910725	9.570152974478222773768720799126
10.740852098235881939558566955384	12.259476606300410139738232828677
7.441999556411832195124134159414	14.958494104836754345910776464734
8.775506016301882539210055256262	11.889777573074246319606572797056
14.612591504898714944715720776003	15.383239923934654669324118003715
10.130876333967952618309027457144	9.109995214466959367882736842148
13.933072648393121539811545517296	3.336861172395033658943930277019
14.108698523958118187238142127171	14.829630375326281921388726914302
10.094852675067173208844906184822	4.187848981896104660904711636249
19.062416013478159726446392596699	14.671524248678668556067350436933
2.350731212387988655621029465692	12.273163089057739227882848354056
16.452073284720498236310959327966	7.057522815709976526932223350741
11.748906997170390553719698800705	11.428688795391339638740646478254
5.942278056380391859647716046311	6.014054653211165835102747223573
1.334517606295977376618111520656	9.963653969741599780718388501555
9.604642801436286347893656056840	5.928212226915150040440494194627
7.096842956693209636398478323827	13.868296141098227280963328666985
15.166549345892923028600307588931	7.686286725430324651142655056901
13.580612130510605339850371819921	8.668163731770718527513963636011
13.904779289025935185009075212292	8.957047327552881910150972544216
5.888397344553753853801936202217	8.285297964574175111351905798074
12.447817641283538847574163810350	8.068181225741138717921785428189
16.429916212677252218554713181220	12.536014620447405221170811273623
6.103845774471578167208463128190	8.942561288736607494342933932785
14.227086514781907666815641277935	6.589725664093819545996666420251
16.446724268819277625652830465697	10.343766707483615263640785997268
4.394732880213005010716642573243	4.400608088159922104409815801773
12.503221402188360755758367304225	17.383508320792792289921635529026
14.994776498381881424393213819712	3.955226328386548750870588264661
11.211130910955031225739730871283	3.569009073037109125436927570263
4.240762657818988756730504974257	15.084934423290105698356455832254
9.378753099338238641280440788250	5.215602154035528847941804997390
5.590595014559220032879238715395	9.949501656766015500465982768219
2.766886496998866018515172982006	10.472915522168992907836582162417
4.256982468511249173559463088168	18.379210239093378476127327303402
13.162924724620960859056140179746	9.947401783686755649682709190529
11.220096541596845440835750196129	7.599969805760125929339210415492
15.085928565765650333219127787743	11.823990643434365566122323798481
16.980401586740700992095298715867	13.993071282646013742123614065349
13.086229406286781440371669305023	14.377663787902253744732661289163
4.163813253650121559701346996007	16.194513639434205742873018607497
2.963447542159874714684519858565	12.638185151758717594816516793799
9.105965590069686754759459290653	7.406541168967226695940553327091
13.899427301594986516874996596016	9.416752772925859105157542217057
16.181234328818401735361476312391	5.991814253812432156109935021959
7.841977244854406059459961397806	12.024933032400557664232110255398
3.728125366901198223246183260926	6.225715409566480396108545392053
9.606845150855731318983998789918	19.671191908676629367391797131859
16.767187586510534202943745185621	17.777972978598590714227611897513
11.538863490788763499494962161407	9.926721443919912957198903313838
16.921844626943865819157508667558	3.410978463401458604664640006376
17.436537237316606763215531827882	6.863377386968256388399822753854
10.703254267046292014242681034375	6.588674847176704929552215617150
7.719067929537026806485755514586	15.029723976057287160301711992361
9.976563428999826399490302719641	5.668705474637468100240766943898
8.219509715247076186983576917555	9.270614099340786395941904629581
18.209955993419324471460640779696	15.511228042101329549495858373120
19.635921845393411899749480653554	2.344766548828199681508976937039
7.417609875066085933781323547009	8.375582112814964119706928613596
12.024201543460034002919201157056	16.347661772841998839567168033682
13.590263651098233310676732799038	4.899296346635524379564685659716
7.296122364489705525159024546156	10.828505018290043082629381387960
11.935280286614181832760550605599	7.358002312314945392301979154581
14.436236051820685588609194383025	8.465247470643944893708976451308
15.472277409613919729736153385602	11.011470848671146782749019621406
8.788424076057395950556383468211	10.202749813780286558539955876768
3.487895450830411636644612372038	10.809490235706761041001300327480
6.738796547075401655035875592148	11.154764174312390423438046127558
12.796525873833072495244778110646	11.187591819731792952552495989949
5.954225674314935545794469362590	7.286194256818873782322043552995
10.324991286278141444654465885833	4.518701946375786704379606817383
9.139666264441782317362594767474	10.670532657658570840908396348823
14.161581543489189627393898263108	7.174844160115261715304768586066
9.454970042596887225272439536639	9.417603864194690643785179418046
7.327233988718590218525150703499	14.898684174171831884336825169157
2.856083135031914910229033921496	6.833667890288101176565760397352
10.782623131308268327188670809846	4.600885658198477834446293854853
8.569445506028156245292848325334	12.831511563577405965475008997601
12.443420717440808687115350039676	9.498066329642925964549249329139
8.046684447528887673684039327782	8.986527936960889917372696800157
9.291786941910235242403359734453	1.982648011709723379070169357874
11.572718464591696729826253431384	4.653835902427315929230644542258
3.728783505657865759985725162551	13.992117629012252422171513899229
0.495162497330946527185346894839	6.174007131536567882790222938638
