75
8.988923532890897405422947485931	13.523527821571351026364027347881
7.603757615009885562074032350210	17.257136860672265044058804051019
9.236008314394648976985990884714	13.151081975259589995630449266173
10.573473502386391942309273872524	12.711351697203012278691858227830
13.244831635661840962825408496428	0.201896023070599506255007327127
14.814960809063464353130257222801	2.984786458304721001866255392088
13.194113624513393645543146703858	18.584710373961531360009757918306
14.759199707582334681887914484832	14.394055097274609522628452396020
6.697988382196079726327297976241	9.217136868357449941413506167009
12.133892243536376298607137869112	2.454748265676792051692700624699
14.574013176103289168850096757524	11.376335585936764971393131418154
12.690197771708138674284782609902	2.134097725441693960135580709903
3.321386658929952329089019258390	19.716533894425317896548222051933
12.851448574544908964867317990866	13.951256719184357280028052628040
11.164061028915620354950988257769	11.439267921763081048425192420837
6.300109984933447648813853447791	3.233424222887546939375624788227
19.582595842799289442837107344531	12.031773744552157978660034132190
11.354927770194041869444845360704	5.713962151003921796643680863781
3.160644215599667461447097593918	3.161283951924974466862749977736
13.958122546748400694127667520661	0.974457369539263318358734977664
18.483081373784397527515466208570	14.576867567644422152284278126899
2.841564443797035544037044019205	14.478746416546330877395121206064
6.900489323091709259472281701164	12.175260539044879593006953655276
1.905961002767450951367322886654	2.170768349627036908344734911225
9.901483271286817711143157794140	9.969065328724308727714742417447
12.093819889707113190979725914076	17.555338796418002544896808103658
7.185477323898767920695718203206	15.164581222467816701282572466880
7.598153688822466556018753180979	9.148599441332947890259674750268
14.023809486793320289166331349406	15.282670427691590120389264484402
9.378869636413593724455495248549	15.309230614212099297333224967588
10.112435753780827596415292646270	10.977603944476891584258737566415
3.015117472373451956713097388274	9.051699831430189746583891974296
13.378731086018216700495031545870	12.799616420172871045224383124150
3.951167414967437174766473617638	17.427346911479038027437127311714
18.419006383995927933483471861109	13.686572164622790026555776421446
12.105537528263388580285209172871	15.740252013574744793800164188724
12.588156094080842350990678824019	13.212517628234090594219196646009
12.902199612688859176046207721811	14.280178499017610604937544849236
13.832664613966258571053913328797	7.855077099562345566141630115453
17.109458353573543831771530676633	16.762985306352227610204863594845
6.577326324267293244929533102550	17.598492725785746415567700751126
0.593965096137232029249730658194	7.492963015312519736710328288609
16.517662328992095410740148508921	5.908473266673870405440993636148
16.304675624177448867158091161400	3.130583520135287400876222818624
12.533835894677586964007787173614	17.778977906755944360384091851301
6.964073306419338749151393130887	15.580565833953643917197950941045
10.907133247391952224347733135801	11.120467423957194341710419394076
16.301183370083453638699211296625	2.106834437447990815428511268692
8.731257007251036483808093180414	16.073234965033567078762644086964
6.617837638729874072396341944113	4.403227486309030602740222093416
15.001556866505149301360688696150	9.209612492756658497228272608481
5.697637031559501963329239515588	5.342763011568568032316761673428
7.780519108562689467589734704234	3.391935536459555144972455309471
9.461691982468217076984728919342	13.093451887817021628279690048657
16.109334712179599335968305240385	8.937687016881213253327587153763
5.086817424119846720032001030631	18.358882426151730271612905198708
12.538010123422647978941313340329	0.491528177880950600808773742756
0.416499425245560273012301877316	6.634076744887554610841107205488
7.476674480627289121059675380820	19.854245707717097957356600090861
1.083187076458434594528057459684	14.763669694310625146727034007199
6.056783244861062343034063815139	4.566627349057300833123917982448
4.020614457323407719968599849381	19.380744304787317133786928025074
6.523111771135879699556880950695	16.237552597025974421285354765132
14.923346927488278623741280171089	14.378830320799211861526600841898
2.526173153325134368429871756234	14.404929652705256160061253467575
17.523678621421730383644899120554	19.379540557842670267518769833259
11.247419755581757883078353188466	9.263200506634358788460303912871
9.945350427157745087924922700040	10.364034782032678805308023584075
4.639021743395508323715148435440	2.036899945956684554460025537992
4.729059490246807051505584240658	11.041094198079029808923223754391
10.831431475772978600957685557660	19.430319166863775137699121842161
9.738215756844160964078582765069	17.687557720157137453043105779216
13.003920419578193445886427070946	11.371498834186157367298619647045
5.970279564552716244918428856181	7.776860907956878676827727758791
19.335707341351465515799645800143	6.290616041354354592840536497533
