75
12.040705553457375032166964956559	8.800226879513703082125175569672
9.493651887517001952687678567600	9.525872816500816853135802375618
9.222433777825221667967525718268	9.201642358836187085557867249008
10.871790847552590619784496084321	10.503647584588767571744938322809
8.752921141426238449412267073058	9.330656548535825933754495054018
8.287813643842762090230280591641	9.645194786797777197762115974911
10.273460847611916690880207170267	11.795329550183394573537043470424
10.458077974033908930096004041843	10.153708787209991371014439209830
9.880075095021041420295659918338	9.994198486335591269380529411137
9.110602475196632354936809861101	11.503182490105940516400551132392
8.509786171070443216990497603547	8.588502197216408617919114476535
11.437809418291660534805487259291	8.749988257595775920094638422597
12.532839766137225723241499508731	11.271821837319006220923256478272
10.810638749921736234682612121105	10.077406278149707574698368262034
10.205338164405711509630236832891	9.499194942503295990832157258410
10.435904912536329902650322765112	9.496348461537364116225035104435
9.548089771637839007212278374936	9.605980663201771463377554027829
9.248311787001545880571029556450	12.392762653873081291067137499340
9.356378264339499040147529740352	10.714628121262638416055779089220
11.582359656893340016381444002036	10.163721389834135422347571875434
9.819763480596934712707479775418	11.028817108369990407368277374189
10.340615501570075807080684171524	9.224437957742333438204695994500
10.103480246822302390796721738297	9.798413265132106531041245034430
10.610716441068465343278148793615	9.885142840234177441516294493340
10.514813310306193372412053577136	10.151750889484096873616181255784
11.233896440215822565278358524665	12.573346682941590302107215393335
8.092910577689499618259105773177	9.828259944229495559397946635727
8.056316455802345899428473785520	12.089986749699329848795059660915
11.212144122622337505390532896854	9.331546035187580301339949073736
11.538077072650928300845407648012	8.566966357096408302140844170935
10.588096025299124747220957942773	9.995316088234829976499895565212
10.643885033604071566060156328604	12.473756901585822731703956378624
9.132833658838078960684470075648	11.032934913078046079704108706210
10.713479195168480018196532910224	10.202348504519978433791038696654
11.707970120085679610610895906575	8.980688217581802135214275040198
11.336797474140594133018566935789	12.240567804849879607331786246505
11.075223345709451550078483705875	9.845453040516311205010424600914
9.711012567902379544193536275998	8.875125145215957189748223754577
10.495711384178912695119834097568	8.906864492165119884248269954696
10.034938432093840177117272105534	9.067434468843430295237340033054
7.614886463714099384958444716176	10.944893014986233126251136127394
8.692922237968170762201225443278	9.558219923372842430353557574563
9.175021530118534940356767037883	10.707495124750874282426593708806
9.555617252422557328372931806371	10.612836430645399943273332610261
9.257547310979953536502762290183	10.414128042595546475013179588132
10.417405725794445459087000926957	11.221976546978282840427709743381
9.796945374186226018764500622638	11.510954606993886173427199537400
10.081565147031433582469617249444	9.707432409614037638334593793843
10.300554934541025886574061587453	9.117161332179684052334778243676
9.171638980562057952283794293180	10.419182232503180429716849175747
11.191438405714544401803323125932	9.636744019699406749168701935560
10.329274525502198045501245360356	9.538907775561726865021228149999
10.702851579890813482620615104679	8.673726529096750681446792441420
9.711628746141581558504185522906	9.479275500591526792959484737366
10.190505803946717122698828461580	10.321227606632282558507540670689
9.666205689245639831597145530395	10.696321988294901217386723146774
8.887851085298191122774369432591	10.686012620260081362744131183717
11.190671845680387974653058336116	9.010076552176732533894210064318
7.959581035698429118951935379300	8.494366116796165044888766715303
11.473726145005247900598988053389	9.440022076783353810469634481706
8.975268545802357778029545443133	9.199295586226838850052445195615
9.715445056466430528985256387386	9.841105462630762801268247130793
9.546459331565422701260104076937	10.556013101270034226786265207920
8.961439904952275270488826208748	9.810859859738751964641778613441
10.814382545517355893593958171550	11.163581875792418784953952126671
10.425843236773836508746171602979	10.959723487991402279817521048244
10.270395202264483103249403939117	8.536494052281575761753629194573
9.779400722936157919207289523911	9.743504242699867035071292775683
11.387397785293110530346893938258	9.309356218514402314667677273974
9.125324956654289110247191274539	11.390945932927975192683334171306
9.876388166057669337760671623982	11.055127787668128647169396572281
9.141129526877099564785567054059	10.416475104730491096916011883877
10.213640435374404802360004396178	11.101809739949741739906130533200
10.933465038766559729310756665654	8.149092197657360259199776919559
9.521813896595659798549604602158	9.390030698621998794806131627411
7.842951807994001711676901322789	9.742221348133046632256082375534
11.192418887882196187888439453673	10.212556600203688716987926454749
10.290195343169861175169899070170	11.023892703678194848748717049602
11.690296663411412936284250463359	11.311897379604559432664245832711
10.438899321718610124776205339003	10.648482669864636207535113499034
8.542734815425282235423765087035	8.888421632520312698488851310685
10.126713279089640806773786607664	9.963884998134442838590985047631
10.457692861087524605068210803438	10.272173819800562100112983898725
9.581394324330570810843710205518	8.880713782535810452145597082563
10.582850404694431389884812233504	10.181108649327287096753025252838
10.266458988004691477158303314354	10.863071790390572246565170644317
8.490234243456628249191453505773	9.413772561832066898546145239379
8.525917148721664062804848072119	9.499945818440973965834928094409
8.641898458556305229194549610838	9.104194961394487251027385354973
11.291147159462859406175994081423	10.023137588203407943865386187099
9.162860272091181812470495060552	11.072151772884257781015548971482
9.443434122075814229901880025864	10.010032199890599002856106380932
11.421173110040960807509691221640	10.319013009693108529063465539366
10.893386390528442930758501461241	10.137796145861067032001301413402
8.479820876854464728467064560391	9.174585364295765543829475063831
11.108617539985383260159323981497	9.157505479674203030526768998243
9.384703043998570137773640453815	9.406243117735222369901748606935
8.577630837892098014663133653812	10.220854398557458253549157234374
9.976249566317338945964365848340	10.529958901266700976862011884805
10.276003868740943403281562495977	8.099163450325782775962579762563
9.210741548017640667467276216485	8.724430797919277225105361139867
9.362507083034490307227315497585	8.554659489873582600694135180674
11.103637485509342042178104748018	10.233691171073472148123073566239
9.901571063347088141881613410078	10.389748343698322230466146720573
10.921281601037128083930838329252	9.608240139520281886120756098535
10.533129881605601596561427868437	10.519749707679405759108703932725
10.120361778670714514305473130662	9.371228900997834898589644581079
9.265335250999067184807245212141	8.973027000347673975966245052405
9.080631573210204976476234151050	11.104901096077032462972056237049
10.070640103297131773274486477021	10.364255859872443465974356513470
10.005374718686866231109888758510	10.412548159760055099809505918529
9.923931844106407496042265847791	8.359565813709775028428339282982
10.587028488042365736987449054141	11.362099718961323091548365482595
10.505104203271605101122077030595	9.577751331108272481174026324879
9.412298920202651686395256547257	11.699143980841492762579036934767
10.128411966960085166533644951414	11.392289779752623246622533770278
10.787436712622891832324967253953	10.563382637546888886959095543716
11.399604304977078328420247999020	9.223476542147190926357325224672
10.494894849151371829520940082148	10.307846909928118250832085323054
10.848498253742793195897320401855	9.542976020523887825675046769902
8.884417687728603851837760885246	12.743003118888138303077539603692
9.686685222686410412507029832341	8.857509499047331757992651546374
10.301954958266534845279238652438	8.889900844809362823184528679121
11.396204558016457042413094313815	8.998489005610842639271140797064
9.711272982669415299028514709789	8.504073739540295662209246074781
