75
9.071310751968875152329019329045	10.013425337487415589521333458833
10.726720397993112499079870758578	7.259405231192237906157060933765
9.841875496998579109231286565773	10.801640644028831061973505711649
9.644177467841359430167358368635	8.515202173869473867284796142485
10.906971287930192104909110639710	10.080933042211595918047351005953
11.001673345510109669476150884293	8.963615576101208404224962578155
10.343742625316348693331747199409	10.611376264119172674327273853123
10.814109779210538064830871007871	8.614582543646065460052341222763
9.899344820129575950318212562706	9.874343888051999584831719403155
9.726995575824899376016219321173	10.883181744857338912879640702158
10.625670097791514834284498647321	10.949739756302355075945342832711
9.992003941489260299135821696837	9.137084071288928299736653571017
8.774421072181098679720889776945	11.009647174191112384278312674724
9.192368867119988351532811066136	12.459756724181572096199488441925
11.022422083486990374012748361565	12.509138608266390235712606227025
7.167813849978484697089697874617	8.884590468920752215353786596097
8.798532874028202499516737589147	9.575018983335464639594647451304
12.255525336128652469369626487605	9.881775977342627470534353051335
9.766143228985889379600848769769	11.722598698268162920044233032968
10.216974409249377941932834801264	10.495613696388955915494989312720
10.503694129929614931029391300399	10.677395372293380759742831287440
9.313629642480233172818770981394	8.383150568636919430787202145439
9.654185848389055024654226144776	10.991693390884304193377829506062
10.194636851331043914115070947446	10.893275882202992477232328383252
11.395012318519331273591888020746	8.794038178598581723122151743155
10.814086160092106325691929669119	10.385208580112919918292391230352
10.085919168144451774082881456707	9.583865299596553199990012217313
10.508948610922036692727488116361	7.065728942221994657302275300026
11.299395098275457627323703491129	8.869069779981550993852579267696
10.549027340836079957853144151159	10.429168069307991117966594174504
10.289006298244910198036450310610	10.526698373288244425793891423382
9.438050470462055585585403605364	9.083108932146307878952029568609
9.210353659008642779326692107134	9.740713490550852782234869664535
10.226061846070560790167291997932	10.691193157728543283724320644978
9.794537550632112399284778803121	10.301521097633552059846806514543
10.353218362461328538870475313161	8.424837660217626478242891607806
9.033350192619504781532668857835	10.095840421856877355821779929101
9.555847570087260933746620139573	11.093512364897931021801014139783
10.518073799970361292821507959161	9.015610572426181690275370783638
9.661165909351876024402372422628	10.599690116635478887019417015836
10.450505099646493434306648850907	10.783989674190923579999434878118
10.612914425526740913596768223215	9.659853873870840601512099965475
10.677621826760988810178787389304	8.881752386158753509448615659494
10.247872025057999323394142265897	11.449205080128017186780198244378
9.858979844910676249014613858890	10.197242519097681423545509460382
10.318159412186258094834556686692	12.047367582222610948861074575689
10.486648971630019744338824239094	9.848605545279003337100220960565
9.725565391425464056851524219383	10.659572750618455216908841975965
7.065712316725482722290507808793	9.979307184144762032929065753706
10.938399166135008400146944040898	8.509607117296704714703992067371
10.717327540911520955546620825771	9.633347997297596165822142211255
9.745350127262328854271800082643	8.241264051967590376079897396266
8.331970250041480952063466247637	9.743556683858070499582026968710
11.163291096778950262091711920220	7.641800942495631687734203296714
11.238869677545405778573694988154	11.000856825115219450594850059133
9.558855153074320654127404850442	9.304194677360644760710783884861
9.360976865457503848233500320930	9.647614875168251558079646201804
9.746575721122297863985295407474	8.141738126075695802796872158069
10.606291476752351954360165109392	8.271474759371599816404341254383
9.357542232282094474271616491023	10.578993102719964625180182338227
9.312145313195097529046506679151	9.616323767559686430672627466265
9.957608843152428335088188759983	10.274368589218465075418862397783
10.244953417682241436637013975997	8.595045616104668440016212116461
10.901674128060619750613113865256	10.819345755886347504315381229389
9.870930989793359700001929013524	10.237968136162775678599246020894
10.664203761412839099875782267191	9.852669083998078392028219241183
8.659899258944161459794486290775	9.891630703318334383311594137922
9.976245948974495902916714840103	11.423946804466577731318466248922
8.034779560049809532529252464883	9.068822880461206992208644805942
10.350287053390438529731909511611	9.761193515992600211461649450939
10.452616812969772297492454526946	9.530132258553061674888340348843
6.532009087515278977775778912473	11.874929651505468086725159082562
10.278505442742391196020435017999	9.779550850168973852305498439819
10.936254967247329261681443313137	10.326606414540380640687544655520
10.428351984823160947257747466210	9.091412643682094341102128964849
9.325372187780935462342313257977	9.315570551653845399187048315071
9.766511491835064617816897225566	10.446528258900734442704560933635
9.810566943332551304024491400924	9.607222606939155085115089605097
10.530465708434563865125710435677	10.011761238827315168009590706788
12.601089488865012455676151148509	10.137663854856635126111541467253
9.029745762054451674316624121275	11.326818322425339147230261005461
10.210296610441742970465384132694	9.831942594639706101133924676105
9.635517334322722504680314159486	11.617087314470055048332142177969
10.938976510372610206900390039664	10.107252147745338533013637061231
7.293872039797427930807316442952	9.420295135371537398327745904680
11.496371576799209179853278328665	9.337845395332596609705433365889
7.913580812490573990203301946167	7.827900149770897542111924849451
10.633607658358144476551387924701	11.300265938530761999913920590188
11.229483729049967166702117538080	11.162812922331131204600751516409
10.031004399125656334490486187860	10.378401138179446761000690457877
10.383458063320071929069854377303	11.991116953142046952507371315733
9.463840525290709848604819853790	10.182999308208916744433736312203
10.247402135355445196296386711765	10.211724295185495847704260086175
11.843613384152980927410681033507	10.439683785403435223315682378598
9.548499451584881114740710472688	8.228886573281139149571572488640
9.826147440356159279417624929920	9.577983634646946242696685658302
9.545064316591414410595461959019	10.161899303038097741591627709568
10.523639856506619594256335403770	7.926316879215817401416188658914
9.291929890745727504963724641129	9.601762366683788130217180878390
9.559174865784031638327178370673	11.694697632746498427991355129052
9.786162147389131149566310341470	9.888634027809374060780100990087
9.642905712268436957401718245819	9.281106180636788494098254886921
9.477740285809151288276552804746	9.642360377644605406999289698433
11.194192700554960850922725512646	10.084076845278751477508194511756
9.531577292962120750985377526376	10.832429066718155752369057154283
9.273451219098527431583534053061	10.299107343580278239869585377164
11.387402985041141789679386420175	8.975807647113200005151156801730
9.116704220767505972844446660019	9.377539501890657547278351557907
8.976067465387574273449899919797	9.556757076929621064209641190246
9.208492305592706372863176511601	10.368558522365585616853422834538
9.693861565855574013994555571117	9.087553534478967520726655493490
8.438841482538590454964833043050	9.265872114181062713100800465327
10.073212417626278281090890232008	9.035617043488320732080865127500
10.420846402382363038441326352768	10.303303961200640515016857534647
7.273213076411130906251401029294	11.394576138546719690225472731981
11.354469207571572297865714062937	9.833396259887434709412445954513
10.165108341477086639770277542993	9.660725295327447170734558312688
9.080124117351612511583880404942	9.036349129611201291822908387985
9.852206079740726707427711517084	9.803959630897647770098046748899
10.201617217332985987354732060339	9.894900626270795029881810478400
8.542024252308415555035026045516	10.333196118314385003600364143495
8.267011525798784177254674432334	10.049978765771736988199336337857
8.629706386538884999026777222753	8.722847254782369219583415542729
9.291275136087488561997815850191	8.731982031111897413211409002542
8.447240179985195496215055754874	9.230800398502912784692853165325
