78
0.001086239956073
0.056064023391306
0.470525701398046
1.120172852648686
2.655306310938071
3.399368449817186
4.590799018512254
6.526587813592791
11.689485695286280
18.134410226682718
23.045321258600637
27.666673363636143
31.304073037098057
33.427570046375401
39.236651228523328
46.000943741017252
53.742234787159830
60.280206283741862
62.403703293019205
67.798740331804680
78.139652197039055
85.944631497679339
90.908994595823870
100.355083410417961
108.867305700457024
115.029886940164232
123.465337674437151
131.977575223265262
140.604696194944950
149.218058326882982
159.280451515359545
168.516459205789232
178.881129005593920
188.139373962061796
198.663940612452421
207.338051141226714
215.048530877554839
225.110924066031401
234.346931756461089
244.871498406851714
253.613185383774379
260.692661355139307
267.458125569321282
277.520503499008782
286.756526448227532
297.281093098618157
306.976545420239631
313.741987314770881
322.085135596138343
332.506156103950843
341.383536475044593
352.705771582466468
362.398116872001992
372.918728373462386
384.675796315361367
395.196337660287895
410.255572279428520
422.891528089975395
440.496995384779552
451.154466087904552
464.207963402357677
473.432084496107677
486.485581810560802
498.260362083998302
511.273322581155981
521.042365549905981
535.524149368518920
548.737555979593481
563.219370315784545
582.999386302196058
607.747773165456238
623.767505551528643
636.403430844497393
665.612232114028643
687.275202804531773
701.308780995119378
730.517582264650628
789.358951893556878
