75
4.815172733419638362306613998953	18.081489675910628278643343946896
15.214649351138852750864316476509	13.265521610754364090212220617104
7.242291931464321486089374957373	9.178154344316572732509484922048
3.071693519023000362722086720169	7.300092350865953427785370877245
18.610560335347187788102019112557	14.934959758153723896612063981593
16.510990621626135066435381304473	4.354740291369453508707465516636
8.552728466122612616118203732185	16.949558501783563713161129271612
0.819439689314842567569030507002	9.980757853249228261915959592443
8.449573504914726029824123543222	15.596814322705743194319438771345
0.023922927692186846115873777308	8.931090882831698607446924143005
4.447055151974591780117407324724	3.713020000023717237525033851853
4.542641670607929782477185653988	5.271651154529752858479696442373
9.552179463634184131137772055808	5.317444400808086335530333599309
4.886605698959336052666913019493	3.627515461622630610349915514234
14.447839435994231038762336538639	0.054573663567618169167872110847
11.175802703177629027209150081035	11.074690935501234179128005052917
19.080194218972550856960879173130	17.823542225171891573154425714165
6.947386024866944786992917215684	7.995311950543962709048173564952
10.274640253031547487694297160488	0.362354478685965375461819348857
10.398701885017775481401258730330	5.311322076470778696943852992263
14.202736281693233877376769669354	15.226832617127598723527626134455
12.172925822022504505071083258372	16.300450865097641184320309548639
19.604577019683041783082444453612	15.756021647920711359347478719428
4.269138441328455435552768904017	3.994569916245961138656639377587
12.246703155221048575640452327207	18.531478545548541347898208186962
11.901846585172764392268618394155	19.755649662582637660079853958450
7.802019537636828871995930967387	15.920211304401131968688787310384
19.640482524052750079590623499826	7.906992218985410048048834141809
1.948178213199186714632560324389	12.529008833697066194190483656712
4.132634196546515426007317728363	6.240617750391496798556545400061
10.350377512307302296790112450253	9.621100082385938279116999183316
12.186436548717079375592220458202	11.068934913885890125584410270676
14.497670326431681075973756378517	8.124795901203885506447477382608
2.745803719123721897688028548146	3.786208824941676098774223646615
11.474741217813523519453156040981	6.935999768175824975457999244099
18.297131112543397080116847064346	11.201436305974420193365403974894
9.376490284823546517145587131381	11.618089115581998527204632409848
14.649095361030564532711650826968	3.161467120974601030525263922755
10.073150600593086423373279103544	12.606778934691323712513622012921
13.315577533768097495681104192045	18.141981908093267605863729841076
7.440887418464722458111282321624	1.610620517002626428393341484480
7.292459767176438845126540400088	10.243759564472480150243427488022
16.242237207766521578378160484135	8.228407361326530278233803983312
17.041770624759951857640771777369	18.380976032221738591942994389683
7.755135491409578918364786659367	15.263802056320963984603622520808
3.211314149707344967055178130977	6.181706910702867041607078135712
15.026901439103662383445225714240	15.654624416807351394709257874638
14.585339466014481502043054206297	5.067445528601884241481911885785
17.035269051544656093710727873258	19.424248406986279746888612862676
15.321890012055128238444012822583	17.677009622677665845458250259981
3.206392079382272441989698563702	13.035300935469289029811079672072
16.698502499303771173799759708345	15.814492545999438988246765802614
2.635201674844699581967688573059	13.644310625584109786245790019166
9.164150946183429624625205178745	12.478372887955426762118804617785
12.187549599780183484654116909951	16.554452166025320991593616781756
15.274466165774995829451654572040	8.645985114533331739039567764848
10.019904297990411379259967361577	18.270882809943540081576429656707
6.650448326090655726261502422858	15.798021711262522970287136558909
13.069914107026907146291705430485	16.035253745595397845136176329106
15.897872815638287136152939638123	8.551191632425370059422675694805
8.367797380262805617689991777297	2.308411737161223165060164319584
15.980913553271221871909801848233	14.066806214870670288519249879755
19.284720846537940275311484583654	0.214745178130275604644339182414
6.816660280705344021612290816847	15.090222186632054501842503668740
4.941280390150035728424882108811	12.213839030868864909962212550454
5.065979838878460483897470112424	18.394205433178235864488669903949
3.060104216499638596360455267131	8.041264364847569012795247545000
5.236708943778204172758705681190	7.442367001301990470096825447399
12.514323529692797265511217119638	7.702090947452072455803318007383
1.355337666202704127726974547841	19.864083788712193268111150246114
16.376884135886516702385051758029	16.876754008663116479738164343871
8.278075689665591596622107317671	9.280594891033501880883704870939
5.170265220111957660265034064651	5.144945746710202882923113065772
2.829004733157788109565444756299	3.952032122939634461999958148226
9.153448911750478700355415639933	7.489284540101466269845786882797
6.849983177303935022450787073467	12.175225354330786231571437383536
8.492782265071769032260817766655	3.842980463130048818243267305661
17.441512292873031952922247000970	19.053778303945158256738068303093
5.858236738751513072998022835236	16.251789137824033559809322468936
13.836021269833951308214636810590	13.736647860110796415256118052639
2.976035967779392166221441584639	14.253953007650252970961446408182
5.912748422899715805556297709700	18.816720227782703034336009295657
2.797955232811732528830361843575	11.816293162290781637580039387103
1.808347948967707452538888901472	5.290598087693230588968162919628
13.758318776381283754517426132225	8.937509895048563635100435931236
19.782414480479310725513641955331	7.002164781480434641025567543693
19.140813954673657093508154503070	11.609288809020245736292054061778
16.583862032830872124122834065929	9.341101900852592621049552690238
18.968990984254737952596769900993	8.284640039119848253790223679971
2.816501091083028818218281230656	17.041758256410066252328761038370
13.157801708439283316920409561135	12.781713661563447459457165678032
3.245383494184183703623602923471	8.604654285998552865066812955774
12.676976451293068492987003992312	12.945983683099656857962145295460
10.812300122512642275296457228251	10.000419758196947839223867049441
3.591611785688358260415498079965	13.419122695873543449351927847601
3.934494571887472424975840112893	7.691860929458853135542995005380
9.212515625347529990563089086208	4.892271099017260205243928794516
4.529478265319298202484787907451	13.795358110830797215839993441477
4.735904748518085405351030203747	14.383164780454762876615859568119
9.972341213245059066139219794422	4.311935169153840341493832966080
