75
19.878911557192434855778628843836	4.427685937514707958939652598929
16.698568369685983014960584114306	7.234218464462756514876673463732
13.585403030650333278117614099756	12.009383142212001871484972070903
8.137830625647101356889834278263	8.992042246316014342255584779195
6.045576430283940538856768398546	12.229599791378857887025333184283
7.117576983404469537219938501948	0.872319491922866063760011456907
11.139031984090484783678220992442	5.369217551620743655860223952914
8.278877308847196303531745797954	15.028247115706378167487855535001
3.984078145819826666240714985179	2.087380053949495106735412264243
0.922399140965325159413623623550	17.609925405578067625356197822839
19.658240729108680255876606679522	14.188856716323947182445408543572
3.053337174135068110558677290101	9.035051876020959937818588514347
4.592116996148233987184994475683	15.362885405261451410297013353556
12.538771629738212354254756064620	6.118692412727996909893590782303
4.760692713033511935805108805653	5.203471777300035405744438321562
6.148654343951534428924787789583	7.940982998450937913048619520850
15.494950738192137862370145739987	11.379196322116955641945423849393
13.781559496646611506776025635190	3.961095761676008741858368011890
14.791597986175808898678951663896	12.198093945255903847169065556955
17.940578019980677026978810317814	11.971219410492997425876637862530
15.131130610538235714557231403887	11.030230534938064934635804092977
5.299797858722563148603512672707	16.242395041790889109734052908607
13.718404224662023693781520705670	14.817376730802756412685994291678
4.841922508676018921391914773267	10.201657610736791781391730182804
7.280603113148554683675683918409	11.466283738453228124853922054172
11.359937535717159917680874059442	9.266337900569201480038827867247
16.537625162327820760310714831576	5.229695234061975561701274273219
11.149246874817675845292797021102	10.428968748429841895131175988354
8.969224274868391688642077497207	10.367634761631567386075403192081
19.530026864147291831841357634403	4.824309516512403028798416926293
2.476662873037954071264721278567	11.044998139734250486299060867168
4.188321141563071670077533781296	8.125257427854812419809604762122
13.066171341014616302800277480856	3.659930834410904054720958811231
9.145764979009982198476791381836	3.664978127727494872090119315544
1.420219931493283738177524355706	13.559354966263986952412778919097
7.567890269457125285157417238224	17.597117769813049648064406937920
13.870090509932548883398339967243	15.892232264838739297374559100717
5.660785499826618050178694829810	18.222660525094298122894542757422
6.006818193506910930068443121854	10.744864400380899738252082897816
6.861486819922175683927889622282	7.642135188126363942728858091868
8.403787143188043984309842926450	13.471639184000883560088368540164
4.694681299717863076637058838969	1.022164937107790549930541601498
14.542278449797766626261363853700	16.289048046073531850197468884289
4.058364648973471489057374128606	11.411570210533090730109506694134
9.480853435274619656070171913598	8.399232150309831723689057980664
11.191827650735822530236873717513	9.032052565691246925894120067824
15.052928165141864269571669865400	2.074209280953736467267845000606
8.696480967050927546324601280503	11.761766220049150177828778396361
10.768374309913415487471866072156	15.335718138121588793865157640539
11.115758906233731195811742509250	16.223826870292541002527286764234
7.400855530537455706507898867130	12.504978401756188688409565656912
7.798261701646264754117510165088	12.858275820877295814170793164521
13.875413413954156283125485060737	17.092315139375035215607567806728
11.694303675698119349135595257394	14.194387370673577919433228089474
5.434940928890309663756852387451	4.616742007540072911808692879276
11.163286630334606996939328382723	15.918227527159874767903602332808
18.941468962184302426976501010358	8.624748985796180988927517319098
19.758930826389637047668657032773	13.404092632040216059863269038033
4.719861256962521345315053622471	15.966315246731850763239890511613
18.493042679676356954132643295452	13.675138110370905764057170017622
5.902593800227981191142134775873	13.979013855723842141287605045363
11.041175361213987571318284608424	12.360802760734616256854678795207
11.304172701558702129887024057098	8.741250420294260692344323615544
2.728422168981172291069015045650	8.172041926238168940699324593879
0.195927930755077639446426474024	2.103879300294408061233752960106
4.568638977439528403579060977791	13.089619036430082843480704468675
5.140532209146211783945545903407	14.158493504898345349829469341785
13.427475155056681543896957009565	14.205245929990267583775676030200
10.356614129654785116940729494672	6.849251885497432468241640890483
2.506949552503143330284274270525	5.172593111378843033776320226025
0.656653635503927191052753187250	4.747425448882999887700862018391
13.469572318069461758227589598391	14.519213256132831091349544294644
8.703312031157079076137961237691	6.874492587832342849196720635518
11.810038133254659342696868407074	15.843990245976382169601492932998
9.362874250076608007020695367828	7.651763912031514180966951244045
16.171319255052083008195040747523	13.619774045286384023256687214598
9.931153505290870597832508792635	10.758244253803722401130471553188
14.394762623249370392386481398717	7.994169384380295895198287325911
6.256127618239926135856876499020	11.985961519709963596369561855681
15.698020992266995321529066131916	9.286547834842810544841995579191
6.800413698190778788443822122645	6.363282027235813487209270533640
4.746649968260451046830894483719	12.601834453488441667445840721484
10.696307503861099519326671725139	19.445713366171759162170928902924
0.060900595047591821185051230714	15.499011169107276941758755128831
1.497090182272062364177145354915	14.385387842470805708217085339129
10.928726030154674475625142804347	5.008653695634496472166574676521
3.862903382465215251784229621990	15.473796070737369845460307260510
2.937731683473399080241961200954	11.786207306807243710977672890294
8.975696223032493037408130476251	11.298747486727048539023599005304
8.618121760803937547734676627442	18.239854321971996853335440391675
12.330539536683836843167227925733	10.239785626848263433430474833585
5.213183076600745202711095771519	6.310743127760729542785611556610
6.904898243014841341391729656607	2.796147385514210270684998249635
6.071497591466604504262249975000	19.906480312997047121825744397938
6.670289929641286974515423935372	1.644568150027160058357367233839
3.368375887671112955956687073922	18.418123941337849913679747260176
5.010543198042755719257002056111	5.862425124946065935205297137145
13.795452602089037341670518799219	10.181424366681012472213296859991
7.628453580437771996969331667060	6.986032912966377850239041435998
13.442278666264048325729163479991	11.421340798191046417286997893825
