75
6.895560308540032323776358680334	7.391959519134275069518480449915
13.695407916733559616773163725156	8.728240144940226485914536169730
7.156557774293796470033157675061	10.269018512902887252380423888098
7.042707059711684536296161240898	0.329244992423541660286900878418
11.466091902528344093070700182579	7.530345513608263985361190862022
5.361403480580279712341962294886	10.247840910955588356046064291149
5.800237077889773829042496799957	10.105409491630211960000451654196
10.409389977109075431371820741333	11.685560477939610279918269952759
6.783877208397552038832145626657	14.192115986283070583340304438025
16.235891322100513889381545595825	7.833726886787532706080128264148
9.056443482868559158305288292468	5.306323580206896650679482263513
3.255236252389684281638437823858	9.419792736802893529102220782079
1.420055660394316632277877943125	5.896593492296716476630535908043
9.125909870454020023089469759725	9.322682175743334909157056245022
8.313710128798089016299854847603	6.429188292103942714561526372563
2.732601588328015473905452381587	14.550385909466697853531513828784
1.424879938462517259267769986764	11.381670000928558295072434702888
9.411756654603095739730633795261	3.793068058809804021791478589876
19.732188971945681998931831913069	19.627250848959810980431939242408
6.498809285507924471403384814039	4.864479758248753782368112297263
7.333709520892726985152876295615	15.196923280323410665459960000589
15.155880263304641886179524590261	1.283009889885580179225144092925
7.642189914261898309177922783419	15.709020607200027797034636023454
11.805627111646789018095660139807	11.838613376666200949216545268428
5.099867566064549606608125031926	9.597366954324479948468251677696
1.889784276952147124006842204835	3.226280589577787516475382290082
10.433144746289665150129621906672	10.327470383693428956917159666773
15.193532376623325674813713703770	8.753825444776607511698784946930
16.760035645881902865994561580010	7.155570212387039497059504356002
6.667337361393651740115728898672	13.980591332005660731852003664244
8.037198146561078004879163927399	3.792752549838366071810469293268
6.934878438006549572492076549679	5.476771099481240412387705873698
15.740005460906147050081926863641	2.019024851053641711473574105185
14.498645925446826510096798301674	9.616012378477883260075032012537
7.420851740924836903445793723222	18.594215178865766802118741907179
2.541479462726858429277854156680	19.739097268016706721027730964124
17.067757519732790427724467008375	1.365676930775753916691428457852
10.322807088618525028778094565496	0.650019384379051601285937067587
3.797682125618396575816859694896	18.274651824629998486670956481248
4.247483444604623237239593436243	3.392109452376632638959108589916
1.201675778928423810043568664696	11.174019699691353224579870584421
2.314414368267258659273011289770	16.901542682507919579393274034373
12.843421647520512962614702701103	4.603932961074868934758796967799
1.216546987348227304437386919744	2.336938130868050578214933921117
1.422825051612962354852243151981	2.257546293080158861243944556918
9.600217627119999264095895341597	0.993954279955268305002391571179
18.114515702212479197896755067632	11.069083959717300302827425184660
7.419838955611172792714569368400	8.815693640921489659945109451655
7.572095858244127342118190426845	5.557489356152747639328026707517
1.825696759762893250922388688195	18.963504604558181654283544048667
10.454041080720243073187702975702	1.134896538762184547977085458115
3.785013232082649281551312014926	19.183816929733026768190029542893
9.484498937318548428265785332769	3.818766397868442297180990863126
0.951430623954822252130725246388	15.843254235162012477644566388335
19.296461160616978247617225861177	5.399336858039089470651106239529
13.899033936482950934987457003444	17.637844441216085300538907176815
13.355739517697085005920598632656	5.298229101559589260261873278068
8.710654000789586959285770717543	6.467292581832341014091980468947
6.181271511892556524969677411718	3.453919198135571022589829226490
16.073986416649141517609677975997	9.236537689345443169486316037364
6.670104425415466664617269998416	9.798239306893627542649483075365
14.503644901735917471796710742638	7.620714221172230296019733941648
6.142350471517393550868746388005	0.831939445889519291199576400686
12.771237515865177414298159419559	15.141456927532679799242032459006
6.935829177766636988167192612309	10.962046627662983766526849649381
3.968579598241618100473715458065	18.416249300283844547720946138725
9.721325671465844919794108136557	13.137399658762520360255621199030
11.021450144579354457619047025219	2.359524788009600193561254855013
4.674169082883729231525649083778	0.183176284305428538345950073563
9.295919110061106493958504870534	4.506689220766119774452818091959
11.300935885351554688327269104775	3.408628141588870619216322666034
15.961941436296587681908931699581	15.901203067266536095303308684379
11.299795631824620656402657914441	5.016363764703252847709791240050
9.177694089327802728917049535085	5.425462313382912959980330924736
10.708651061503100976324276416562	8.144692944661436229125683894381
16.916694935903286989287153119221	18.561449961485941173577884910628
9.913402058440478725742650567554	15.878458274132608352147144614719
0.370358586930491284761046699714	19.721301408815712363775674020872
18.854576153919392567104296176694	9.661700353848781119836530706380
5.257435099831829106165059783962	12.361941673990582302167240413837
7.474615766768192059998909826390	12.150485622359589399366086581722
9.545391654062223452115176769439	12.137307572242114872551610460505
4.786717207419392217104814335471	5.445700910212708301116890652338
12.146874478883775694271207612474	15.702781011334742800045205513015
16.290874795024475218951920396648	14.763132340715703350042531383224
8.333912898900962318293750286102	9.847306009534090520673998980783
9.703336102856470191113658074755	10.058560193940790483679847966414
17.975909956802357925198521115817	11.365031719574819391027631354518
3.403193282880426551173513871618	16.503725173777723966850317083299
7.281418515908373301215306128142	17.424817987446733269507603836246
5.203253520885465555068094545277	6.245283828294022399063578632195
0.138005798269432489178143441677	18.512113779237864719107165001333
19.393126217422601342832422233187	12.917518638828877186597310355864
14.647965982970454490441625239328	19.749170619383697555804246803746
11.810162364889990271876740735024	15.408555588082831988572252157610
4.600693133400199030802468769252	11.730425133289339001407824980561
18.842671229544251332299609202892	17.007010680900162213902149233036
2.518996217280219163114907132694	4.940835857346036696924329589820
17.919134823627878461138607235625	14.062749445568929473893149406649
15.573081504934602747880489914678	16.452166767857931972685037180781
