75
5.031906162792261660854364890838	11.564289273595699469865394348744
7.804901199230744879287158255465	11.637432118262195146485282748472
2.617156557329797905708801408764	7.409379839842332948762759770034
18.325308552887360491467916290276	7.750622627889870663864257949172
4.646604185176958168312921770848	13.022739858257825318332834285684
12.510289063499451245320415182505	7.598186596716377749771709204651
13.459054278376919810966683144215	11.076451156640073847370331350248
12.317692454125065637526859063655	14.250926405846508160379926266614
6.733335874881689164794806856662	18.429961908057553188200472504832
16.769734673336305519342204206623	7.750599041968479596675933862571
1.980730617367146173535275011091	12.320378847027781077372310392093
4.623573901121344142950420064153	14.871874466904717593251916696317
13.272376079702819851036110776477	9.694556637652533837012924777810
7.295173608556540401082202151883	1.708164530562328309315489605069
18.515674024819677612185842008330	11.966695931874193448152254859451
17.558545525981074320043262559921	12.025350890951802540485005010851
14.293029234966116547411729698069	15.847202553392618185057472146582
14.857970424259866248917205666658	7.948904803191485513025327236392
19.654786323637534195540865766816	8.296063853591714831736680935137
10.018610164934855788487766403705	19.468601248214135068792529636994
2.685525894976295457894366336404	12.237231338055575946555109112523
14.375395801684609509152323880699	9.623839882611665785816512652673
8.724736522891545220659281767439	14.519107543814261163106493768282
6.324093462009292565539908537176	7.978517761807387032035876472946
19.880678837311492657136113848537	15.450130129754592545054947549943
6.056568415585087628016935923370	11.137830723820556499958911444992
17.366181999819978898358385777101	0.056079897419852198225953543442
4.593224685127259121486531512346	10.811444123029605890451421146281
14.531653222763727839605962799396	13.894993873674366113846190273762
5.491005994951068558407314412761	7.555431236275643946953550766921
13.190558636874454734311257197987	11.708350107475999024586599261966
10.490520470997569901783208479173	0.359530942712639411951158763259
14.819198313985717518903584277723	17.725447049796411391753281350248
13.345498145628717168165167095140	10.673164061782202338690694887191
10.518648709978029032185986579861	6.409051030314460106751539569814
13.465771363294742002381099155173	7.539062130247714321740204468369
7.610187924023147587604398722760	11.047507508086283678494510240853
8.739017829936331693829743016977	9.367735700400578124913408828434
14.179091737629406111409480217844	7.464184934466771892402903176844
7.408316245830668833605159306899	14.916692871049672675098918261938
14.361842116376362099572361330502	7.911181998453467478782386024250
14.984483302222631806444042013027	1.914360992116446613664493270335
11.321454449511405115913476038259	2.693913272708634121244131165440
9.138576299123929658207998727448	9.410512697412507066019315971062
9.633593805529235609697025211062	16.422127289674474326375275268219
13.114054497462248605188506189734	15.417936648742163185943354619667
18.228171445654073323794364114292	3.076761173191364218126864216174
12.280773030227807751657564949710	18.030921554020043373611770221032
1.513148503850566761741447407985	11.983448037753575476926926057786
3.725402916392048791038860144909	1.302685681819296892314241631539
18.028376064907241982382402056828	9.511397990991911299829553172458
9.205998221292087890788025106303	0.127378325744841536248941338272
2.682243883271980156024483221699	7.127130122471341699963431892684
8.323745676320879027798582683317	18.764418925167891671890174620785
8.730621071871867755476159800310	16.264155604192545467867603292689
9.727259076498294021462243108544	19.618498923162459135483004502021
12.817340349131820076422627607826	1.143166663020623197155600792030
12.790988500231962987641054496635	5.818716988308868742763024783926
8.358876403592150339250110846478	6.754314644391360644704036531039
1.581174510229031326957738201600	7.677430948802726362600878928788
17.757449027569322197450674138963	10.033644453753158387598887202330
10.418022062229020718859828775749	12.977101729896796555863147659693
13.233353458971782501407687959727	9.472976403848813120589511527214
3.790869030161972297321426594863	7.377658839436518789511865179520
11.276908285922887742458442517091	11.374783805948508685901288117748
7.280481259754483680524117517052	10.431175088615805890412957523949
0.129009883440553974054409991368	7.593755718928349551788414828479
6.475984517467672674229106632993	16.026858758816690198045762372203
7.796572537763241328434560273308	15.884449614861161137469025561586
16.340971146049749762596547952853	7.585813629794934342953638406470
7.637194029844419418395773391239	10.657857630687269434588415606413
17.087792397775203312448866199702	12.772058050051620980980260355864
7.835482833778899980359256005613	5.965622555029779228163988591405
15.629090171719807855765793647151	6.932057268381391246236944425618
13.905916831379308007399231428280	9.330944093499555336279627226759
11.740980474883039974542953132186	17.942163321909529116737758158706
3.703654564485126865491793068941	7.560230540459219383819799986668
4.859994414419326780318897363031	13.498252720343582922168934601359
16.177563899256853119368315674365	14.193975024497605730289251368959
13.025953778634612234554879250936	7.115463276178964235896273748949
13.555445707554886425327822507825	10.159324112145995400169340427965
11.839681627460725721334711124655	18.908255449696213190691196359694
8.777676967965653886949439765885	16.195863059275175999118800973520
13.158664623382605896040331572294	7.398950040972883890333378076321
14.785529299409361669859208632261	13.674099162891820924414787441492
12.871966244869833317920893023256	12.583558901817077924079057993367
16.234707596881541746824950678274	7.652509490964875205065709451446
7.644287300209778202031429827912	6.970037133163096143562142970040
16.721021006665544916813814779744	11.330916025841872851742664352059
1.530472726125240878758404505788	8.639375952457973184550610312726
12.576456931637455483041776460595	11.028922770851426804483708110638
14.637187528595601904157774697524	15.497103252933548844794131582603
17.016633806686538576968814595602	13.133434848433607200490769173484
11.190339211116477002860847278498	5.223786702968776118893856619252
11.524980603541816748247583745979	6.178876551939666228463465813547
15.703992530020340012697488418780	6.073651397472506374697331921197
10.125279797036053963665835908614	18.373284972222634792160533834249
6.422026651737295921407167043071	10.427122612156273007144591247197
13.230084933452227247130394971464	10.643833298239240292559770750813
10.771774059617889918172295438126	8.498259240468067687857001146767
