75
10.229375723846613865930521569680	17.039382267939970461156917735934
6.811056865387397074584896472516	4.523253711640436769414463924477
6.489724191525277241510138992453	8.849236588932253511075032292865
11.564215786760955850809295952786	19.338932735151587394284433685243
12.953028564959332413764059310779	12.720693673921724453634851670358
15.955285749245991411271461402066	12.896134679055561989002853806596
16.373511254796262903710157843307	10.980015191790135631322300469037
7.450350898959301026991397520760	10.543440467529954673864267533645
4.802176946274818725157729204511	11.960691644354922047455147549044
15.344643435572608680672601622064	12.439618588174257141076850530226
1.394225304421772282381652985350	11.872231282829858400873490609229
9.169630279029927777401098865084	9.560206886829391237370145972818
18.331316896742059441294259158894	11.700560911095415406180109130219
8.098871698666801677291005034931	6.174617689299653378043331031222
6.446268266074160813161597616272	11.718475216110546099912426143419
14.002839359413723485658920253627	12.369118836946066508630792668555
9.985317255943378711435798322782	2.628644838930405125410061373259
7.459475853706048376068338257028	12.776329948779924450263933977112
5.280605540061361402592865488259	4.678035451490187845990931236884
17.917002716951859753180542611517	10.175068661824859361786366207525
5.486437847220865471342676755739	10.119512295302227400384253996890
11.401282805117524787874572211877	16.249404741541031427232155692764
15.765333209152732507618566160090	11.717073253929081388946542574558
15.498189667437941352545749396086	5.233820280131414648394638788886
13.499664390764587906801352801267	10.580029555972675581188013893552
5.381174613846792631477455870481	3.790039288371895853657633779221
8.154163240734474626947303477209	10.581931238382299653721929644234
8.905321265260912610983723425306	1.845133456892004142346763728710
10.008789384825837132098058646079	5.320694531104227742446255433606
6.949975974259988475978389033116	14.150649353963752119511809723917
17.303942064038434267558841384016	9.933410142997937342101977264974
13.427884173986411653345385275315	4.906319289469490918520477862330
13.658487017698021759315452072769	8.475856351230342866642786248121
16.939922520591849774973525200039	14.757689458012622552018910937477
10.054520269884264394022466149181	8.563759418531779132877090887632
13.689258514578785508319924701937	5.384214599323035699285355804022
10.617431063474199959273391868919	19.807073283586433376513014081866
12.971126239019859838208503788337	11.018329656235829716592888871673
16.424322485315858699550517485477	8.667763630568519062080667936243
12.067812966677458064168604323640	3.306541388474254716811628895812
16.694180678894490199581923661754	5.107704990833730640531484823441
10.706859217046577725795941660181	14.637805258377246886425382399466
14.725617204811776161932357354090	9.944905922541423137772653717548
15.148540351259663694349910656456	8.848803330762581964563651126809
8.683319686610289522832317743450	8.012772939964552421088228584267
16.556559415097982679299093433656	10.543740331100350360316042497288
13.334056893475269234272673202213	12.245482078322968533257153467275
7.824957173576730262709588714642	7.070082449834259818999271374196
11.501764563794928619699931005016	6.793182767001342270418717816938
7.508017089218730788502398354467	9.079209334770730777108838083223
6.247605316223196147973339975579	12.132696159991605000527670199517
10.707238982632684809459533425979	9.923513859756244670506930560805
13.882003715392116305338277015835	9.087046242331821233051414310466
1.831815943894289366866701129766	15.093761511548247966629787697457
4.665264787622668052335939137265	6.511580880013961625252250087215
9.608691267275416336701709951740	14.190102845664211983489622070920
9.184873748599969189854164142162	10.244225807489659274551740963943
12.434743983833513425452110823244	7.589335789392672282360763347242
10.233876977641997996215650346130	16.756896132164111890006097382866
9.002606527411570525032402656507	8.104409694139500075493742770050
4.077116427589391634001003694721	17.356372747836346093208703678101
19.422024781329390918926947051659	11.428676726005553732079533801880
11.960242132902539680117115494795	4.472468208541529044453000096837
1.208093652874138168584750019363	8.274866224564448202727362513542
4.672118917444144869932642905042	6.626751668051898747080485918559
15.071120732074076542517104826402	2.653374759707181951284837850835
12.873539110937656460009748116136	9.247049484471229874316122732125
14.075398636507539862350313342176	8.683607990186301250901124149095
16.996927513994091185622892226093	5.504929623290953699665806198027
13.276909627937444113854326133151	12.738694056180330349548057711218
1.724992619054598330663452543376	13.348310091371752506006487237755
11.015573737638391094151302240789	17.896356827896344299233533092774
0.680484059926506068549656447431	12.916046491450995148397851153277
17.686285090357657168169680517167	15.104277887459298668204610294197
2.609908827962844846126699849265	14.755297627779272673365085211117
13.078657287892779592652914288919	12.257017401382798382769578893203
8.795582407426087101498524134513	4.207964949744268601250496431021
19.267261547444132219197854283266	3.385158131876697673590115300613
7.113527170905157070990298961988	9.259575845508278391093881509732
10.259808328550539258117169083562	16.725335190541812835363089106977
13.579618007564057791114464635029	12.986709122488191425759396224748
3.564591261048757342422277361038	9.793707958658991685751971090212
8.132215125533408084379516367335	9.876987711244462175841363205109
12.699130752473921646128474094439	11.667942194738841976686671841890
5.771890223329839031407573202159	12.245634171904169917866056493949
10.801689868774959180086625565309	8.529601669166272159827713039704
11.773468830308662091965743456967	11.619884114846328770909167360514
17.794409183122645856656163232401	16.192220450974161849444499239326
18.887488018584512872166669694707	11.808883723881399063770913926419
1.973883468409788344288813277672	19.825916128788090730949988937937
12.461703768402863090614118846133	17.748643659762915802957650157623
9.255063282242160127566421579104	7.366818228366347476310238562291
14.048888810084049438842157542240	7.874461759711184782872805953957
11.411433658787226264053060731385	17.003168484105966484776217839681
17.854691716561745806757244281471	13.444977349400993205108534311876
17.480739102210719693175633437932	11.717951432168995040683512343094
5.740277096906347686910976335639	4.133041557715059433064652694156
9.367995346310777904363931156695	4.827962534494799839990264445078
1.250479009278581132846852597140	14.522081514580799321834092552308
10.325340394625625251023848250043	5.269683910843882657104586542118
11.642542026103107843937323195860	11.237302933033539886764629045501
11.716274724588728872731735464185	13.020699092906149019199801841751
11.601503803093336841811833437532	9.804291912292383059934763878118
6.785468473145239265420514129801	6.820199509838999141209114895901
10.043630278421661117249641392846	10.099793112943290296357190527488
7.680630707504866094836870615836	9.069076859023470049692150496412
8.751538923040953932286356575787	16.922156582401775892776640830562
1.582509055563360300666886359977	3.049032491109139542118100507651
16.511604390427901734028637292795	11.219652943325435501265019411221
5.866376592008492707464029081166	15.649243155968159513236059865449
3.826686842214048756005695395288	8.952798590958115809712580812629
12.752579723845853365560287784319	8.596723654152986782150946964975
8.712178010289756358019985782448	6.349907419686932286140290671028
2.879217586721364519064536580117	10.312851208340317654688078619074
17.515476246238286250900273444131	1.114956521107893783195663672814
0.155085869429990585999235008785	8.275796648499518681774134165607
17.478405041247533802106772782281	19.233365529648260405792825622484
11.399028295286573353450876311399	18.136152308657671028413460589945
3.686509831975826045891153626144	8.546986128645222891009325394407
8.149133339885095139720760926139	8.041818555690268155444755393546
9.830144687020753835327013803180	7.250959282885069967505842214450
13.265333265685530506061695632525	14.752356376154796890887155313976
10.401617842757193699299023137428	4.675300350831488316316608688794
5.200340898751206530903345992556	18.264605508667735023209388600662
7.301182634525359205213135282975	18.013845531770684260663983877748
12.110384085972343726211875036824	5.378486963720562563651128584752
3.950174550530651806923287949758	4.629581933637101798240109928884
9.492556811414003092863822530489	10.038298476695292293925376725383
13.185890886061955029617820400745	5.174731406964812485682614351390
2.410105191034737970312562538311	9.518120591576398226152377901599
6.355061137316936559216173918685	3.201718892758865564474035636522
11.027047058886518371423335338477	15.447621035979064885168554610573
12.710693956741806687205098569393	5.781063756521905183660692273406
19.584356263674482789838293683715	10.122925461900845078844213276170
13.177089020817744469127319462132	8.612716257245249806828724103980
15.000859609610991185491002397612	15.238675431756892209023135364987
6.522589444638907885121170693310	17.238766526972291615038557210937
9.660469714457633472193265333772	4.048808990171685273651291936403
5.528373714414167139352684898768	2.322357074998064874193914874922
16.968309826184249544667181908153	9.151035637762504393322160467505
3.267648148400902563537329115206	7.625195692706531858107155130710
6.487816390331397897739407198969	5.885575988378207945572739845375
9.878323330617465813929811702110	0.422772081205794458824698267563
3.673931783435726572406565537676	8.203057914464737976345531933475
12.259764251710699056729936273769	5.837779711930235038153114146553
12.350313934771032009507507609669	13.703682698168675457850440579932
4.830642953757987356766534503549	11.896064137346275657591831986792
3.722652713376063182693087583175	0.126286454892752253442722576438
14.433979964097732207051194563974	12.338990994945499224400009552483
8.299108853347354042284678143915	12.272743189577564493220052099787
9.773388569324271912819313001819	6.693028526163042890573251497699
10.978517324745780570083297789097	9.149496863058251605593795829918
11.111668104378127353015770495404	11.850344258469919012100035615731
15.094499632500868457896103791427	5.508678064704362498105183476582
8.934854182201528161044734588359	19.377927238898251971477293409407
10.905811753583352086138802405912	12.642856965659452939121365488973
14.010968919070055704878541291691	9.904634472384424626056897977833
3.416593292282481542088135029189	11.724837231908512791278553777374
4.568637657387752071258546493482	11.874221668415295027898537227884
11.894664653063049541970030986704	14.783475512647870075966238800902
19.756407824287535390794801060110	2.646284448085477691847700043581
9.808300720176823972451529698446	8.638737405255742629606174887158
0.908883937326965263281408624607	8.998469589533241830281440343242
16.167562969464626121407491154969	10.159239443652484879976327647455
3.382969655806794762042954971548	12.340549357319805068300411221571
4.668383746020402291776463243878	14.408427344207009213050696416758
4.440822433935012192307567602256	14.285730080146800347051794233266
7.640514475085765866424480918795	16.613907935236689183966518612579
4.561749364712711418690105347196	2.013585124292896821884824021254
9.445177239794338319711641815957	6.046232636425735051943775033578
6.711234037550092956792013865197	6.861511677135807119043420243543
14.440338763198409921528764243703	6.693133669259544227259084436810
7.085252990469157907682529184967	10.621532261436998467729608819354
11.104044682086865236669837031513	6.945305286803092670311343681533
5.603419721856121249459192767972	6.791081549505734393790135072777
14.006765300678903685138720902614	10.269193333934415690578134672251
7.112944984325764608001918531954	11.913476818935722079118022520561
10.418126750745010156151693081483	9.684967798511866732269481872208
5.654379894459310662568896077573	4.643115781448150514165718050208
1.296699539311797488849720139115	8.644842144475648026968883641530
3.353055296682481145609244777006	10.821587811674410417595026956405
8.610329704688982843663325184025	17.199705797156333630937297130004
1.631443083473658184345822519390	14.763177871523041062573611270636
10.992351991920031650806777179241	11.029787285927566742316230374854
15.622928471354743606980264303274	4.454567539576590462502281297930
14.736003256928379201440293400083	7.377849270357847544232754444238
10.598145404929223190038101165555	8.240601988800131394441450538579
6.896434957392997944225498940796	6.777449403676102157589866692433
5.627404585285246341186393692624	16.915761711981144088667861069553
10.392896693433947064022504491732	11.588038168693953977594901516568
5.694240994221474672087879298488	1.671223588492170009089932136703
16.136214035332802296807130915113	10.309006537793731439478506217711
2.281227493691895258365320842131	7.034598995395898057836348016281
9.364491233077499643400187778752	9.741555556037168273064708046149
8.604142829309644469049089821056	2.175330050484665100896108924644
4.014058050737055793888430343941	7.184297234617291749714240722824
14.443471444553798832544089236762	11.031613190316175376892715576105
11.819502845647436473086600017268	7.796188132765759171149966277881
1.604474170374901031976833110093	6.581151443747858209576406807173
11.043891408748292448649408470374	6.706450336917013643756035889965
