75
13.197988457923287342055118642747	7.249582548352319300022372772219
13.600561910993995695662306388840	10.354142931033409880114959378261
10.467312476183757041781063890085	14.397167412992136092952932813205
13.206009066160230958075771923177	9.217072829026712099675933131948
0.634690943786181405172897029843	8.168081555947786398519383510575
8.396103521164718586078379303217	14.067789482107121656895287742373
2.136130683064320301411953550996	8.584367456270131313544879958499
1.585794082463977128227838875318	16.330006490404208818745246389881
2.967944905854596804317679925589	17.340150364079313760612421901897
8.855742278784509480260567215737	7.387641693054087355108094925527
7.728299747728827995274514250923	13.846636299698149130676938511897
7.289092679632239502041102241492	8.315901909166667493877866945695
5.291998283682745274347780650714	7.835957549932870414011176762870
18.026131475468751830248947953805	8.258200897538699791766703128815
11.529705197641870739744263119064	12.487213520106102748741250252351
15.279136267916941349653825454880	10.768730085946092600579504505731
12.112256959401575429069453093689	8.873642982443174176410138898063
10.523525127088669606223447772209	7.463924658942944212469683407107
14.875205112003733631809154758230	17.024453292408420423953430145048
10.119330653305439682299038395286	10.570789809459126828983244195115
12.345553975914992150819671223871	0.564432192036304902771348679380
13.326212479317012693513788690325	13.001249262608547851982621068601
17.438071884756272567074120161124	11.890119910285559257090426399373
8.784647633698238422539361636154	11.958854441583763872358758817427
8.724201310046195700920179660898	9.823575889124077420433422958013
8.418060149915790546515381720383	10.278200669737982408946663781535
5.591213388401471640065665269503	1.391245105256025960116517126153
14.535449070625904965936570079066	15.537506165829675808254251023754
10.673420379195434293251310009509	13.080917917312500975413058768027
9.068874945921027830308958073147	5.698216639314097164970007725060
10.716872543039883680648927111179	3.640477221676517771697945136111
3.844475350063194518668296950636	14.000676294167531565904027957004
7.219975863671429294754489092156	8.889111531923621356554576777853
10.123076218147044613715479499660	13.537068305724758943142660427839
9.491888071063693033124764042441	10.795898382876744747704833571333
10.907860431012128543670769431628	14.097894582973339083764585666358
5.967471804571035320918781508226	4.880269434644669779288506106241
13.804144400890912436352664371952	12.070114556491843060825885913800
8.627877872889580856963220867328	10.750340153927933073418898857199
8.560293557221498872422671411186	10.462018063116172328363973065279
9.842091377384861061727860942483	9.681334299853698865945261786692
16.179955390560742500838387059048	8.233772182330501010483203572221
15.242287281282248301295112469234	11.224981654608260583927403786220
16.154786678227498697424380225129	12.925760765678788288823852781206
3.569865033480708049751228827517	13.477611280597958653970636078157
8.135159829628237915244426403660	8.714809047308786915664313710295
7.149309810386295538364720414393	10.078032328599588751671944919508
8.034906018999640409106177685317	7.879285024229243816762391361408
15.275043954666029932809578895103	6.441285911420496113066747057019
12.883957015930395328950908151455	10.014855784941698146894850651734
8.368297126965954291222260508221	3.622353321249998092667965465807
4.191128499814391616951070318464	14.776780398026051699389427085407
12.266421733218809464460719027556	8.260627873651756658546219114214
4.473830169768449493972184427548	10.822952235419927902171366440598
9.493712177047646250116486044135	9.745521395199110870066760980990
14.074423521480756704704617732204	15.012283093360766272894579742569
17.923733730824579879481461830437	7.650024483427318777728487475542
8.887390940266916672385377751198	3.240173585877380801889557915274
17.394734895335229651891495450400	16.629910360937209645726397866383
17.800519251277574284131333115511	0.107746292864124848520646082761
11.312482575254435346323589328676	12.161467467694331290317677485291
9.530618934562596678006229922175	8.246232973007009192656369123142
2.513587407540485152424025727669	4.584086548922568837838298350107
12.152322227368463458674341381993	6.083259199749902812470736535033
9.647622926025222866996955417562	5.291492119912169833639836724615
7.440411870277557682129554450512	19.042860282463038856803905218840
8.293000626977761413627376896329	6.528304840122979513239442894701
9.265244844547703806370009260718	7.137898905138880145671009813668
13.228971919344092000869750336278	7.495651395338104094889786210842
5.874389338990119391326061304426	7.930163094020365122105431510136
7.334370144470453212193206127267	11.048843432132251507482578745112
10.425664764537975415237269771751	6.526847295698658513174450490624
0.461616835682108206384555160184	14.394883189676088264263853488956
16.961093955028790247752112918533	12.244194910823189559323509456590
3.211493232204869485713061294518	7.467427503622975137886896845885
16.551686587067699463204917265102	4.741411272684431743584809737513
15.075824825124264805253915255889	8.299770713773805042023923306260
13.421879053085330468775282497518	11.833648784359288796963483036961
2.900201239527433472176198847592	7.589261708085437874160561477765
9.345187453401740285130472329911	11.433045871519789571379988046829
10.963101915102337002849708369467	6.907694168932356326706667459803
11.905423780814107459491424378939	9.492738297912120870591934362892
17.454369972915124265000486047938	11.695413889614789226811808475759
2.708831838997097563037641521078	10.976061057484720606680639320984
16.256091705201885844189746421762	17.167428292077648421809499268420
3.318931204513129173960805928800	4.535568500701413263698213995667
11.742053019716021111662485054694	7.294818689027387392798118526116
8.859344464303175570307757880073	10.539762202003265301186729629990
2.189673835296398252125982253347	4.585351563566692156825865822611
9.365467142006510314899969671387	17.356506328928020366220152936876
12.702602988443748799340937694069	6.471614755332327995063224079786
8.200135640442326234733627643436	8.225238872378218601966182177421
11.856830376760006728886764904018	17.850042195684977741620969027281
5.604850482566959612995560746640	4.597207863630689672618245822378
7.236655049582562782006789348088	15.539446930289555481863317254465
3.506919393401075613070361214341	5.056350783984811414484283886850
10.427299708664778066236067388672	10.390426846932198756690013397019
12.330900084331769761547548114322	17.807061271222011100689996965230
11.511267747051020293724832299631	15.623552997963566113526212575380
5.121674878888727633352573320735	16.724297338843530980057039414532
4.050056257346192012391838943586	13.626303788679999584587676508818
7.951569926538621935208084323676	6.896015459471792397039280331228
8.687590811752688324531845864840	17.951029978754664995221901335754
12.634121346184342016272239561658	14.638414635257802842716046143323
7.515085113719456977321442536777	7.379168434210727767208481964190
14.942549773823103009817714337260	7.438209936923890985838170308853
7.296773862913155994647240731865	9.907162244590907107522070873529
3.269622730397397702972739352845	10.210971408448193287199501355644
18.507218577193011554982149391435	9.220847626624060211497635464184
9.992169345403588920362381031737	8.195983260632601741235703229904
6.764606069843753566317445802270	16.709197630900472830717262695543
15.004344975758755253991694189608	7.899176405889553720385265478399
7.836434961815339939050772954943	4.809395152383764582282310584560
5.087552190098669768758554710075	7.753836530452475450658766931156
13.949151001956273887572024250403	9.082960803268141702915272617247
4.958162651881353966132337518502	11.830202175246597562363604083657
6.011313199143502927768167864997	7.251798105762796708972928172443
8.856382841390193050301604671404	0.856106594810048804333746375050
5.588145996052792163766298472183	10.144715922164577293074216868263
10.980353079392751070031408744399	18.938290330598881894275109516457
7.947410101982542940390885632951	9.335843759292245636061124969274
9.925013478846297587665503669996	14.110201639100820258931889839005
8.649972064338273369799026113469	5.982814176749645440622771275230
12.491890931006681242365630168933	4.557555390429994801593238662463
15.744388190145103934014514379669	18.064373809241939028424894786440
14.318430360169948301063413964584	17.070902806301457843574098660611
13.437983403463478637718253594358	7.904647260252104068456446839264
8.795757961262459900808607926592	10.217313471046983508472294488456
8.837570248124674066048100939952	11.305638754526313505266443826258
9.802112797532423371649201726541	13.453929610284266260578078799881
19.615545691113716486597695620731	11.865143789602125679039090755396
13.379535418526870671485085040331	5.833438811880956365030215238221
12.131371604029503430410841247067	16.732573675661630119293477036990
7.426778843046503375546762981685	15.330289242749499223350539978128
15.401359980412479444566997699440	7.250552397533530424311720707919
10.747716940681252495437547622714	13.770824197121282139733011717908
7.043855041206875888804006535793	7.709326685141892454566914238967
14.335378098052556694597114983480	15.470286986057132594396534841508
12.750235297370572595809790072963	15.328214271543309621392836561427
6.432755465784457449274214013712	17.886921292256882765059344819747
12.848595357830589591685566119850	15.501920774942860248302167747170
14.258351151124319500240744673647	10.354440163214524872614674677607
13.549767488178472873983082536142	3.492773444834356144639286867459
11.972505144162571610877421335317	6.064102324027302870490530040115
14.024001010627708652123146748636	6.267663041620512132112708059140
5.007028956496895055749973835191	11.353624143739274643394310260192
13.074280912231047935279093508143	6.637476201968735445291258656653
0.137582708279423426844800815161	11.923733251740038951993483351544
7.537349018004925405023186613107	16.322516411082300891166596557014
16.731725102223091283804023987614	0.388864626407030566923594960826
10.582945711334755145571762113832	16.987791741463148298407759284601
17.530222857729437890839108149521	5.288506868566077656623747316189
5.975512882388496649355147383176	6.893822809542029972362797707319
1.039925231356113588532252833829	6.836622660854970945365494117141
4.279225279631253542333979567047	9.515447506383933884421821858268
9.030810658102296883953385986388	9.807897348743770393753038661089
10.503639083980271351492774556391	14.416600765398891681456916558091
7.211288379073462095902868895791	4.103741920419560429422745073680
16.500816915192977774040627991781	18.194769573264029105530426022597
8.296369442906831537243306229357	3.000491047393362364914537465665
6.330610429082311974013919098070	15.155595129268974119440827053040
15.612057846482121803433074092027	7.739351722319465665123061626218
7.586340023347603711556530470261	14.674534542606824771837636944838
9.599112048724768087026859575417	8.722637285104363868981636187527
13.373492749415831326587067451328	9.045420700056537199884587607812
3.778518093771312535977813240606	12.818191811452161132933724729810
7.588783048072487602553337637801	16.313189103449346362140204291791
18.452279688153836900710302870721	14.281977547756229185438314743806
10.657394433400996902605584182311	7.164091553745517870765979751013
9.737632975196508056114907958545	4.740875723115825834952374862041
9.811989534300263215982340625487	12.020913237870280099173214694019
11.462249503417488938339374726638	6.275405505921870741303791874088
10.231187044385244178101856959984	12.168915432664142883822933072224
16.306009764367896508474586880766	2.339516936610306352406496444019
9.088865087612571613817635807209	5.736153587300035994189784105401
9.906412854503061637956307095010	13.470228694969222260624519549310
4.507584469145211159002428757958	7.418064809009073279355561680859
8.202463639052174571020259463694	6.560633774607619983498807414435
7.977876354271327130618374212645	6.357483946244590455876277701464
5.864639518190202238656638655812	1.950548176253628085419222770724
10.160238016500619195880972256418	7.214708056603814867457913351245
17.987924279537388372318673646078	3.502021513254357287792117858771
12.333438450072595315987200592645	13.271437721508169360618012433406
8.344027048839681270919754751958	8.962436333517180386820655257907
8.987534832648538696275863912888	12.799167860790218398392426024657
9.741694736277885624531336361542	13.772889427718448374093895836268
11.327535476370449885052948957309	7.702964214750360305572485231096
8.521009843684861806423214147799	2.000330844424876630682774703018
9.442900212659601777431817026809	14.922311285554043180923144973349
12.567915963991806549415741756093	5.136301338024912510604735871311
19.218453132571401198447347269394	6.752137543392550789178585546324
4.008608425758152016271651518764	12.875858112120713627746226848103
6.549589350647774921299060224555	5.563782169918215281256834714441
8.433678218900546141867380356416	15.606478470535124714047015004326
8.642725711374612984627674450167	8.855903276570394666578067699447
10.067701779552566065945029549766	10.416997933818450405851763207465
8.661190530221658079312874178868	10.798951895789763000266248127446
9.192245160185430918886595463846	5.242648823850439399052447697613
2.392733654905688567282595613506	8.238839171529741989274953084532
13.418326855237530992326355772093	2.601519498095300697571019554744
