75
11.745757200144369747363271017093	13.131802749680021591416334558744
10.282448410970806307318525796290	10.234842982740353534154564840719
9.537663026702897894892885233276	9.402137403511655833199256449006
7.963220237005465662605274701491	10.660646657878267262731242226437
9.851794603147855156066725612618	10.307458056124673362319299485534
10.698034006846311783078817825299	13.010043102306875439921896031592
10.594096149230789905004712636583	9.505678369318943055077397730201
11.125805380786031761886079038959	8.807162901578106328770445543341
9.671353958282763230158707301598	11.063147340571035215361916925758
8.519663058253456711099715903401	12.088431589966594614793393702712
11.565845671164616703663341468200	8.468863352954704382113959582057
8.932538337415746099168245564215	6.968548859347380997064647090156
11.477508105877973321184981614351	9.743013292290688909247364790644
11.136506421728519455882633337751	8.876733098905095431518930126913
7.016501227852693922670823667431	8.067153733984914865118298621383
9.771239879964268126855131413322	12.952038320164939833034623006824
6.539734918309652478285443066852	5.473904354555790163772144296672
12.046547938783159992226501344703	9.514553373223712640083249425516
10.875143247644363242443432682194	6.268314303342124027551562903682
5.889266697969968156201048259391	8.594754362954223125825592433102
8.270803927184017467766352638137	10.367443709901571935461106477305
11.885075655168570563091634539887	10.382861862877922121128904109355
9.465575572775112078716119867750	12.402213189245387070513970684260
7.597916829685230410973417747300	9.151969125097577872907095297705
10.307641157391024933076550951228	9.783033330288013473818864440545
8.840212008009759259152815502603	7.488991165333048982688524120022
9.691519481075234310196719889063	10.133403643541591065968532348052
7.220295030568927074909879593179	12.625778915785391021131545130629
12.067583039314536463848526182119	11.380625599903256173206500534434
9.328387497031851438578087254427	11.632182676435782298085541697219
7.296163200845031227004255924840	4.015658412294194512526246398920
12.018953858894459330031168065034	4.838432392209115917580675159115
10.809236666077294941601394384634	10.300316452122082466758001828566
8.688849853249150712031223520171	8.018009162727977923168509732932
11.542054565225562612340581836179	12.930000422333254306295202695765
9.329158710718118641125329304487	12.384187024661176934614559286274
6.140246990575414898216877190862	8.833965738027972136592325114179
12.058690623601224345406990323681	11.029510658405310863372505991720
9.537182057832584547441001632251	10.136630770547208513221448811237
10.377319732888082626232062466443	11.568115732121993843861673667561
6.301030786058031019081226986600	7.364186823531573722334542253520
7.141034731065280638517833722290	6.066710003698323916410117817577
10.930306456164970541067305020988	8.812729774560063233934670279268
9.835648115151226278385365731083	12.709881341649278851946291979402
9.845106519138399292501162562985	7.873302984753980382492954959162
7.613087409447530262696091085672	13.087719549760921111669631500263
8.273352276229699597820399503689	9.491536714660053775105552631430
8.831530510231011987798410700634	6.717949102177483311493233486544
8.771126680521787122302157513332	8.316948488806675143791835580487
7.861813388785360956489967065863	12.418026702868450783512344060000
7.691010506853078965150416479446	8.069005228171686638916071387939
7.722200463021986038825161813293	8.249880676453253514068819640670
11.494096321277515571068761346396	12.066007288458269641751030576415
10.764271858120896041555170086212	6.407256058671557674699670315022
12.089963156113126885315978142899	10.288752113971797896851967379916
11.030421800516085895083051582333	12.782796420006169668681650364306
12.344594853680638024684412812348	8.126806010825745829606603365391
11.325890729576842730352836952079	6.227854387494160093297068669926
7.315519559048863307282317691715	10.282929210838970490726751449984
11.054168842171124609308208164293	8.206732677145907928206725046039
9.570181508796752112289141223300	13.869128080070170838666854251642
12.883837681611431946748780319467	11.286477329226672239315121260006
7.883027596716010165778243390378	10.080624102609533565555466338992
13.211889486372250246404291829094	10.444432049826529507186023693066
8.681671318932329128870151180308	9.317374827215148869186123192776
8.180531005351120654722762992606	9.384284930477786446090249228291
10.292068156154375202504525077529	11.155030775805830245417382684536
10.672865497688972524770179006737	10.199555197678789042470270942431
14.283594810568578381548832112458	12.710918634914564862015140533913
11.834403875951455376025478472002	7.387788038293921388799390115310
8.417219179077555679668876109645	12.607300937205566881971208204050
9.258977793023188240795207093470	9.331285387822809695990144973621
11.376643181039163721379736671224	6.070722139959725538460588722955
8.263017897177716619694365363102	10.744199161743617665365491120610
11.697981727843886901041514647659	7.458357692372262093272183847148
13.888956018138294723485159920529	9.350129690227822365500287560280
11.691897837616618716083394247107	13.023062644346575567055879218969
9.341599539741675783943719579838	11.683028813114345823009898595046
13.236902914539498965496022719890	11.199928820644050375676670228131
8.502218780515727658553259971086	10.421212915727959824607751215808
10.810367745756312984894975670613	11.041839683924028037154130288400
9.444895142574919688627232972067	12.169220082533879434549817233346
11.123580944296168837581717525609	11.246932527467890849948162212968
10.993878401614901818561520485673	5.608701249545767986148803174729
7.531427736080297030696328874910	9.668002867445224524090008344501
12.191397317755926721360992814880	6.680595931981798685228568501770
5.827537301647231160472983901855	10.977661912706139446527231484652
10.520777124569027805023324617650	10.549990413686472834342566784471
8.004427630371768742634230875410	12.013102637299564179329536273144
8.869367408360016469259790028445	9.539974725872088612277366337366
8.085262313118629862174202571623	6.541976744479001126819639466703
10.191927828301318825765520159621	9.904955229644782477294029376935
11.221223348306731182333351171110	10.095154679096468797183661081363
8.183973558494233913052084972151	10.927449515626044274085870711133
11.762968138688695063365230453201	11.090493825401546601483460108284
8.660254177033356981496581283864	11.870852504898861567994572396856
11.234741335823532182303097215481	10.203733102358064854797703446820
12.077405980757569992078970244620	9.090426825185392800676709157415
8.270704469721474438870245649014	12.876733953525580034238373627886
9.502645990081440174890303751454	10.934655106047198813712384435348
11.422509659183095465095902909525	9.546650022778674582468738663010
10.225639563047996816180784662720	8.499504397446875358923534804489
9.253745154057382293899536307435	9.005420018914859880965195770841
9.077127466967167990219422790688	13.345565223132744847589492565021
10.228058269183391004730765416753	10.628602842336395184474895359017
10.458669232321545550234986876603	8.414886478269110625660687219352
9.032887343211202235693235707004	4.630145673220644297884973639157
10.573042964846917968202433257829	13.253224044036835849169619905297
11.900689531944657062467740615830	10.801979857081171587651624577120
10.023447334374226969089249905664	12.018634165539321401183769921772
8.833917256242875382099555281457	17.267194419680699013497360283509
11.719317636719024378066933422815	13.285657604130339137782357283868
8.576009134559763325000858458225	8.425724809764245648580072156619
10.445343727037176506655669072643	11.331771147215350836745528795291
9.722079154687950364177595474757	9.457631284910807067944915615954
10.155614893372478135802339238580	9.318491889586894671992922667414
15.368100396061187495888589182869	9.602635815159956678144226316363
9.435154673591510388064307335299	8.196485581231719663719559321180
8.314087602566733181674862862565	11.737061766007318652782487333752
10.241262980018690953443183389027	6.743842938963101829585866653360
8.616073735126853705423854989931	10.477564240489630975616819341667
13.665101420380056040926319838036	10.614405170038718750902262399904
11.361242532135879201860007015057	10.194137894699291990718847955577
7.537859917610693294420798338251	11.269701785517778347411876893602
12.706975138964168081656680442393	10.627641444428775230335304513574
5.751592830940992051580451516202	7.387043052620034799815584847238
9.836647971691137470884314097930	10.107175376100991925909511337522
10.102996280231408832150918897241	11.138713716096763306495631695725
10.640982383330323202130784920882	8.489091330428429671428602887318
12.349270053895772036867128917947	8.180661506774512758966011460871
8.441600874185638758717686869204	10.350206859908634982048170058988
10.711215381281796510393178323284	10.988344966783891720751853426918
12.176037745483183627470680221450	12.372548776914198853660309396219
7.771040117294408133830074802972	8.368552224392171723366118385457
9.563758551601685198306768143084	7.929012272965923813217159477063
9.299946719947486784008106042165	9.801501766814045168985103373416
9.248323323658485861642475356348	8.917229147943531941677974828053
11.689533957273781084040820132941	13.794840481512228080873683211394
10.658608933612880420582769147586	7.856704572573257827627912774915
11.621703465332755556005395192187	11.817966415540729130384534073528
8.061044192316138889964349800721	8.214516929750843132751469966024
13.465529576598706640311320370529	10.319556160775643860461059375666
9.444997175262294319963984889910	9.952585564231656078959531441797
9.647252430421342950239704805426	9.453839922290292463458172278479
12.850443885551936062938693794422	7.935196229020357705508104118053
9.380610648151559871621429920197	9.721840365789184090772323543206
7.990122399216350146389231667854	5.931383518182141934005358052673
7.418643294137524435427621938288	14.595215008988732918737696309108
9.945827191877848250101123994682	7.702973168374569468141999095678
7.261156296226999984355643391609	10.720177425897150058631268620957
10.673056506276070720673487812746	6.751142259329343531248923682142
5.269131506814886733991443179548	11.088297993397562279938028950710
11.540878108904044196947324962821	10.626625689738762758906887029298
9.259814886112248899507903843187	7.747238659877515587481866532471
7.750790248068140542159198957961	10.647512010305719698521897953469
8.415254529814681916377594461665	9.809494512910390540127991698682
11.417713228178481443819691776298	10.558819973080980858526345400605
7.219881840676406703494194516679	9.154322270884183154748825472780
12.549000318573753531836700858548	7.054315403922958083171579346526
11.271968129898006338862614938989	8.688035763206398698343946307432
12.739990777772050023486372083426	7.864576584152510818626069521997
6.716239827229253833706934528891	12.469217832863762396300444379449
12.732504515557359070498932851478	10.464835533207910600594914285466
10.974859144475384908901105518453	7.298408440969343047299844329245
9.619774747219894450722676992882	6.458945778092881617737930355361
11.239608598576076303743320750073	10.485355581561629279008229786996
8.552455261039956013746632379480	8.392633758963802037555979040917
12.020587518854231490195161313750	7.303900671751602402537173475139
9.977165012946514366376504767686	12.434410347683243713845513411798
14.005763846841425390721269650385	10.145819603418587462329014670104
10.799866883988046950548778113443	11.374625582452006611333672481123
7.911436916046413969638706475962	12.806107489362666740362328710034
11.566474541408680920540064107627	9.078050723061799942570360144600
9.807063757389933300601114751771	11.078007281345618295631538785528
9.330774641445563233332904928830	12.220961389816640263461522408761
