75
10.580225626292294904828850121703	14.377089349404974072399454598781
14.589033548544492191467725206167	11.942643427140472667247195204254
6.889652788329897248331690207124	17.626554946088191400122013874352
6.764677623631978775620154920034	4.590366000174815219736501603620
5.862071641894541329520507133566	11.281951582533643829719949280843
14.235480831866381024042311764788	8.788574802042573352878207515460
17.007803516452035808015352813527	4.143981090254565735619962651981
9.461866299569868132834926655050	15.334387051538415747131693933625
9.547717097188739288071701594163	4.539673427225676682894572877558
12.754664840791450686197094910312	11.613579734110794916546183230821
10.248471309907472459599375724792	11.001426511321389156705663481262
16.213377420293767272596596740186	8.382034026373606394599846680649
13.895203992670738912806882581208	8.914749808072572889727780420799
0.305694551833638472615461978421	14.024261549032431162231659982353
3.891391188797440392477255954873	11.842123329404596887570733088069
17.774413821951092984363640425727	18.135379717293030665814512758516
18.228920563792829767635339521803	4.202166563798364506965299369767
6.723336728441760001828697568271	8.674051370322761300712954835035
8.714204071753284708279352344107	5.989329179766959221353772591101
9.073658379625829439873996307142	17.329793016589057685905572725460
10.454153079885017518790846224874	9.288083623261012888860932434909
14.103096030394659976536786416546	12.367756905046590532037953380495
9.429025027773795031293957435992	13.522349048578659491681719373446
10.065500433779996924954502901528	0.702532319077272759955121728126
19.742349254898794441714926506393	9.059515974355235812254250049591
14.246100416808669564261435880326	3.081779227502994711329620258766
11.290340431442993818222930713091	15.830285452069762897053806227632
9.609319184663327462203596951440	6.386616681300631093165520724142
15.581974947347063675806566607207	8.342849521882135022110560385045
8.644468908275166896260088833515	7.565081942749591448205137567129
4.497344344320924669489158986835	9.679532647536523981557365914341
17.358741919915818385788952582516	7.628090857068248631378537538694
11.531133670469298380112377344631	19.967622158223058193016186123714
8.874284800745495971341370022856	15.277511900410221556967371725477
15.137657755876057663613210024778	5.652639625627677411046079214429
15.897297512225152971154784609098	14.028306080963153235074969416019
5.263178359240476389402374479687	11.863103456508287791848488268442
14.197609476519861715360093512572	9.645369368720977831799245905131
13.084440481157958657831841264851	13.883775903858097677812111214735
12.197803209327101825465433648787	4.193070348704414307405841100262
8.784832429673917530976723355707	6.215624983671948378116667299764
16.117883443495710338311255327426	11.745684029825751437670078303199
10.079791698808962863154192746151	4.655248558100762323874732828699
13.185891197747309888654854148626	14.896966025887897089319267251994
12.827864224777664858834214101080	7.919098748115159125404716178309
15.428474604315209006699660676531	14.156107366871164998656240641139
3.515702242207277894436856513494	3.712250537033489283800236080424
10.188231901153995906383897818159	6.872163738122646137185256520752
5.759334386255512860941507824464	17.696681768810510249068101984449
19.831786341789797489809643593617	10.827498307699537249959576001856
12.191469826110546748054730414879	5.896463837044867872805298247840
8.051785250432555329780370811932	6.343636813453569445186985831242
10.482362517026986736823346291203	1.017138416792370936292400074308
15.475715983096655747885961318389	17.600365562115381834473737399094
16.163773866328554618121415842324	12.612703773007376994996775465552
6.009375508177924984920537099242	19.145788312207017156652000267059
2.638591349262034313483127334621	12.749135319941148125622021325398
8.317187375372997237832350947428	4.491022708023195697535356885055
7.157075182635368904016104352195	7.805359618569451818359539174708
8.896736174897410975859202153515	9.919591713817244027495689806528
10.104471906947637194207345601171	9.966715647801969168995128711686
5.101597091356262048122971464181	19.635094412581878486889763735235
4.315607004494030007890614797361	10.122304015234876217732562508900
6.385751599232199815503463469213	18.037451324303294342143999529071
1.763138345493674874475686920050	9.329306416235297660932701546699
0.217908909636336689530367038969	11.455539832443616177215517382137
5.452695439941827260099671548232	6.479306732262388734966407355387
2.097054825966802482639650406782	15.552533552508526426549906318542
16.027878615473365897514668176882	14.108184276620034935945113829803
11.728018199824088441118874470703	10.193227659048000433017477917019
7.887707652223041598915642680367	16.702979923163930209284444572404
4.196368953916954858129884087248	11.319203852772325546993670286611
10.788252802893440573939187743235	1.502590194614624063973451484344
3.652330870673291318695419249707	17.418504722474722257175017148256
10.242258726787175859840317571070	3.716104339396533173811576489243
15.791939045166246913254326500464	16.283416392155107388362011988647
15.694912982157488201551132078748	14.838985322656414567177307617385
11.452287123618351216691735316999	11.778411567126616077416656480636
7.029549416959241625590948387980	6.617059602421605291056039277464
13.146511094716441192531419801526	15.478408747590066241173190064728
6.273846631450784805394960130798	16.089853934086789877255796454847
9.670920737682941137336456449702	5.912916409373732307130921981297
3.769712330235998276606323997839	19.773750083898573137730636517517
10.037369379010140590935407090001	16.385157816811339870355368475430
12.150594012416659595032797369640	10.365903993091455603803296980914
6.943050147615355882635412854142	5.884642967770605359589808358578
12.375490506166897830553352832794	17.409270883224515102938312338665
5.684296510612735886525115347467	1.624194504088855239842814626172
11.740215578357075187909686064813	9.240059893843591609652321494650
10.323396919019288020535896066576	0.671376900366685180898684848216
13.785049364164430940604688657913	8.105617688588546698724712769035
1.681964953070876678253853242495	13.387129541765531826058577280492
3.213162067466652338509902619990	7.831481302773628527802429744042
4.683150510387348752772140869638	17.348175044327810212507756659761
14.334232907304992110653074632864	11.079118184924103829303021484520
16.199761844187150927609764039516	13.115339771179460370831293403171
15.342636043330994510824893950485	11.722753922322651121135095309000
14.066560066743333479166722099762	17.325201313154856563869543606415
2.358026256248316077090976250474	3.676540312817616396046105364803
8.525335058108062469273136230186	15.887770709201131325016831397079
5.645562345922641611650760751218	16.618696284777115579345263540745
4.158733265402505097085850138683	10.001579989053036356949633045588
12.357016656892529482547615771182	4.219778773950866757047606370179
3.274219633917880845075387696852	6.340443489776870222840443602763
7.832154588542271866913324629422	6.830301465627238499678242078517
10.496993891812270049967992235906	7.927756058638589564679932664149
13.281676312529803851703036343679	4.713576218918306359739744948456
9.481131032891941146090175607242	11.732908117926122315566317411140
7.860737107924924416124667914119	0.926053077047960249146285605093
5.720322505877124541484590736218	10.802951135143347372036259912420
0.988919826140346680531933998282	5.555906833408613465508096851408
13.936813910119735027137721772306	10.193597369097370020085691066924
13.027956960631945193540559557732	18.531022559135660543461199267767
10.079202759444857662174399592914	17.972120735281848169506702106446
7.254310133485045497536702896468	19.285504456317863031244996818714
6.844391637805074424250051379204	1.716422847989187427941715213819
10.922519398800536905014268995728	5.460912690413977976788828527788
19.553167364828631491491250926629	1.001560351170668994313928124029
13.743520933275116036043073108885	7.711619920651659576549263874767
9.676877881054121388615385512821	2.157967201278805369213387166383
8.414117051693700943815201753750	16.244055411503637742498540319502
2.130283696185805375478139467305	5.630095886564671303631257615052
13.514827863048676448443075059913	11.995398795109029066452421830036
2.982926089399424718351383489789	5.648321183198385497803428734187
14.802532934744716541786146990489	12.733289713559647893248438776936
4.047434246274995928160933544859	2.701679666141538760371076932643
7.007034243113611893249981221743	4.610396609376202547991852043197
8.080472966857351835301415121648	3.478993049154969430247774653253
6.428516154888500366837433830369	7.624019395644900498609786154702
6.818827652791640936413841700414	6.771672055812512525108104455285
6.162473374958466365569620393217	6.526301628185160019768318306888
5.654418071604721873768539808225	19.931619410439353146102803293616
18.294770688684046433536423137411	13.246527646325723992504208581522
16.438899154778653155517531558871	8.979060662516442192782051279210
15.236007449421801851485724910162	11.069710006648220357305945071857
17.980852142566774887200153898448	11.980651080058315471887908643112
3.661684533662945106868846778525	7.357706718116046040734090638580
13.226369637757738217942460323684	18.692191311558048028018674813211
3.475013295749732833428424783051	7.354046703740345414246348809684
1.613891057057280642439422990719	16.043524693640698330909799551591
9.242964481547335964251033146866	12.009406951417343378807345288806
5.770733261045576156789138622116	12.518482075758054605785218882374
1.567024448050285290179317598813	5.327289966664825016096074250527
4.657622196099907796451589092612	6.987558595404957273444779275451
11.651246811120714141907228622586	5.193926902784999910522856225725
13.979779755283907149987498996779	8.109991984668987186068989103660
2.730409213869521067863388452679	12.414048944999425572177642607130
4.508784529320935874352471728344	9.839001429516146757237038400490
15.026512885015993248316590324976	6.580188160364783378497577359667
9.196703495380932125158324197400	13.959482324393619023794599343091
18.446957337662972520320181502029	15.507227561109310443043796112761
12.500482976370022925038938410580	5.055011264425401051880726299714
1.481820098432052423831351006811	16.843406136087040181337215472013
17.340587195011298859981252462603	10.523748629749878347183766891249
11.442957495638463427667375071906	0.866229949819032229996196292632
6.782240699746393097768759616883	19.593100865928963827400366426446
15.545219906089050354580649582203	11.032530621955936922518048959319
19.991860760939538010916294297203	5.738164187569880780870335001964
6.338977158957467494815318787005	5.795738299565508455657436570618
16.624105836395045798781211487949	12.555911617903893429115669277962
12.733588665611375034814045648091	11.883142433608837151837178680580
16.345154295343991890376855735667	2.876748477670354908752869960153
16.694779489856507836975652026013	10.389850322136211957513296511024
14.310978747029277968749738647602	8.210280945936363039550087705720
10.743086249937006115828808106016	10.914628435315490762036461092066
9.471952723322706546582594455685	9.324459656213857527973232208751
2.712847609210670807300402884721	9.744476929216039806647131626960
7.253988360360274612048669951037	13.396730939378716840337801841088
4.950062656146653417010838893475	6.999946257753659750733277178369
4.252405913074948529128960217349	19.430101260066564350381668191403
13.628266588651669621867768000811	3.749115150532453810683364281431
9.831615863355997575467881688382	3.170297459030583464567598639405
13.898748560270298924024245934561	16.145889951918512394968274747953
8.565197587472074047809655894525	6.083840084318795859985584684182
7.878937453374824428919964702800	10.770476473144096729583907290362
9.466117508321513440705530229025	10.723109227190848358191033184994
16.528071110815410804661951260641	13.492275791369635840055707376450
4.544210656111608237495147477603	9.568789273933028027840919094160
14.701008459478972056899692688603	9.367672444757946692561745294370
4.890917283327986808671994367614	1.862858291555502088243656544364
7.323056849027039127975058363518	7.916528462410958866257715271786
16.511439970599049331667629303411	6.034043693249121709243354416685
6.919025746296642687127587123541	12.056898306414097987726563587785
6.472608183538318016303492186125	5.230537501231298236348266073037
8.978440041416709149757480190601	5.085677117131241153913379093865
10.194544824281869921378529397771	15.251378687774147735467522579711
16.438741534282009126854973146692	8.839096868888963953736492840108
10.431253703215430661543905443978	6.743821399141154415701748803258
7.842129999471833201596382423304	12.550085608949899551589624024928
12.773638334748179445909954665694	4.330877968913977582587904180400
7.842220474518460271440289943712	3.892674779347284452768462870154
1.246072155238133083443585746863	4.120999590823892333446565316990
12.598945115598056077033106703311	13.413351826762731633380099083297
11.063602032353337278891558526084	13.554745031027612967022832890507
14.657332255315527191896762815304	7.772912449006938118145626503974
9.258795889884503083067102124915	4.708451954992014520939846988767
15.925201383646161445994948735461	5.193646009706845312337009090697
18.669070917516240371014646370895	5.804738111840205938563030940713
13.881035719818410001380470930599	14.830592718321515377510877442546
17.112759943931191486399256973527	10.138986393162912946763754007407
