75
9.434606581690259119454822211992	7.569233180869261445877782534808
7.439576450803609297679486189736	18.836448523906494045832005213015
10.627269560449054353057363186963	4.495857688204636382067747035762
8.126243914212256669316047918983	1.076703373582893030757645647100
0.285477121369114739124484003696	7.459445928406013948119834822137
2.801050733924924429629754740745	15.960413745720135381134241470136
9.492416985426189057761803269386	8.070697178705966479128619539551
10.122326755278143295413428859320	8.769471885587101667169918073341
4.997745705443044528237805934623	16.627752572187162627415091264993
6.184578262636419410114285710733	9.430417683536223449891622294672
15.060056357963048867532052099705	5.759095401744668052401721070055
8.854918662855691735558139043860	3.156100489126792751903849421069
6.035806862977361575417489802931	7.291843799415947735553800157504
15.599349818973950121403504454065	8.731863489436728187342851015273
5.551466996244830198747877147980	2.411287713496585105588110309327
10.480523912194191993307867960539	13.556113250182567853130422008689
19.513989170972955378147162264213	8.446328089168595454339083516970
2.610675703661223145957137603546	7.188956564618048439285757922335
12.822445799080902872901788214222	3.962966648662941793190839234740
2.794244774002847542249128309777	7.406232296290599315113922784803
8.382699654159351254634202632587	4.201930118029902239129569352372
5.907430151815665553272083343472	15.731612582450843262904527364299
8.487975085982576217702444409952	13.245791583239608257827057968825
8.244573618580371743291834718548	13.663824289951529422637577226851
16.743312057340460796694969758391	6.573212158074080768699332111282
12.055002855666065997297664580401	15.175364409246748564896734023932
12.927989648767061581224879773799	7.265642891238377032436801528092
14.423179740338358811868602060713	6.905963080258096020713765028631
14.968937294061669618372434342746	13.786981765158323298692266689613
10.155215533152603057942542363890	8.338591942681318869290407747030
11.893319261816087006877751264255	6.357923460376984081676710047759
13.258111131340942989709219546057	5.896139335313459461929141980363
4.805393302885223150155979965348	13.435479801965943380537282791920
9.734983814750911790270038181916	16.323505972245015982480254024267
9.488783071381293510171417437959	2.138232932652674556095462321537
16.266946794838421652684701257385	4.685803207989489571616559260292
2.918417946836197263138501512003	4.539238953621135053140278614592
9.817984849556893323097028769553	3.726755235086223638774072242086
13.213546017461453629948664456606	1.864109731704564065779550219304
12.335303658717187147431104676798	5.975813334602874782319759106031
19.845467944296309781293530249968	11.559524067607823027969971008133
0.264918943866239153805963724153	18.505592454297314475297753233463
9.053150797961453832840561517514	15.874041605975454771737531700637
4.759401118203829383901393157430	8.906057696863189931946180877276
19.971418954030415449096835800447	4.951478740891104735055705532432
14.146393405787049957211820583325	15.313081857517019557235471438617
6.356657954117934217208585323533	6.245902987842415043928667728323
10.298970070731895631865882023703	8.811823725533681539445751695894
12.679697931483099537786074506585	1.975597376633020152425501692051
4.235234971196554454309080028906	11.268943741536741498521223547868
16.081491397465313752945803571492	15.983580814913576517710680491291
8.694868549545320846050344698597	14.307607640083062960911775007844
15.528801023566783712226424540859	5.452988846882121265480236615986
14.722864409198416879576143401209	6.290518369803505649429098411929
5.774974355086445854112753295340	12.660050031684212612503870332148
12.467605555992333776771374687087	3.856580823199993179883904304006
16.612404232143756388495603459887	11.099172961994545616448704095092
9.450827528149817524649733968545	19.837146648933405401749041629955
13.431997180382939660603369702585	4.535737245289929830960318213329
12.464635338917023688054541707970	12.257068755440499785436259116977
3.174272629669125045381861127680	3.948611044002293901655775698600
15.177706905466365583379229065031	5.369448633041865370785217237426
8.911018663239948622845076897647	14.311082668006910978419909952208
8.011978172649996565723995445296	8.837762586141334253397872089408
0.827946830216656826095800170151	10.353681268036723395198350772262
8.169143288748394127196661429480	9.005970885640682155326430802234
5.740834708385754048265425808495	17.293303310194300337343520368449
9.377173363285395524258092336822	15.168514853858150459586795477662
15.590761791831633686911118275020	2.873594982115537987965581123717
5.329383936430323487343230226543	16.412923635123902954546792898327
16.739824307977887229981206473894	5.875832708104321788766810641391
13.081528216981881840297319286037	16.799101514738527640702159260400
9.224961527864827814937598304823	2.621779583407042757414728839649
9.509006303197137910387937154155	8.097837786354377342945554119069
12.163064452358977263202177709900	13.176330095390801133703462255653
0.583700967245479374057026689115	15.559758562357494326988671673462
9.823696352394067687896495044697	7.677474756516734721856209944235
8.505571254576009820880244660657	13.142644102030956787530158180743
12.159592502822489379354919947218	1.336582088891501651772841796628
7.855297639176520796411296032602	11.060121984456975141597467882093
13.963334177990713413919365848415	9.306038026954590591799387766514
13.565351764335243700543287559412	19.917673820004161200358794303611
18.003244256189457672689968603663	7.604131404508446934187304577790
14.005139320154668780560314189643	14.638305740349697003921392024495
14.166076421854222999741068633739	4.587315445426361826264383125817
2.128003950829183033022218296537	8.583606931125817851579995476641
6.508489022767969700566936808173	14.703473676021094007637657341547
11.145704341713274843073122610804	18.954152155185365558054400025867
7.183822360731238809705700987251	4.986632855231584393607136007631
17.724646129700431629316881299019	5.125142075484348858083194500068
16.905233512001196061191876651719	6.983099252780427868003698677057
6.961762547681011881195445312187	14.277650843394505741912325902376
14.378653893634554705727168766316	2.428558191119241982391940837260
18.889731718805681026651654974557	15.089021996868012820414151065052
6.550661853645501686571606114740	10.366496992476566418872607755475
6.867327914563878366038807143923	11.696745709230071952333673834801
12.483750225646288001257744326722	6.788391445424974079969615559094
0.575186482335875437499339568603	6.908968079814710172570357826771
13.570545627403003408062431844883	7.210574359459526405657925351989
5.395454611803432776184763497440	15.274033753995206907916326599661
17.826291157291649369653896428645	3.499077837914187139034538631677
4.711519138468393208540874184109	9.461396813510530634516726422589
2.931207442812450381097733043134	8.194634790681005753754106990527
17.215163424195001340422095381655	6.643546423290801250516324216733
7.985909743634841184700690064346	12.113787304495316377028757415246
14.083716922680178385007820907049	8.800188348081501743536136928014
0.076209811397117244169407968002	12.889770004038854978034578380175
0.525496316172236577202170337841	5.429801245285009514418561593629
13.175959974429872545442776754498	5.633745964509970782785330811748
13.539651371787664757562197337393	3.091897780517495863961130453390
18.018828585915041884391030180268	1.357760125271348705666696332628
3.510398097605502254481280033360	14.826939231720920986390410689637
5.801418034511768517802465794375	2.355631022044155642447549325880
11.990739709219448982935318781529	17.794014485776852296794459107332
12.793833262460736932553118094802	10.306166570259749803994964167941
5.568037865357966964552360877860	11.696711874553104237861589353997
4.184793190976384025248080433812	9.917331839609385468747859704308
3.369194446975170897928819613298	16.995889149233775583525130059570
14.584658660183793088549464300741	15.446439750561433257303178834263
10.160620637865296345125898369588	19.391679014642626555087190354243
1.647406194426111136763779541070	1.883393535017367170780744345393
9.270800390927046663591681863181	10.067611604870114305754214001354
17.685498684739879848848431720398	16.394466546368182235937638324685
6.394558393307866239752002002206	9.435932601826232613007050531451
4.981671994132328862292524718214	12.564632410604605894377527874894
15.637160399749987504947057459503	0.322405638534471128409109041968
4.025174378795298935074242763221	4.964436409244065373513876693323
9.531669892697625101618541521020	12.333910874331589724306468269788
7.763035981918618766428608068964	11.954330217890200671604361559730
17.013372687246750558642816031352	5.945436426984226585545911802910
19.754680916843422977535738027655	17.853465263420090991530742030591
15.790569112444140742468334792648	13.559106504667994386181817390025
3.412495434165322638619954886963	11.247692445066860500446637161076
15.242377235107253952151040721219	17.974282025253092598404691671021
3.974962640899399435312489003991	9.118553249494441459432891861070
14.154756790832660584555924287997	5.650967770009936330666278081480
4.942478544609349988547819521045	12.425358445384588890192389953882
11.654516909179159611653631145600	11.147970362553598633326146227773
9.481315647013383696162236446980	12.766424941757339439618590404280
11.479281050373865369351733534131	10.006507502601806436359765939415
18.160322720218943004510947503150	19.317709047112288089920184575021
11.817040747832765035241209261585	6.080400285575256802417243306991
12.946158094219837764171643357258	16.810831377243808049115614267066
5.220396798256640380486715002917	12.253452181924442854210610676091
7.262118647446044406024157069623	14.070913896898970207871570892166
0.291971436448211552061593465623	2.964157963009600216253147664247
6.913662036139601951845179428346	4.777967686800668190016949665733
6.502128689094023528127763711382	13.895470142277105196626507677138
1.300259274865996461656436622434	4.998730404228679091716003313195
7.224390249167522703999111399753	1.690887767668262764431119649089
9.213993140025674932758192881010	4.142912466608202670670380030060
10.554317590396049553191915038042	15.407088507236714747250516666099
4.372975529972365826836266933242	14.236356348205493560499235172756
10.325131964656002026003989158198	2.486775625346130169646130525507
4.867291205109596674560634710360	8.600562242621087705174431903288
16.523280080396034463774412870407	13.847966734410448452763375826180
7.716828983068089620189766719704	15.318865736873295446685006027110
0.458421335915548011641362791124	17.183100343290735878554187365808
8.509027029987741741479112533852	4.257820636320814422504099638900
2.003594495640841799399822775740	6.188814924896965052880659641232
10.386007854858647192486387211829	10.308264937892042567568751110230
19.576126845464195014301367336884	0.125974195366689523112313509046
1.846153183031236544309194869129	13.467017712711223609289845626336
8.734844017061600851548064383678	7.636457835934319149373550317250
0.786833109656207341231493046507	1.374781800980977131132476642961
13.540134596376043774057507107500	9.331392734224177587520898669027
10.011941377645543482799439516384	9.278267948839980405750793579500
13.037331699373012838805152568966	11.640602662733096295255563745741
19.968520056521839478591573424637	10.422467317349395798942168767098
5.538260670957551035087362834020	8.057011799299715448796632699668
14.103024769207742394883098313585	5.825477595290077914569337735884
9.753291170598188841722731012851	8.391348359001069567852937325370
0.727834488621112996042938902974	13.379559139213077045837962941732
7.529632436903606951261735957814	0.472806461172926129066240719112
11.879820080747547805799513298552	19.651021120522958796072998666205
13.992668240524276157543681620155	6.913351776638942958186362375272
6.205026249995691856042867584620	7.846627753183312847795605193824
7.902291654610444027184712467715	10.440805282731817626995507453103
8.844766861220977105517704330850	1.305149787577934983318073136616
15.710637063020838510851717728656	7.053804868172171893547783838585
7.049385831270472912990499025909	5.320640139572311078097754943883
6.947705108424908182485069119139	11.869368008418287985250572091900
17.310832429307126290041196625680	7.896769318435199025429938046727
4.956233984437226958164046664024	11.786726950757005383252362662461
11.741958641377431504793094063643	17.545611243151856939448407501914
15.989648875744755684991105226800	12.369146095195665324695255549159
12.500145900957168265676955343224	3.706753016603901773606821734575
6.461618212298445129704305145424	12.646409328836597296685795299709
10.514775243301906826332015043590	3.667006768684533568603001185693
13.502552712928665101799197145738	16.087738255077876914356238557957
7.912617992475510675376426661387	13.100775993462786317422796855681
17.665937178136523755256348522380	13.202651268596783395992133591790
5.623262145791663613181299297139	11.041468151195287461519001226407
11.768747494144228937784646404907	11.026963146220031930511140672024
0.973256799393824367783167872403	14.254584287435122291753941681236
5.284716549947341412973855767632	14.440164174147433584494137903675
3.114136358928958792091634677490	8.514250446848228293106330966111
6.961845998269156510218635958154	12.616956813249412761024359497242
12.224325055336850098797185637522	5.852810789448890105290956853423
3.807491922489598668022381389164	18.335293783406804379865207010880
