75
18.890621707049763955410526250489	16.201656395350280348566229804419
8.548329115821314161394184338860	8.646014075532960418968286830932
13.406054867426657750684171332978	13.590313474302814000793659943156
10.549392992036825233981289784424	13.357017316447027610593067947775
3.205666537264001192397699924186	9.902828383070879425531529705040
16.011788694397925070234123268165	10.546602516897159773634484736249
11.051780912109039789470443793107	8.460322115625658057069813366979
10.424015045649456467913296364713	7.844962607061177095602033659816
15.094984959461966056437631777953	19.316053272193659751110317301936
13.863903981714717161821681656875	3.753952200592757915131869594916
2.167976145688914613174347323366	10.979019120067738057855422084685
11.382410344927992085217738349456	12.385686074706157455693755764514
10.281628334418483561307766649406	2.670639972497892422609311324777
11.991866804927726164464729663450	1.100394881253084378158746403642
8.096135783339530433977415668778	4.903612914963145108515618630918
16.860341513589986561783007346094	16.199947567042954688076861202717
10.585003081367927890710234350991	4.366415797905286666491520009004
6.534663500106990596805189852603	8.413822729001731559606014343444
15.888758265772223055023459892254	16.463816285365211911084770690650
8.721155541732215965566865634173	13.289875592644913027129405236337
13.401536106176815010826430807356	6.474534733674460085239843465388
15.161175043553960506415023701265	14.227995471677431282842007931322
18.838060695434030833439464913681	6.761554815765638437596862786449
13.854558907484548768707099952735	10.695006477278367285066451586317
10.335685045959401406889810459688	11.203752207098007787067217577714
14.708326696663727162217583099846	13.451153000956113103825373400468
11.636402046022952916359827213455	10.253965617232875473519015940838
12.283949109507283026232471456751	17.908491049728972654975223122165
3.290446397338825601508460749756	3.629635724274723251880914176581
1.204652886179542026212629934889	10.876578091888093879902044136543
12.657581977430570674414411769249	10.054149881760761076066046371125
7.606543480205020912876534566749	3.272690012479696708425080942106
5.587692590906413236950811551651	11.061540420485345137535659887362
0.163714281745120038280560947896	17.708244379692505532375434995629
2.256183180964207224405981833115	0.345923550879570163019138817617
11.043570743111811083281281753443	14.643122711649363409947000036482
11.669190690092111850617584423162	14.758566222502164322349926806055
9.745023334188976704695051012095	8.474133660677692247986669826787
14.245581432112619069130232674070	10.644999342142158482715785794426
14.868616940290898753573856083676	0.028617150079999875700309530657
12.396326867438691721190480166115	16.202346379217196670197154162452
2.418846295891414754919424012769	5.667691355523330365429046651116
10.275454721693993320741356001236	8.421264848035299621642479905859
14.210766496289792826246412005275	6.021059319307101809215510002105
0.645776005807775943523552086845	8.990788005421030959496420109645
8.146804897182951421541474701371	8.917794075674709830536812660284
12.349292704307206491876058862545	5.270102139010854891409962874604
8.979979403596212605975779297296	10.820270832391672755079525813926
14.479073440525349170115987362806	19.583656297587097583345894236118
6.492039215527138473760260239942	6.819869520609344704098475631326
5.378282875789413886025158717530	16.893405298034522843408922199160
11.428827941552203384389940765686	12.416458989783436095422075595707
17.474961623442492708591089467518	18.699442457473359979758242843673
2.932187929003939430572245328221	16.811445120352203730362816713750
11.816009260160614147139312990475	4.334757392473720827297256619204
12.737563449800614279183719190769	17.720760818422498061863734619692
8.389032198538840745527522813063	16.473615990854419521838281070814
14.057783154960198146454786183313	17.431250217458593709807246341370
4.791018234706426959235159301898	10.809757244518781504893922829069
13.756599852338066369838998070918	10.295244465670618794206347956788
10.524025155402002340565559279639	18.869271156385288179535564268008
9.962469809316129243370596668683	17.549882236140394553558508050628
16.850017654779588127667011576705	12.606337801320902869406381796580
13.093104846156407461421622429043	8.765135524864206217898754402995
4.238840064556832487596693681553	11.235062007053041810422655544244
9.719706633346545388008053123485	7.039900371545961377250932855532
3.401025112453759824404642131412	8.200972696751934520875693124253
7.470515697534024113224404572975	6.958157051980017548942214489216
15.472958215364538858693777001463	2.713712147335437752104780884110
4.781228876400132499213668779703	10.897076231584247096861872705631
2.218985870920707981213126913644	4.950126538993227853779899305664
11.084600319772411225471842044499	15.800578989871882029660810076166
8.578870770184270355684930109419	0.096913683905944347785066383949
12.243839535546884533800948702265	5.434913215435542177544903097441
8.415291317415983129990308952983	12.531502145330110309373594645876
14.660410595763801566704387369100	7.797430095542745576153720321599
12.169935938668034580700805236120	11.715433853830869992407315294258
14.432670090327336609448138915468	5.996198880404377540287441661349
18.251133137598959166325585101731	8.718532515883225642028264701366
6.956124220373449240639729396207	11.078794729480524239306760136969
1.002580671267954137704236927675	19.419319379561819971513614291325
12.703314059040483385842890129425	5.789644992825582647810733760707
18.740132557903034893342919531278	0.580123820072754092791456059786
19.302607306662032726762845413759	17.685153633984267429468673071824
10.587176781745760933972633210942	9.031117463457611904686928028241
9.043871344695229907983957673423	19.732427128883593070440838346258
0.275855618396378732271045919333	14.230332665793865132286555308383
11.160307692535184287407901138067	5.810087630337801734015101828845
19.243216269242985561049863463268	6.828751734297685338503924867837
1.860687074739930002564847200119	12.844275445453661177452886477113
14.234965023687383478545598336495	5.614508485736585896574979415163
0.914509601520747228420304963947	11.602028902210030025798914721236
9.863954129784682223203162720893	10.328695293588676662466241396032
5.495102770425033256174174312036	12.160641073171273518482848885469
8.818768023827621149735023209359	7.305677559356707817528331361245
3.217780735039881712111764500150	10.782216708096969526309294451494
9.182825122840130305235106789041	10.854064728608486589678250311408
2.991037417488507266227770742262	19.723657735281584280073730042204
15.654937307820331326979612640571	14.596543846025021196055604377761
6.470600864033539956210461241426	11.953105781010789243623548827600
13.756328221275825995917330146767	12.147829969404622119100167765282
11.452760184557469358423986705020	13.410112643319974878863831690978
12.017802550620086066146541270427	11.774773433437651704025483923033
11.526261241787350897425312723499	10.917254432674287301097137969919
10.947315028469779107922477123793	7.890925125741433454606976738432
11.508213206397027050797987612896	3.435092943670566612013317353558
16.877205476576364162610843777657	8.548707924735984065023330913391
6.554120487863185573473856493365	12.595734432436858085679887153674
9.703457857664300689748415607028	3.112809980542623478072528087068
1.052557143657564031613560473488	10.235915198108951784661257988773
4.869000263681597218123897619080	9.927641505365143004269157245290
12.082578301128409137277230911423	4.925719957735967824419276439585
14.872077386415497812777175568044	17.769542442689431283042722498067
13.710544759268424641618366877083	15.575733614458082243459102755878
10.227872981218540715531162277330	11.687163290708816987262252951041
4.417829471740950531000180490082	15.038041946316853980647465505172
9.619077310547760717440723965410	10.772851381650006885593029437587
15.239897284789179821018478833139	9.057258724386956671992265910376
16.459942289388976632835692726076	2.909580417215618108883745662752
3.183197049413984736077054549241	3.769899977610928765159314934863
13.064782988102251692907884716988	1.865044734953935190446827618871
11.703408888070738314013397030067	3.598976009280280052848866034765
16.621540023535960273193268221803	12.764100795616196037940426322166
11.545353795376998462529627431650	15.213546628547323535940449801274
5.986306400444687092488038615556	10.101040715296440097858976514544
14.001804141702242745282092073467	8.817340329016246869286987930536
18.086101785488907012222625780851	19.705938304321104936889241798781
18.460759809997952629601059015840	11.446980826351891735725985199679
10.820103348263961251518594508525	5.620252150704047267026908230036
11.150466537380914644472795771435	3.782126855376088059301764587872
16.776068288644520265506798750721	11.242146677102821783478248107713
19.927258942819491949194343760610	10.403292799877203123060098732822
12.236810611978468088523186452221	16.777238431871261070682521676645
12.933375602100921852866122208070	16.763103566460191728992867865600
18.270811940847906384988164063543	3.235353035079412187258185440442
14.477940840058362681475045974366	10.781952229989521185871126363054
6.216330373245152252081879851175	2.227303003015883131610053169425
0.730278233561878264978872721258	5.239444465686945662241669197101
12.244633589911464000010710151400	12.172109900509411772873136214912
17.030227240334586014114393037744	9.053191435045416568527798517607
6.917304456054695016575806221226	16.459090221679215204630963853560
10.906548703960170954019304190297	7.949504672245099712313276540954
6.446277945956344623823497386184	7.644384140829087570523370231967
13.140161826158792024443755508400	16.975309616318373429066923563369
0.648666320382923489162863006641	14.082751897215942449292924720794
13.021041617732175055266452545766	7.239013456643377253385551739484
14.731277900594532681566306564491	5.146944814683530822208012978081
4.113384302902937328383359272266	7.511956050158005382400006055832
18.350801246983472481133503606543	18.037895588190863804811669979244
1.932966967000234514983958433731	1.288586706152316629925280722091
14.092789152293892840361877460964	9.218747940875925195314266602509
18.163304461443345871884957887232	19.700063657158622731913055758923
12.808259790729225713334926695097	8.665824165954889579666087229270
12.459183992865657586435190751217	9.831600692359126369979094306473
14.514586507836888529254792956635	19.022516561292142966976825846359
10.592916997202843631953328440432	7.397706229341240558028403029311
18.730816129892382093657943187281	3.827871100677426419167659332743
6.450445984434509227867238223553	14.654177957099159712583968939725
12.647618426718985062962019583210	5.543299849045442151407314668177
14.753564437055699087864013563376	18.797882584517694226633466314524
4.279065460770437923088138632011	6.510364699390093434772097680252
8.075424111493049394994159229100	2.074909238469579086938665568596
1.747960130190833627494839674910	17.134600558441881901217129779980
3.090132800586128603015367843909	9.659964657584714231575162557419
5.208788811387411676889769296395	18.196208572926181545881263446063
8.176649871941535252517496701330	11.435958391936587474901898531243
19.247238980741414593467197846621	5.495003646980794798082570196129
11.803411287292036035978526342660	7.830288240395701926388483116170
6.576322979185913020216958102537	15.683281588918420723643976089079
9.005027020689670536057747085579	14.829174776046077255386990145780
13.409173726988065311616082908586	13.238555753986517515841114800423
5.650771057362018012781845754944	16.051428266620948903664611862041
8.449781785271024858730015694164	17.177718167645888769357043202035
12.569779918746634805870598938782	17.280459012523301964847632916644
4.076528407007341314738368964754	12.666038299813456191600380407181
14.552732930651147924550059542526	1.724624500118318248809146098210
11.989155967916548917173713562079	13.062294208093295111439147149213
9.046993986078147642615476797801	16.592054578331982384042930789292
9.727669474116684256159715005197	12.629542175424791849991379422136
8.844949012720983105850791616831	4.641671232699730254012138175312
1.511162181634536416652281332063	8.787090822133931666826356376987
4.133404230365772313859906716971	15.657449603082689293387375073507
10.741053451241784344460938882548	12.153532513031208850406983401626
3.359368608260910882279404177098	10.356473063426214764604083029553
10.299425594076051737602028879337	5.619608796498651415163294586819
11.159165664669810524856075062416	8.920236256257950913095555733889
8.137341926432361205456800234970	14.731577231939557037776467041112
0.863731773202730312988251171191	6.960590839771436222349620948080
17.639760093754063063897774554789	19.970395490550561845566335250624
16.899909426739469608946819789708	5.275964938570492535063749528490
11.845024260679283045760712411720	12.436134169950030070594948483631
2.334059623334884037149095092900	11.989785131775315463187325804029
3.278854303405914105695728721912	13.902158833511018443118700815830
12.007590256829166364127559063490	13.760142364718088714425903162919
19.848623147807835209732729708776	11.931300432765590713302117364947
13.584265284567930365255961078219	12.761714869273927064341478399001
7.275275190815411185951688821660	5.727919493002734618869453697698
5.534048421023513242289482150227	8.750177287164193629109831817914
2.421978879515302551794775354210	15.734255917915517031246963597368
8.050300385081785137231236149091	13.758906677569436638464139832649
