75
16.282041070231510815347064635716	7.483579253464492708758371009026
13.984868436720010009821635321714	5.862516971097982754201893840218
6.703885934258237533356350468239	7.596164497604435794642085966188
17.788147494005503546077306964435	4.668080724934228875611097464571
13.652763291057064876099502725992	3.876456349545617019458632057649
5.325291758182816082012323022354	7.404211019583532227272826276021
11.822160901579978897757428057957	12.195115915973113729364740720484
6.938785348637816596806260349695	10.546231250090643882799668062944
9.778072141297020181127663818188	3.937372051771562020405781368027
5.378676002839825720513999840477	7.367508767017498350071491586277
1.480314006889069222694388372474	18.578678106069286712909160996787
8.390972404519759564323067024816	7.620471269871604391710206982680
5.069911742298467416389939899091	14.823501038915358307690439687576
13.494456381834508462702615361195	12.473251722477497693830628122669
18.208159906722041654347776784562	0.653848756430155164665052325290
4.626904847666028608443866687594	1.500691345296226941741224436555
6.407361856234248698171995783923	13.781140700877793747736177465413
15.863358663342772558735305210575	5.594263979232065864266587595921
19.158888063843551918807861511596	19.191069053746819150774172157981
14.368293730498919558158377185464	8.145843020279622592738633102272
14.682134510151978901149050216191	14.703873267613372988193987112027
16.351091241901563932970020687208	10.238336830741861405158488196321
9.262071639053466753921384224668	5.415339479503681552330363047076
1.378956258497771925064512288372	14.184855505824925714364326267969
8.669277280200827107137229177170	4.864659536177939891388177784393
0.688452617541151390412323962664	8.138414756792482052105697221123
14.969909353980320076971111120656	11.044101949952132457610787241720
19.316241972305089547035095165484	7.058176044641980340088593948167
15.563212089186272635288332821801	13.176012801493765635996169294231
17.955198072313656609821919118986	12.899530058820307232281265896745
4.095744991923645272891008062288	8.655416506348160510242450982332
3.142748037077332412536634365097	13.979396188288930602539039682597
7.501727340171376212651921377983	14.707109590779193553089498891495
8.533040073270761638468684395775	10.926369443592175656476683798246
10.426639994732799010535018169321	9.505778170874956245484099781606
13.680287669484179957635205937549	2.807504194505589190100636187708
6.629896398353096742539491970092	17.442265580853955952989053912461
10.462932831808725353539557545446	2.321784348440796730272950298968
7.415633524396428200020636722911	18.645709955623829046089667826891
3.099155753758799924924005608773	1.479823382598582481861626547470
6.541210467917435877893694851082	9.669208578393245545612444402650
13.002184094188613983078539604321	16.454283774055333822161628631875
16.483493450003201985509804217145	10.531806889187402376251156965736
10.276387124987994781122324639000	1.956351228233729866445855805068
6.954375734216439397528120025527	5.542301131650609669065943307942
12.933252221033681550466098997276	10.269389452562538878055420354940
10.611156814957325877912808209658	18.976185205126892441285235690884
17.765626127745246520817090640776	9.724631837265032885397886275314
11.710535837840820860833446204197	6.573299380761891796964846435003
7.733573779298986927699388616020	11.402451058748097167949708818924
6.996561848046497722464209800819	14.791976233766931159152591135353
13.665416332891348716316315403674	14.868003627762734097927932452876
1.642623885896222768465690933226	10.173531603370845388667476072442
10.048578846599712122156233817805	2.841421463590760865258744161110
0.585868713709872368511355489318	7.039593383681337357415941369254
2.876735088924726735370995811536	8.092483168436620744046194886323
3.783890737515873237128971595666	6.122709915648066214544087415561
1.652966815934944877497514426068	2.901056703634972144811854377622
4.757892349921856833816491416655	11.999296170875368261476978659630
10.023098529531591083241437445395	9.364487404319520535977972031105
9.302948348344937556930744904093	5.114140393923047867019704426639
10.661694299462352475416082597803	13.188569450863100840365405019838
11.918692312491776519323138927575	10.918490066899616763862468360458
10.799178571507047408317703229841	10.662848590274693449941878498066
13.440024979986258557573819416575	12.720576910735401199303851171862
13.995361257572183077968475117814	9.055207849103506845267475000583
9.810908531115911657138894952368	7.618453784205357237624411936849
10.458649102581693668412299302872	16.852856897942558589420514181256
11.151272720627716239505389239639	1.472132328816025736983874594443
4.832099389288185165014510857873	19.317684649362931281757482793182
12.278764380315008608590687799733	12.977857127735020981162961106747
12.471409876957066487079828220885	11.262519317570454546739711076953
19.507509442001641275510337436572	15.708275172403183717051433632150
10.987969235445728344302551704459	9.933334021658151158362670685165
7.393750441018214658583929121960	12.625423569781638377662602579221
10.086928030870980776967371639330	5.430085015790592883888621145161
6.206247103882300386601400532527	8.719924483286566996298461162951
13.926657090296963303899246966466	9.155266080221943880701473972294
13.702489363210847983509665937163	16.827084803985986383167983149178
11.629155718768270588725499692373	6.877089416208726824208952166373
15.247794899543034574662669911049	9.119393624030799117008427856490
7.432644977807068897845965693705	9.985239220247137836850015446544
11.628068834225681271732355526183	10.923519588542569991318487154786
10.325437065392062407909179455601	8.953638863536975023293962294701
9.875593478797862090345915930811	12.241977469746482043433388753328
5.655048669924866544533870182931	15.304180665261013061240191746037
5.653122346607910131410790199880	15.482770567677601292189137893729
12.667556086373341628359412425198	12.423375234805519085057312622666
11.241797786284040583382193290163	14.604395165074425477769182180054
7.300112579728881279095276113367	5.470106315202757585325343825389
7.045846572503791094277403317392	10.677854695725230271818873006850
13.729952627146602139873721171170	6.217542447008108652539704053197
4.840342398639204013477410626365	18.340451254431570760061731562018
3.651092468442223903934973350260	4.731808317990310541745202499442
13.496756019238427271034197474364	7.106235004468085314499603555305
15.530148596590446885556957568042	1.364273636288038327180061060062
4.506184077613640148740614677081	6.499404387477171418652233114699
6.071384137296852223641963064438	8.137273737773469406420190352947
7.472659144425475297168759425404	0.975912895921051015690750318754
8.279631368535371294115066120867	18.053355990878102943497651722282
2.625070422595495500672768685035	17.236287765437609209584479685873
13.697571225985475606989894004073	15.121498260998555096534801123198
11.604921728081636800311571278144	9.694489226306682638778511318378
11.379577975803975675717083504423	15.014077008963971238131307472941
6.102155688471001759864975610981	9.978815120028295737597545667086
7.116039835630247445408258499810	7.214460003359724815652498364216
3.245517872949801763127197773429	8.012598873317674730287762940861
9.515064907762088353138096863404	12.102901146062585269191913539544
1.592800446187408125453544016636	12.484528886478619469357909110840
6.819459027877511125836917926790	11.469915430245768206418688350823
13.474850483051451277560772723518	13.499515501133918959908442047890
11.422262020638092039348521211650	8.008026941096920481300003302749
1.967616510916996741542561721872	10.388719898257141593944652413484
6.442941993604302197695687937085	11.154198742501259644654965086374
4.594755196765873073161401407560	8.084228334991282238775056612212
4.897631838713096819049042096594	10.747849083746766396529892517719
12.513318353438673824484794749878	5.237997164287950369043755927123
14.794991331773323040010836848523	11.653217394618810232032046769746
17.165719682846475535598074202426	3.912959056967606485955002426635
13.316693062874408681750537652988	10.038452719555738923418175545521
2.332563182777095622810747954645	2.300690362854481918475357815623
5.576068439656929776049310021335	6.012978907829555019759482092923
0.262507296538127432583564768720	12.366789964256200917702699371148
5.507355663308024951163588411873	9.291670892369573664382187416777
4.907354699473282622079750581179	15.597214988757656328743905760348
17.337768702012333221773587865755	10.079262873369257746958282950800
14.502909935299081567450230068062	14.047184736628988588336142129265
6.532653308020316629267654207069	8.960457191113539110460806114133
12.459354065788039278572796320077	4.840798203591340609364124247804
10.976482418806835283930922742002	16.119857883882474425263353623450
5.173387943263668908855379413581	12.013794085112737164422469504643
14.859756180401410219360514020082	12.476833347253116102137937559746
6.107946508686089792661277897423	13.160451266102404233038214442786
7.625278309025049772174043027917	4.554510464233307409642748098122
14.815568808143538603872002568096	7.122845998438360304305660974933
12.793145909116702796382014639676	11.142044512563792579840082908049
7.621886715481040575070892373333	6.122533796863645072505732969148
10.979707608249208661277407372836	12.730983351475250842099740111735
3.615807009055627130322818629793	10.606265456532915081311330141034
9.677495492404649013451489736326	13.458030833495232769791982718743
8.745443633072243372339471534360	17.018425544217798517365736188367
4.958666976974880569173365074676	11.241318062917883935369900427759
14.352220048351629344551838585176	10.077383490107477470587582502048
3.115849733946069566314918120042	6.977523555360924945034639677033
14.778226360167630915043446293566	18.293351925704076421652644057758
17.718370753166016839941221405752	18.355020491800956961014890111983
8.962820215129543299781289533712	4.880988543965099957233633176656
13.865106477274984797531942604110	5.571089435627055941324670129688
13.050529887161495423697488149628	19.876448860028634868513108813204
8.138083389250835963935060135555	9.996082229117311257482469954994
1.428755268284523705091260126210	16.674523395671378978022403316572
14.674337264911663680777564877644	0.285973359493330248071174537472
14.618140040794919798372575314716	18.987207757160149412811733782291
18.587209629811074051985997357406	11.530657192680234146564544062130
8.650386115891848248793394304812	19.567708112588100277662306325510
14.700476374561201708957014488988	1.777756916834890565937143946940
5.265849557223894805702002486214	13.470815373802141223791295487899
17.513088627791539408917742548510	6.294759866076454990491129137808
12.469709244560437610971348476596	8.778751977735527844970420119353
14.039516585271503146259419736452	7.900551355692907229411048319889
13.850294840958177644552051788196	12.898480292793150780994437809568
1.817494264234490453091552808473	14.423789656578174245282752963249
11.771939478574251936038308485877	11.467168218848547311949914728757
1.924033061276384737325884088932	5.731630164619283540616834216053
18.000930770182307583127112593502	16.254573252078706957490794593468
6.739386715036283170832120958949	14.435298494375034650261113711167
1.697639242256465674785204100772	1.206416735806350004622800042853
16.243804996614912283803278114647	2.128730250164348358765664670500
7.074252983294893937227243441157	8.353027074577957122869520389941
16.401424539674703595437676995061	15.051295772508691328539498499595
16.476423984772367248297086916864	15.639696778493869189219367399346
8.218356750362456608627326204441	18.319101350720821130835247458890
8.956816338433169377708509273361	5.282591688975068144884517096216
3.137026417020741142493989173090	0.073234882377122278995784654398
12.448933377967080105008790269494	17.203768159730334019741349038668
11.497806718837210837591555900872	2.960075100997582087103410231066
11.974926007982073627999852760695	2.950498454047018270784974447452
6.901575246186684609028816339560	9.847224111951378588969419070054
7.418131771725631651293042523321	2.978873050063754135408089496195
7.332463372441226034936789801577	12.208375773496626948144694324583
5.567982205080096669291833677562	18.316425708023846397054512635805
4.602819752853209323006922204513	19.063390620040422618330921977758
18.759147765303076482723554363474	10.367302814140080258198395313229
10.747289203066820562071370659396	5.783375453535000154658973769983
18.161475646242138282104860991240	12.088655869162939993088912160601
6.837242303168721058170831383904	2.678223319700398619147563294973
7.558034610713867174069946486270	7.728128259118043352771110221511
9.492731416485755246981170785148	17.706229252490235381856109597720
13.518569732937786298521132266615	17.773099683984213470466784201562
8.471841952539177711400952830445	1.596355344154877009543724852847
4.709652814498884509930576314218	8.721503481082006459246258600615
10.358940193145063091151314438321	9.742485562885452310410983045585
4.273760803409883735071161936503	8.378485771908854573553071531933
10.859538698734327866191051725764	13.054512078858985901774758531246
13.847231317537920247673355333973	7.039549339387595416894782829331
7.588268597022117312178579595638	5.475794608566264543014767696150
5.221143282715090094825427513570	14.166839220429894297126338642556
9.186442089396230414877209113911	19.546050461169283352091952110641
12.119177636325856539656342647504	7.970845776587673015001200838014
5.040576537382611022053424676415	15.334601209108347674714423192199
