75
4.536158694498515941972982545849	5.371639427422674195611307368381
12.924614470585368053434649482369	2.552071676238798048075295810122
10.387622420162184511127634323202	14.294681618497540043222215899732
2.755097907819551661390278241015	5.756713190488815357070961908903
8.385142916315846406405398738571	15.809329374693009029329004988540
10.719963948034967771150149928872	10.697117668673318036098862648942
8.729189175639300302123047003988	3.821474414009586872964518988738
3.574981843276852977453472703928	15.552635775744983348545247281436
9.822149292640522943997893889900	5.074393329968277299713008687831
15.055861148728380882744204427581	5.938356347619851760555320652202
7.988286534522791804135977145052	12.067861282801800371089484542608
5.965201824778391781478603661526	6.924379066492168277591190417297
4.328915562532921867955337802414	9.741724523691736692398990271613
8.508323879454827931567706400529	9.439105177803233104327773617115
4.108531477400072517980333941523	4.692380525272676017323192354525
11.368707822083905512045021168888	13.723121116856351164869920467027
7.962963432983831246758654742735	4.533876085604128469697116088355
10.967184906052892756633809767663	10.569467077832253920632865629159
10.994958013330537127671959751751	14.648886031083145908837650495116
0.823575631548609576881858629349	11.197482877879814111565792700276
0.413754445993075314902398531558	12.160824578044692856337860575877
1.301303164568657688704433894600	3.869312787924333640887653018581
4.627676890162806699891007156111	17.744378532132003556398558430374
15.607716099054576019966589228716	5.738158781999106672344623802928
13.350428946218473313933827739675	15.088350451269205265703021723311
12.802061533845877860926520952489	0.794492540822729464977669522341
19.229071745293012440924940165132	4.570842065469769899266339052701
2.056689593221897371932982423459	11.458137143982209948944728239439
5.392043794684272306483308057068	13.152378006325674775212064560037
8.403181981669050060190784279257	8.566713053899119856282595719676
13.153678562634237181327989674173	16.147986023508501318701746640727
4.667895983744213772581588273169	4.465709540188979254082823899807
4.479293862858343189259358041454	3.790638421383390799235257873079
15.597274051653794657568141701631	11.671747434975639379217682289891
14.049803889405531265310855815187	2.608918298596580864767702223617
7.955033684363904455949523253366	11.770573526239081374455963668879
10.086977829306114529117621714249	14.472640817011331648700434016064
1.542040360236068607946435804479	8.640431560431970581248606322333
16.447837960998807460555326542817	7.780624492574618855655899096746
2.951519801417696875489582453156	15.115823664769171941202330344822
16.017434509992490632157569052652	13.152136182194158919855908607133
16.588767490307567697982449317351	16.339007428996968229739650269039
15.292879817408081777330153272487	6.083348013755312422290444374084
5.575508609354133504609762894688	14.751815701381548961990120005794
1.301509979396497929116094383062	15.987960586710000754351312934887
13.528737453359362064020388061181	15.294643319606906928243006404955
17.627069852369618985221677576192	8.774928672899566350906752632000
7.636293625869551959794989670627	10.378494514893004563305112242233
13.528895570929709180063582607545	6.367303613793334093884368485305
12.387106241346865331820481515024	11.225581367110457620128727285191
12.780528049298839121661330864299	2.351712760101380972344031761168
14.862183340509576012777870346326	0.066230457572297840584951700293
10.758928123528249898299691267312	0.237838574190909035621643852210
7.329975131948744504484238859732	7.110963971280072293268403882394
9.533625213465571235360584978480	3.027665388748634889282129734056
13.410009413987316051475318090525	17.809326836312717290411455905996
5.596758089947887704340701020556	10.150220138546929504741456185002
6.022864367833524745776685449528	8.129222772076490244330670975614
17.080158163885865718611967167817	3.308189612706752047444069830817
18.187741546290986605072248494253	6.608314180065179677114883816103
12.390076296813681722142064245418	9.528300114194285796997974102851
1.884579369134872672830738338234	14.838632043423128692438694997691
2.571063030468327958999452675926	11.558888382327586086262272146996
11.463514052611433413630948052742	12.444931341396824109324370510876
7.312702413152510239058301522164	16.139368175515489411964153987356
8.481162875866031569671577017289	8.436382133078797807002047193237
9.134835731507372713622316950932	6.979092907645943810734934231732
10.992295213018019595097030105535	2.296722462188244939795822574524
8.199550896314484305094083538279	13.297442236687562200359025155194
10.269437019769419805470533901826	9.002958684890430163250130135566
9.967720485660967355556749680545	18.590849359701302034864056622609
1.321994354427796336537426213908	6.545766835885494572266907198355
19.386331409996969910025654826313	12.302267420637647887815546710044
3.746732456602792193933737507905	8.220846031937982800741337996442
4.122369309669837278420345683116	13.137187939293994531908538192511
12.974723803838426050560883595608	18.639336821527237475493166130036
4.636180041911853066949333879165	9.518667172758343397731550794560
18.411322043822661242984395357780	11.710289190618668797583268315066
8.191488988233885493173147551715	8.135056574826645459097562707029
11.340639162961718255928644794039	3.242914151683943035919810427004
14.158075922750713360187546641100	10.541830336554149027961102547124
11.130072793702797895321054966189	4.801656981818594793764987116447
14.793002027529379205361692584120	12.449442193976842929714621277526
16.079440063144669892380989040248	7.659299015635891549891312024556
17.769556872621539156398284831084	19.781206367357082598346096347086
11.403028967738189081160271598492	13.585458259821058035754504089709
1.847191916625355867509483687172	2.145844849100215334658514620969
12.503998771242848420115478802472	5.607253060514852727180823421804
3.457979434729303580553505526041	14.543828417798559726747953391168
10.148587089675814354450267273933	8.975260753271349756232666550204
12.018806211601201994199072942138	17.706779869132475369042367674410
0.111692775016221323980403212772	8.522755488752537189611757639796
1.517031769738511837175565233338	9.557344408353548814716305059846
16.020472590207777585646908846684	9.777724141139369606889886199497
0.291706478096038557268343538453	2.939251006548033284815346632968
4.521665181651643550253538705874	17.420502633939726422340754652396
4.881563050116885627005558490055	5.100787380129240489168296335265
2.643046160051358839382373844273	13.899748536815833332980218983721
13.447882514190515834684447327163	14.923390300014737874789716443047
14.779439773164618543432879960164	2.695035410128148622987964699860
11.119703234795526469724791240878	9.579240673076297341026474896353
12.510550116632304096242478408385	8.173895844924089715277659706771
7.487034742695017008884406095603	6.417948892623912549026954366127
7.951770712091572157476093707373	8.232722050569899252536743006203
16.180915449224308133580052526668	6.044633561134218346921898046276
16.965293100072358356555923819542	13.546907862292062674214321305044
14.229657992954432899068706319667	0.561889875143840811233530985191
13.525907204385394067003289819695	8.731563264090045350940272328444
8.468215543980564419257461850066	9.290391829733158246540369873401
12.411616715333185112513092462905	11.038678619798808711038873298094
8.200866565972843247322998649906	3.653945488634775529135367833078
5.327784572876073987401923659490	4.003207542003079488779349048855
7.639413303824530210306420485722	10.419223203902236107865064695943
15.663683943100961570848994597327	15.137161700106023687339984462596
15.261431278769766350933423382230	3.155179071113765942868667480070
12.600560660797835765833951882087	4.786592871702065821182259242050
4.958875695513437875661111320369	13.296017416454651183244095591363
13.744186083219020133583399001509	13.534001649363895936062363034580
12.316190859288692394102326943539	9.762972483040204707549492013641
1.152231735461524797514698548184	9.188479798654199726115621160716
0.513424278138681078331728713238	11.266663479267341685385872551706
8.458902782446587664821890939493	3.341519326038074222395835022326
10.740990656768065747428408940323	6.263848685811220562413836887572
7.868472868394740693531730357790	7.638279453370090621433519118000
5.341298497044441262460168218240	10.548334477052460300683378591202
13.320750007486173771553694678005	6.836551399999354572400989127345
10.590311358492717985768649668898	2.439673643219586907093798799906
10.703483291656242570866197638679	6.481971645741820609032401989680
10.024525871305915103448569425382	15.756045437971296863111092534382
11.975150183765199685126390249934	5.664965375995789642615818593185
12.173892482175602935967617668211	7.057912182968224534818091342459
11.199467294838893138830826501362	12.225884913971682976807642262429
16.437619791410561731481720926240	0.038239175605750963526929808722
16.954693986640887004568867268972	9.924657648831958667301478271838
13.344379385518937652932436321862	1.843946174350779454442772475886
6.794923471772893464049047906883	12.708742268341312708912482776213
6.259216113000103831609521876089	7.887438119094443145229433866916
15.407516176807540375648386543617	5.170746464510884266019274946302
0.214456755968999601691393763758	11.192160714040543467717725434341
7.985454031296010057872081233654	10.691744463854954361181626154575
9.066566880417513019096986681689	15.957607791309960987291560741141
8.227588856037520770314586116001	16.470570762534098463447662652470
19.540842242906393266821396537125	18.496067055727969830059009836987
0.029462747136477007714461251453	12.753058610908093228886173164938
13.744718596680050026748176605906	5.129631755189301145492208888754
16.682313483381697949425870319828	18.304975853275880837145450641401
6.752369858203564945142716169357	8.633882145602918001259240554646
6.632363677439067295438235305483	4.519879060735614295651885186089
13.304575987138088422057080606464	18.179462823499761725543066859245
5.384424892812290863730595447123	12.466333439342587752207691664807
2.370936818057296058270821959013	14.560746813484291450890850683209
17.947460189227768978526000864804	19.429633062713982383229449624196
11.736511086365554845656333782244	10.136852384000791360563198395539
19.924551442147066637744501349516	7.181294093534411615564749808982
4.155239267507176315064043592429	4.690505167520519158586012054002
7.196601248062631128732391516678	9.887811150677961791188863571733
18.503752287443088420104686520062	15.453359541821331646360704326071
14.351440357533610026052883767989	10.477839700568747360875931917690
11.747514600684892727144870150369	5.979544857481005060151346697239
14.499361044311928736760819447227	12.422464921026513451352002448402
7.419535040113887980339768546401	4.253205480546780492545622109901
3.304040637729332541283611135441	4.375885433449551165097091143252
11.366659547884824021934946358670	16.984109500143418358675262425095
11.047582471082025179498486977536	8.762789876803163124918683024589
10.772540502456060096392320701852	6.253754700599690075080161477672
12.219760867584259500517873675562	9.832193683944499440485742525198
9.896708710399755304365498886909	17.924547715864200370106118498370
7.618364886531061586083524161950	7.897036134124527428923556726659
16.249340721390577613192363060080	14.863495799292646637468351400457
12.023309099918222386804700363427	17.351978978337434966761065879837
8.708324226781073207348526921123	14.635732722332203792348082060926
14.534067957817352834126722882502	8.219990699460218763761076843366
12.240022575907833157771165133454	15.531496641191223417877154133748
11.129239500776538562831774470396	9.503363877173180540580688102636
13.259913039392102973579312674701	5.482248937853094972183498612139
16.018704375579442711341471294872	1.866137806657446773783703974914
9.845948445382049385443679057062	11.350028568908026471717676031403
9.712091105589760076099992147647	15.828056146534194681407825555652
14.114019265488620291648658167105	9.361114997054723829705835669301
11.021597214198964209685982496012	5.743676622123913055872890254250
14.444549721682365728270269755740	8.480133570282998078937453101389
5.983749796966669087794343795395	8.665920231206944990276497264858
2.606732038050616040436580078676	1.269917288383512810057140995923
11.916896618025322851508462917991	12.727246462922867209499599994160
14.876303946357417373747011879459	3.000249171799932224047324780258
2.168740091172987938250571460230	9.953722156834970746785984374583
10.340227155751273713235605100635	18.209102842635253693970298627391
6.745329602613086450446644448675	9.045383030152285286362712213304
2.009363593964113459122700078296	8.143790755436199901851068716496
10.061870615680213347786775557324	19.514544645487109875148235005327
19.744374533628224810399842681363	9.168181911115686588686912728008
12.805292584799966348896305134986	8.664240112486583100803727575112
7.623140603137933624111610697582	8.958552794297981236582018027548
2.097046353677310293051050393842	16.840504370554011615013223490678
10.416346752239713069343451934401	12.708744230815943510037868691143
11.397669009840489806606456113514	15.774282941361995824536279542372
1.425726444385898572519977278716	13.013664980510410984493319119792
19.432143449659211142943604500033	16.262583244705805185503777465783
4.358210193354568495749390422134	12.319740819725467417811159975827
13.164522712248960090164473513141	13.244422178070580642383902159054
