250
18.925346510787232290340398321860	23.857734998376820101384510053322
26.091939521813898750224325340241	11.771950662486784011662166449241
12.750249825238457290765836660285	8.331198848340228835240850457922
22.303032133370603418143218732439	13.868475682411665061977146251593
20.602463984201744295887692715041	28.470198562967283351099467836320
12.174345570272658179078462126199	12.359765871448688656641934358049
11.124581783392935463439243903849	25.832722097181509468555304920301
17.770945827316136700346760335378	10.484765736069995512025343487039
22.012185082833980231953319162130	0.412447285526904572350304079009
7.935856654854511305074993288144	0.886860967439441205684147462307
5.570116895253482525163235550281	21.775530404673737905341113219038
9.726541384993577565865052747540	23.186487261809919147026448627003
25.427210998735201741283162846230	17.315906910051516831572371302173
21.903177117862711043017043266445	28.649795741027084261531854281202
13.329674370448534759248104819562	16.406507316492078274450250319205
7.299206752888921734268024010817	11.068775281991385384117165813223
20.203438748312198214307500165887	7.411159190086609171999043610413
20.426781865815495820015712524764	14.052733057570044650219642790034
13.429472901351694247296109097078	15.605254960712573009118386835326
11.344116814346442367877898504958	4.685988816723841487998925003922
9.939582279716004720171440567356	17.327811799336942044647003058344
18.087170146403849457783508114517	5.091471105007493669347695686156
17.427021576844435202247041161172	12.229553332911391905213349673431
21.861671222706547723646508529782	16.106908980121016128350674989633
25.453683191419631981489146710373	26.112776460891790719642813201062
12.676197042970665407324304396752	3.762034281507911082087503018556
8.575886782683280529226976796053	26.267295562060962055284107918851
24.833961858343645445756919798441	8.657903314701535180120117729530
10.009536905219450275694725860376	1.698906134769078146717902200180
18.624598055770668736386141972616	12.498373798486753116776526439935
26.887243732418653507920680567622	23.690819732607497627441262011416
21.569581511991032130026724189520	10.959997221146497992094737128355
23.850668585024983769926620880142	20.024153124440164930319951963611
28.544376843165355950304729049094	27.078344825293378050901083042845
10.302427901598548487527295947075	11.748991075708964615387230878696
14.960514927588196343322124448605	28.704720333113186825357843190432
9.126297081927784660138058825396	21.312682895366418023286314564757
8.448817944196120421906925912481	7.598570167070856307134363305522
7.694300245396377135875809472054	15.063158908166165872444253182039
21.340173975515842386130316299386	10.260161723065381877972868096549
21.972830564379872697600148967467	11.592457945576517985841746849474
16.199034554149051245985901914537	10.049042523398920678801005124114
26.432744921743967836391675518826	23.685069283993534838828054489568
20.938922360944847156360992812552	19.672404112758322014542500255629
24.937974266129160128002695273608	14.278159655080719048214632493909
21.770626696064308447375879040919	29.991389271962905382906683371402
10.386229719384813208193918399047	25.095296917700700589648477034643
11.657499621867605910097154264804	15.989470000407040473078268405516
22.314571109215403765801966073923	2.911807593057390342039525421569
15.050615242125470416567623033188	14.610360639687247186202512239106
25.623594801007776311507768696174	29.952986198418471985860378481448
3.641309311413361005094202482724	25.714408653754190936524537391961
20.553557161661217378423316404223	7.096271408111009648678191297222
28.012850908331305532783517264761	11.659181758005557227875215176027
19.048585485117285998057923279703	1.913082575642099936175100083346
26.496996865467977499974949751049	14.700880083196208758522516291123
25.519848132825423192571179242805	4.519310205893384058128958713496
23.201419481640716213632913422771	0.256615181734508590594145971409
4.536236308085922708244197565364	15.512493930961618104902299819514
19.279263061216230568106766440906	18.640147403404860426689992891625
18.729865343348809147983047296293	8.526385695768816219697328051552
6.833007431324908509395754663274	9.004574605332042125382940866984
11.146886940756651540596067206934	11.332187531484148479421492083929
18.070231694658552612509083701298	9.313448798129517314237091341056
1.004124819421011727271775271220	23.958098801080474515856622019783
19.157688740724040599161526188254	28.634032532988403119134090957232
22.187066235535091607289359671995	9.802635798877602724132884759456
19.035637002018361840782745275646	2.962527292440864101763509097509
6.567832064521866186623810790479	26.647659581725054778189587523229
26.828760831600700242915991111659	27.644261091041805400436714990065
19.503048330578387492550973547623	4.635867774310048261554584314581
27.296016285912454435447216383182	20.224650058628313331610115710646
21.076633770114149513119627954438	12.792527557373457369749303325079
14.764725868428866917270170233678	18.933646740629665572441808762960
2.894918458732389510146276734304	4.002853055486522038108887500130
11.925254098998621543614717666060	4.438897034591494872302064322866
23.004494333890075807858011103235	22.448162032104292507028731051832
12.743611254686408429392940888647	16.433647105853090408800198929384
14.114609289535378522373321175110	27.441556445654434526204568101093
12.091613843383393955832616484258	23.724572145924316401988107827492
5.578402807159309695350657420931	13.822599414813481644159764982760
2.236463146883095554073861421784	15.107763074071785425189773377497
21.335758049212657283533189911395	24.112343621370296631312157842331
19.166620698075071516086609335616	13.520154497355642675415765552316
22.196966673509461287494559655897	21.771418546049613240711551043205
13.205264199544000547348332474940	9.392865550335713464846776332706
0.875299652798031679878931754502	7.626788911647867763576869037934
28.578036096772997609605226898566	6.792972849893684994526665832382
27.957446899022993846983808907680	24.187900433369147634721230133437
26.089071816226763189661141950637	27.079242539796734234869290958159
5.638737848594135293467388692079	1.304138297108724531270240731828
21.718058218524905811364078545012	12.408070146437808034534100443125
11.804704670350862016903192852624	16.795358107034743966323731001467
19.908070994836251088599965441972	28.635740347368749070255944388919
6.992163049715944822537494474091	19.864174425128627632375355460681
22.574713302827831284957937896252	15.047637273140999525367078604177
29.118300119723315333430946338922	7.649607636130944854357949225232
26.115858658521190704959735739976	6.216395802246513113686887663789
6.641554906606375929811747482745	25.814377638869114406361404689960
22.639420527241753688940661959350	16.284829938752857003692042781040
3.867155332390703748046689725015	22.258329306988247964227412012406
4.616736389751441294038158957846	26.085729989676817552890497609042
12.329428562198387453463510610163	3.016967185671826090498370831483
0.202791335635420510996596021869	6.322533645563515491971884330269
25.348818270106896477500413311645	15.774482583101557153781868692022
10.182981461507070619632031593937	1.594462139537289324664470768766
4.153167001205506636551945121028	26.455408321220481582258798880503
12.508396021260764996441139373928	5.293297083487330745299459522357
25.948758676390582422754960134625	20.764000803166435815683144028299
0.990283794074104939397784619359	25.168509568219675998079765122384
10.627777944329338311035826336592	19.995761228886763660739234182984
2.981700212739029076658425765345	17.723422055855170498261941247620
10.303549359313574740326657774858	2.981728380121162480520524695748
18.744216394106835821276035858318	10.303017615098241321902605704963
22.407640766085691552689240779728	7.503966567355816685847003100207
12.617516938207206322886122507043	7.080366082103104474754218244925
16.869973808458897934769993298687	26.468447867755543256862438283861
26.880992681907329711066267918795	17.840957454474807519773094099946
26.289729571407701058660677517764	23.126337517497333351457200478762
23.909993019333576569351862417534	25.258193426474861098540714010596
18.826742643019162670725563657470	24.998562288667212527570882230066
28.852140442086042781966170878150	10.780494319561981342303624842316
17.793285157941255647529033012688	11.983716143973342838080498040654
8.125563777897587769416531955358	21.150795249085732052662933710963
22.078446040059780841602332657203	21.007832079673452341239681118168
7.958256809276410770337406574981	18.824635854022211844949197256938
9.226030639535732547074076137505	29.063736532687503455463229329325
17.490058856997535485788830555975	10.636410817441300125096859119367
5.498475072366613147778480197303	16.905999805334797514433375908993
19.714539776204681231774884508923	17.116013635292794958786544157192
14.545759973583503921190640539862	1.194626470271453744231848759227
6.695633952502868524447876552586	1.036596115884230728809711763461
17.557260377305478726839282899164	1.627696354949863533079223998357
1.752439707208380825775861922011	24.539258245396581514796707779169
21.617950808507561788474049535580	0.082823509616806179067793891591
9.641844803991372003793003386818	7.538107521638352181980735622346
18.246918195729531220194985507987	11.646727285252708838925173040479
25.718140113833722892877631238662	0.908279804420106806617241090862
22.997390107205184506256046006456	3.596987536096647453121022408595
4.924938495680759587003194610588	29.000950881959798977050013490953
13.081431281473578920326872321311	19.944918843650629725061662611552
6.457090452963914373185616568662	1.130167302878996027359903564502
7.031665953719784312170304474421	17.986439265462166758879902772605
14.082394035298378298648458439857	1.360205885504305323152607343218
6.684873410155123707454549730755	24.300953034530724750084118568338
24.558646500861716077679375302978	16.735990706511959302815739647485
13.350833483308356619545520516112	6.616413071267867707092591444962
15.577055408749572507076663896441	29.838942112807664841511723352596
23.649312853145076473992958199233	4.055481004212503570727221813286
17.886732601389667252078652381897	1.344472516890377056242300568556
7.653677285248797979022583604092	13.307921030766447501036964240484
2.286811115493455837111014261609	20.939857947310887453795658075251
29.007431797137574136513649136759	20.511034611996919352350232657045
6.603026007362618798879339010455	8.956956340880459777054056758061
21.709888208717053714735811809078	4.408552611236138396577644016361
10.207149838187415724632955971174	5.416557513943061508143728133291
15.882623074929520967657481378410	20.125980717613842330138140823692
22.892267044726988700631409301423	5.407790388025582650755040958757
1.461508351802655036877354177705	19.820818169020270715918741188943
10.303548070321230767376619041897	11.148484148223932521659662597813
13.481476891862802958144129661378	11.549348016284950446674884005915
21.851794844150067120835956302471	28.861923956006876323954202234745
23.783292473929659394116242765449	1.624874162866450921782757177425
3.614803423630662315702011255780	13.477769797443471588849206455052
5.137322639574197324918714002706	6.504576797853759195788825309137
3.036823251860417904879341222113	14.731604249696687247705995105207
25.276640615982010729112516855821	3.576063849193618082722423423547
27.197422778842241797292444971390	26.731146765157607347873636172153
5.512407305624281050882018462289	29.718115866579157824389767483808
24.345633414029652641374923405237	14.108833501306525803897784498986
22.228369669651950601974021992646	29.640228005765251850789354648441
19.798103674131748874742697807960	7.004746485008878309486135549378
1.792916338319519020672032638686	24.141730148329006766516613424756
10.214512372562948527843218471389	17.744231402022293764275673311204
0.803425744810074560220414241485	15.946941325004882372695647063665
15.114226885895496010903116257396	17.886816820819316120605435571633
22.177149597480891429768234957010	1.203915931623473767331233830191
8.359443035825691481477406341583	1.495712699086485519828215728921
29.417742644273140228960983222350	5.198239697680810955660035688197
11.634936942269353821188815345522	18.671925388229510645032860338688
7.326721503093036602649590349756	0.277359140065732701074807664554
1.279363140074006865987144010433	10.016630908668052057919339858927
0.545624234443572442287972990016	25.171670648448142060260579455644
23.553722931251616756753719528206	5.277226469850504031455784570426
14.477887049875842961910166195594	4.636073735195894940375183068682
18.285568338586351444519095821306	19.849339624061478559724491788074
22.460638667651366517930000554770	12.544815448064687402052186371293
29.034302493517188281657581683248	5.412508446195353428720409283414
13.429231951230981678691023262218	4.966154665572915405391540843993
21.006575235507785492927723680623	14.046433513705625983902791631408
14.602365328070828098816491547041	25.710409900215154266334138810635
6.286846690566685325052276311908	7.943694734289178605024517310085
3.736272572898380328609846401378	18.267399767216996764318537316285
1.597945065277103227074917413120	27.451489552693796980520346551202
3.042086517296555214784348208923	10.347256673483467892538101295941
12.397078920348363340053765568882	29.362766740716111257825104985386
11.950528467318525471796419878956	6.899757265965886787739691499155
19.755696310772631107965935370885	11.563773358175993166696571279317
18.912703976993945786944095743820	29.357124196707850671828055055812
7.401282231947083900536199507769	14.162066445099458888989829574712
19.777318484126187314586786669679	5.800100557570697645815016585402
8.299836390792403761906825820915	26.303203759465375810577825177461
18.772303684477112284412214648910	24.242016145111456637550872983411
10.023833813053441232909790414851	18.782548487831729033814553986304
9.297057217427525444009006605484	11.056566162258659957728923473042
15.016053208507557314987934660167	29.241737284845914501829611253925
24.161312803591769693412061315030	18.337608644104030020116624655202
3.376570018766239300589404592756	8.522898582558118718566220195498
1.896579180917949969398250686936	10.845511653920267391981724358629
16.660851511065413177448135684244	24.289339021668549634114242508076
23.019434072632748211617581546307	20.062464768582945140451556653716
18.183244624258389166016058879904	25.464894930191142918829427799210
29.289125514188047105790246860124	3.976736460287855212669683169224
11.217204170294667875396044109948	2.821031103906879167197985225357
16.556449798870630729652475565672	28.431851453410089902718027587980
21.957285089354879659140351577662	19.257175043995395924412150634453
4.587164446460589850573796866229	8.027519018889755386680917581543
16.714285615917926719475872232579	11.968279541619196493229537736624
26.656102832854084994096410810016	15.439925786222781667333947552834
17.239928333157720885537855792791	19.800133177567282416475791251287
22.009228169774679884085344383493	8.574331779851263490854762494564
15.580492700955929308292979840189	17.544384810224766368946802685969
4.068502503535659897693221864756	27.517192733254969283507307409309
25.824415648205654605362724396400	11.855289249118120764592276827898
29.437040915552266540089476620778	25.964189084273776586542226141319
12.244364123872687244443113740999	19.142696449225699240059839212336
18.667456083306639413876837352291	16.897448966123342017908726120368
16.861797188418787385444375104271	9.544207834894283593030195333995
22.544208265510505384554562624544	4.908151939375970052026332268724
28.406241633365397092347848229110	28.066878131300715182305793859996
20.580173183164696126823400845751	26.394805066755161249147931812331
25.290913384981120515249131130986	9.637316947485993878785848210100
6.997411108892187314722832525149	22.620100316484435865049817948602
28.371634478170058457635605009273	29.450533154072360275677056051791
18.347430898472470772730957833119	4.439942363952912529612149228342
10.774220609896140388173080282286	26.992288747437637397297294228338
4.916733262884013022642193391221	16.965074449235402198610245250165
24.066049175509203195133522967808	3.269364138496095861796675308142
18.622312812228472012066049501300	19.573301404385603063929011113942
20.733245382367517350985508528538	19.322729810861559940349252428859
7.243529006738439690593622799497	6.683675544690350633914022182580
7.666509001074834017686043807771	7.098003626234277163575825397857
29.138170526582740649246261455119	26.659137352923895747380811371841
2.171144418095499517562529945280	11.404520537272283320362475933507
18.445910929481904361182387219742	20.615622171719934385691885836422
11.351975388635388242164481198415	18.557657799227715855749920592643
16.483317820744080250960905686952	4.867061060747534639858713489957
24.202464647243299822321205283515	22.264567288354175644826682400890
21.179396336468240491512915468775	9.314644666856054300296818837523
26.868230790647402272952604107559	7.129503136841996990824554814026
