250
4.513185798898492251396419305820	7.899532835285024034988055063877
21.795449617708758438539007329382	20.181239864782000381637772079557
28.987022906232819963179281330667	15.393028730689234606643367442302
6.677466358058211426396155729890	17.685377900205164536373558803461
14.789723173551754697996329923626	7.456658013698969966753793414682
24.485229463717146813905856106430	20.360137116445550020671362290159
12.699019483339279545930367021356	2.481640427729391085165389085887
23.205658050341721576614872901700	1.143898838822958730077061773045
9.084571996263859361420145432930	14.907669945873088579446630319580
1.126803131875460106670061577461	9.147176329434762109826806408819
2.140858964419536381029729454895	14.953729671054979633026960073039
2.717945364889700954336149152368	27.592233228857981686132916365750
12.581653096728878438170795561746	3.327682879371742785679089138284
1.895284552086118345926024630899	25.210691855857159993092864169739
21.003868177195787581013064482249	4.770928901646529496360926714260
23.495487439320282163635056349449	0.447598399735230634277627359552
18.863018812361580955894169164822	14.119896828452379367035973700695
6.847117812404530212688769097440	16.423216481515698461635111016221
18.112013427928381759102194337174	28.692008041662287354256477556191
6.575461857784326014098041923717	12.714502282138550270929044927470
21.328491627999806468096721800976	1.447409375459641767136531598226
25.560787966392148007344076177105	2.572788832007014470093508862192
29.690707758753777767424253397621	1.612240591545694989861203794135
6.430279595003113968232355546206	6.925753417769429098882483231137
11.529664530611077211119663843419	11.048782998761943474619329208508
2.470519530187008427901673712768	15.869684058401023918349892483093
4.969536610252864861081434355583	25.370108165360125695997339789756
23.553467956827542906239614239894	20.638899251570464343785715755075
13.980320612154923054504251922481	13.236189035918377143730140232947
2.797345552057609374685398506699	5.067190556121033750969218090177
23.895403236995576889967196621001	12.033458223617467197641417442355
3.521234144164745671901073365007	9.842303193975531883097573881969
22.315811156916499413682686281390	24.037964116018429194809868931770
4.613031887120442320338042918593	2.855974489719330655645990191260
7.553737936080925585713430336909	24.819489032716205656470265239477
12.247099716689355375365266809240	29.665517012823904963170207338408
15.354619410329714668250744580291	25.470703146488521184664932661690
24.098288562001929591360749327578	1.533967558397533181846483785193
4.408752617088954828261648799526	22.788540627408146121979370946065
27.995991408505638275983073981479	3.103477318516856264807302068220
17.169152512382353847897320520133	5.764484020486748683254063507775
5.936415622058355268109153257683	21.724935678976212471980034024455
3.380656259220520265529330572463	0.963481416136585666620817391959
18.107014871567173486255342140794	5.259779611181665259778128529433
12.288980908323202001497520541307	17.790039612958857162539061391726
15.713504138077198035716719459742	13.922090264096119938130868831649
27.126213990188350777543746517040	23.967222224316689249690170981921
20.934025482108630455968523165211	5.921000324085196275802900345298
18.395396246969170306329033337533	21.648048645539049061881087254733
13.611808188396052443636108364444	11.051224932876570150597217434552
19.196947289402196190621907589957	29.561816013774198097507905913517
4.033591771803848757826926885173	12.554611983181747092430668999441
22.168031679066530159616377204657	11.650221424133354375385351886507
15.054844429061418509263603482395	23.686471866893846538459911243990
23.659160106376848631271059275605	0.238283310520324143055859167362
24.543366988958521091035436256789	26.668853967288427497805969323963
20.780627386274190371295844670385	19.774694570305467067328208941035
13.489303097345167969933754648082	23.374739445895734490932227345183
0.707851150009701779453052949975	9.837278112355027914759375562426
6.228797513121902440502708486747	16.523914637891891743493033573031
16.538675565422920499258907511830	2.633236281125861388829889619956
5.575031544593399779330411547562	3.994296257454465148839517496526
27.171179875976239515011911862530	16.845220200733280080385156907141
4.173257248582242340262382640503	26.632703501774827259396261069924
12.863426449264597550836697337218	1.220026384966723664859955533757
12.526677601726408539661861141212	6.671116709969087565923473448493
28.481090315111259769764728844166	16.309657162312159783823517500423
17.631409062360649642187127028592	29.286906425679184451382752740756
8.654544239178608933116265689023	12.189182606276419917890052602161
14.536731306583497769224777584895	3.581302347128465513037554046605
29.256795648744382987160861375742	26.690017479058539606739941518754
27.262657936952521708917629439384	17.680752731730532190113081014715
26.930187024519316452142447815277	11.561551939915061026908915664535
26.170676042953406437163721420802	13.769113103216310989296289335471
15.967322002204014097515027970076	4.716904899359843916784029715927
11.388416223795708503985224524513	8.119990017466038878524159372319
3.792594896789088565469683089759	24.538371101357714820778710418381
19.511455873531321714153818902560	12.810843671557559986240448779427
16.101307594579893134323356207460	29.681440319617696133036588435061
27.660008107710563507453116471879	14.616962003118258550671271223109
29.811608944988225999850328662433	27.855369477563478142201347509399
0.519978112237816647578370066185	3.134713301195417578526303259423
3.147323417760699015843783854507	11.568760349101513185132716898806
26.866427174382220499637696775608	9.764217489431350927020503149834
7.186736088688956414216590928845	29.447060467560223884220249601640
26.465192978341235630068695172668	5.967806095792838050329010002315
8.209455057478610484622549847700	14.854399288107920540369377704337
20.573664537657027295836087432690	2.575114059354840279070231190417
19.778247138012904571269245934673	4.807122843151518054582993499935
21.414435737192423658825646270998	29.107604462249351939817643142305
18.836727903199552258683979744092	11.161494804320106766226672334597
21.917521141900834891202975995839	9.940409956529537183200773142744
6.641286203824961376085411757231	20.953678297272865904687932925299
8.915212955382408210880385013297	22.725846981130700896756025031209
26.706046400944170926550214062445	27.819156291772536349071742733940
3.244172309262447484456970414612	9.051985475890077736949024256319
5.648212513058035177948568161810	7.588342195877940454806775960606
19.327677089381914754540048306808	1.247384562895277326788345817477
6.636349754435611814074036374222	20.568476272236896562617403105833
18.890540285228581751653109677136	20.025803258469025536214758176357
23.461689549208546878844572347589	14.675175627405737444064470764715
20.866679031857618298317902372219	14.213106697245761367298655386548
16.594693972788622460257101920433	3.879432090860194470849364734022
23.538907594629826292020879918709	28.836732129216109399294509785250
6.583640693323902226552490901668	25.866012438459105027277473709546
29.638795205328634096986206714064	10.420051748166580196652830636594
14.520018350601716861092427279800	7.224340717750879825587162486045
2.726718279581002768452435702784	20.476777759661924704914781614207
2.138307429053418751152548793470	12.368229593996382220666419016197
26.001159580705152762902798713185	26.411149475222405413887827307917
20.840835077647838602388219442219	24.129004182402074007995906868018
9.276263318867520979438268113881	2.493926936788930515120910058613
4.308061671325091879225510638207	5.072658372692933959058336768067
23.342136886837518972015459439717	21.800622221186770843814883846790
0.596083544377197238617327457177	13.360219734510044631292657868471
27.155248640764000356284668669105	1.004277085620457476977662736317
26.527327360484768803416955051944	16.742482756206921834518652758561
17.876674453798869990350794978440	3.553325588849283178660698467866
0.853202155132140038773513879278	4.630736936787226198930511600338
8.668416114354311474698988604359	4.282304188325962712724503944628
23.861146659675480208306908025406	2.049154938722532737216397435986
0.717291256716612313226733022020	5.397049781438429505442400113679
28.771120278031332873069914057851	1.302065179082827484080553404056
14.830981627218832841208495665342	20.288190931446013820504958857782
1.012637854022182537505614163820	26.832360473961298197309588431381
4.068214451363515671289405872812	13.699496203383764836303271295037
3.590403668585832264170676353388	23.362381831953307198546099243686
17.041299839574996610735979629681	9.043159753745159790128127497155
15.331817748314392702013719826937	25.311910927006216809331817785278
18.385516039490013895374431740493	5.451185156972156775623261637520
25.410553370175271936659555649385	16.129698862219228772119095083326
15.966054439280194188199857308064	18.089178299851884190729833790101
15.249335674578992083638695476111	1.582995955872782412043875410745
13.655063440517711370603137766011	0.244040376926258906209454835334
4.239346616136385748063730716240	24.499059255627091857832056120969
9.366885609472481277748556749430	19.232398778698829744371323613450
1.255578758554949381220922077773	4.928856167285251999032880121376
17.784797043433282937030526227318	22.955395416882122816559785860591
11.620076120794003315950249088928	28.306292151706532678190342267044
21.398968296655496601488266605884	16.355031728338239815911947516724
14.487490124229161381208541570231	19.647947931528051412897184491158
0.408724341663830870174933806993	4.338313439000782700816216674866
18.285668915552648172706540208310	14.421610069684341226547985570505
12.153895218511058473609409702476	28.871408921701792849034973187372
4.326967244585039118476288422244	5.921482130064715576622802473139
11.399228704763338271277461899444	9.666384383482011344312923029065
22.755024172794438896971769281663	21.167890445233233265298622427508
15.909821225302144043212138058152	28.625022751185341007840179372579
24.825696038278138644272985402495	19.016885872602337315129261696711
0.203338389987525181012983921391	7.504880586476673443030449561775
7.230714446020847674390097381547	5.220350769114335598430898244260
13.536097745441878714700578711927	17.503142280841014866155092022382
16.001097866311884132528575719334	6.936377305470595722169946384383
6.455615967012354516896266432013	2.752044901698732282113724068040
25.758736577859721705863194074482	5.458753708662790415928611764684
19.109786907718422810376068810001	8.219506584583912811581285495777
28.978785586991488543162631685846	6.464815339717605802150046656607
1.592492181768052628143550464301	12.701264467775086330902922782116
10.346148994926359421242523239926	11.788781429213344154049991630018
1.169206634283628254422637837706	25.576447447727893802493781549856
9.781423266300373953185953723732	2.946344628111163821415630081901
2.136989581893163681058922520606	15.337884448117796054589234699961
7.008687381757408019211652572267	29.447227053060384349691958050244
9.884462876123437879982702725101	0.858151099773272196813422851847
27.254292998906155531813055858947	3.258411077275247258455692644930
4.521922617241870057114283554256	20.765602879599185826009488664567
5.086473340326387315712963754777	6.770807783365164311817352427170
22.933647187560858071719849249348	20.762507248863535380678513320163
0.293063485715698845979204634205	27.861616968614335121401381911710
17.092642333659235021059430437163	7.959869475660759086110829230165
10.963733956731426033570642175619	12.363022570206128492031893983949
21.871826076346433609387531760149	13.765625753578000001198233803734
28.594518245404163536704800208099	0.669063419319525509720847367134
28.419886736184057696164018125273	4.986013971492100793625468213577
1.403266751174371274046848157013	19.231443315724323639415160869248
15.323942969932796032139776798431	21.488321746809571521907855640166
6.269922807291390398631847347133	0.727884761732424667712848531664
14.250682678802288450015112175606	8.092098819739339532475241867360
15.683056046692771090533824462909	26.940197780632505697440137737431
18.800569073372201955862692557275	28.674350798754815627944481093436
1.038070528863781483153161389055	10.515322753411824763247750524897
14.827108047235240562145008880179	23.683861675946356939448378398083
10.390034178354774496710888342932	8.678489711121335048460423422512
11.357176181067003994940023403615	29.530670384423412855312562896870
13.449416663138588745596280205064	27.023752458253980535118898842484
11.062607568022542636754224076867	7.660174018086037150965239561629
8.169119669259345073442091234028	21.960820126371949356780532980338
27.317335545850436773207547958009	13.157008185193335592089169949759
18.621672187198395675977735663764	26.051131325470088029305770760402
27.213811384027358997172996168956	2.037395312867655849942138956976
14.685534826423445764476127806120	19.231006904470248741745308507234
27.121922184076147743780893506482	5.842928050857465471779050858459
28.075392860116750171073363162577	17.472217474493714206573713454418
15.120290395321497101122076855972	26.927908702937557450241001788527
4.863713711120640326157626986969	6.575003748487675991896139748860
27.025349174953625208672747248784	5.019489275590026444717750564450
22.284841807620860976157928234898	4.816876886879714270150998345343
23.311977127611751114955040975474	13.437231153278007766971313685644
16.584670977195248298130536568351	22.896705693934276126810800633393
3.628185060684823159959933036589	28.260102042762472507320126169361
15.509149570042664478819460782688	16.524497390978659439042530721053
2.155672252118431053702352073742	28.330742640539369858743157237768
3.495379051589634578078857884975	17.628815913127183989672630559653
25.395591406463992711906030308455	26.271877665430174886296299519017
20.780217825006133125498308800161	24.448193954567052799120574491099
24.851173318845798831944193807431	22.934715699488595674893076648004
7.246337385975035516594289219938	21.111718358759503644250798970461
7.407561330064344140566845453577	28.479427912559327040753487381153
4.892508103817424292003579466837	0.234812390018620531506599036220
15.975407098509515790851764904801	15.558918635860825574468435661402
5.892300727444270691535166406538	7.525747367443895718963631225051
18.219281628053728638860775390640	3.312318178800202073119862689055
13.824933354219698600218180217780	17.555991444618463503957173088565
24.105275740606145973288221284747	11.835477658901790931622599600814
22.402014480733015489022363908589	17.622723751051612595119877369143
6.534289946473666788051559706219	1.842377343430605662888410734013
27.739789438362866036413834081031	5.534453127932242644249072327511
10.299328096412249777813485707156	12.403840320737479885337961604819
26.300156712937670988594618393108	24.398330386983278827983667724766
21.841902447430545208817420643754	23.732817739816084667836548760533
0.986939359148034656143977372267	10.714985017695758173772446752992
9.685665933251089043665160716046	23.365472593311494620138546451926
4.790281005619765331005055486457	7.894645370645234194739714439493
0.241340636278071229980923817493	21.055348319948159030445822281763
22.536313238790597779370727948844	27.901983300814137578527152072638
1.179551226946914388449272337311	23.503234695434905177080509020016
14.390155455580526222547632642090	5.862588795296086452424333401723
29.758858242290550322195485932752	5.566532178051593504619631858077
3.100382075428267381056457452360	13.032903910140888115165580529720
22.878061276148052627377182943746	16.865152789817898337787482887506
16.926370657142221887170308036730	6.176709638951717096233551274054
10.696415603151340434351368458010	25.398413805387608732644366682507
27.702613122568966019798608613200	0.807225490549956514740870261448
26.231100395009530501511108013801	24.266694521588100030839996179566
11.172318613239710316520358901471	21.509317464740796310707082739100
19.496284260302985558155342005193	5.805394888659877850045631930698
15.463685494093210692767570435535	29.263037418610686302145040826872
28.768836732545256751336637535132	7.773155204097807136065512167988
5.683618995935509232708682247903	28.419513199451852614174640621059
15.409575268870471020932200190146	1.401565175524869255596627226623
8.722667035269736857117095496505	1.551899650797851082373313147400
2.398087259507265756042215798516	21.041982215660226529507781378925
8.278102571247117680286464747041	3.432920723556778241913889360148
1.684294452500763039637377005420	6.818313834167711640077413903782
10.011273001236286717130496981554	17.003407076593987312662648037076
25.086011532274529400865503703244	8.001953995929202534398427815177
10.352097789745529965443893161137	7.935642384277916683288367494242
6.764091077771665183604454796296	28.839908234845562873260860214941
20.719362268309204466731898719445	13.886119074370350645608596096281
12.009217629043439146130367589649	9.512187885182157742747222073376
