61
350
inf
60
inf
inf
inf
0.000021103552417134352481298265
0.008125917637826107764453809068
0.036006453836762375431135296822
0.093333901520786355376912979409
0.586749185776530568503517315548
0.862295378899394338034767315548
1.549090255951701466941017315548
2.435740647931844193863071268424
3.673305980971494300035828928230
5.184076998933462299135044304421
6.219374288829389030297534191050
7.422984592726865393785828928230
9.093394738696794377119658747688
11.228758241115381011354656948242
13.078482287323561550351769255940
14.845472956707908451789990067482
16.234841785913030065557904890738
19.016684163237503213395029888488
21.810003865385940713395029888488
23.766776090981046820616029435769
25.239045227456767150897576357238
26.712319964448795417411020025611
29.330743426362857917411020025611
31.372873914235086090229742694646
33.464378964894265777729742694646
35.234130155432794140324403997511
37.852557432044122265324403997511
40.248626345674381354911020025611
42.146437894690606640324403997511
44.330096494544122265324403997511
47.648432981360528515324403997511
48.770438444007012890324403997511
51.649897825110528515324403997511
55.321858851379460020325495861471
57.841701299552376269730302738026
61.383331608986502203606505645439
65.179009791861304279336764011532
67.077804223990156629042758140713
69.957267419790937879042758140713
73.471624052106093927250185515732
75.792714350576986248597677331418
79.188321345205892498597677331418
81.647275202627767498597677331418
84.155355587970362307714822236449
86.614301815997706057714822236449
89.282286983127988833075505681336
91.373008213487793227614019997418
92.988646846409238833075505681336
95.820044856663145083075505681336
99.082538928648887122108135372400
102.177756648655332583075505681336
105.357398372288145083075505681336
108.188804011936582583075505681336
111.262618404026426333075505681336
114.546515803928770083075505681336
117.620330196018613833075505681336
121.928787628065180115299881435931
125.209079228485109069879399612546
