75
12.921263622007005622549513645936	14.150371255010270488128298893571
17.748317429192713490238020312972	14.770404820797502054574579233304
11.960121994449536941829137504101	18.942033264565822037184261716902
6.125143653219591755032524815761	15.963843876857787051903869723901
5.705734081297549664668622426689	2.297100096407984182178552146070
9.416671384326928517793930950575	7.632160858109444667718435084680
15.419309415373003702143250848167	16.574292649422762480071469326504
1.274341622374825178098944888916	16.764051108154301772401595371775
18.295826455997847403978084912524	15.954467103426692276002540893387
11.074163142991386266089648415800	1.468721551172128769735536479857
7.291754560916640315326731069945	2.391016613426219628024682606338
17.115181946589238748401839984581	0.303676523499609052336722925247
10.810806686835825018988543888554	18.459169672618084945270311436616
10.659550950040944883312477031723	15.818690845441491177325588068925
15.110119636292477451888771611266	15.066438631889001342756273515988
8.760052057442200279524513462093	18.714251204919740700916008790955
14.949029569993287580587093543727	10.072462534536979816834900702816
15.189271658964226929811047739349	18.326806224204251094533901778050
6.811340485854395332410149421776	19.124866406617357483810337726027
5.925307364325209213973266741959	9.639985537587161701367222121917
11.736346327489878049732396902982	2.058476401961290669362369953888
1.253804636092358038013117038645	14.622286717249687981734496133868
10.852760324475317688097675272729	13.822319459538324082359395106323
13.367139813715752438838535454124	10.210857929006913025204994482920
11.963517486645132592570917040575	11.931433367699874281697702826932
11.007695464433721710406643978786	14.782453149302835271328149246983
2.083341566409808720550245197956	15.329663426908462398046140151564
12.201769096625982413684141647536	11.430024188230905934915426769294
2.670763714162403879015528218588	4.734233391696372805768078251276
10.435071147354760157099917705636	5.806264312185247078446082014125
10.254086841383074357736404635943	8.764318444262160667790340085048
6.101555495496307379710287932539	9.580577468052256406849664926995
17.050164359383963130767369875684	9.230548852817740623777353903279
11.129797991976362325772242911626	2.321187785477284215573945402866
7.706535207999245962184886593604	0.085019906550312995818785566371
4.398224560116910986096172564430	12.550795213655078441661316901445
18.529905780803996862005078583024	9.807259051274176187007469707169
16.173726849259740134812091127969	18.290114838677002495614942745306
5.687256185602485025754049274838	10.715484906147935362241696566343
14.151379073558393528742271882948	3.961521585092085739887579620699
9.352382776829266219920100411400	11.799232448108035953282524133101
6.031909455403326347777692717500	17.945727167590153072751490981318
18.153630633487690460015073767863	0.511653221921547718409328808775
9.307668394841595471689288388006	11.785291073499045921835204353556
13.497177176453451608040268183686	7.876448432543211808365413162392
10.817014779302796867455072060693	15.484814959967897252113289141562
3.871216999890721766064416442532	7.316856465596655034744344447972
2.624592930867682305517973873066	18.275493952208954340221680467948
12.715477770435217763633772847243	6.439457774125159517097927164286
3.989375871518375138435885673971	11.185987028547421218149793276098
16.384470324039888566858280682936	16.281541605156892416061964468099
4.247302069918855949026692542247	17.687591869606272609871666645631
5.506393495056584264091270597419	6.795191493873313781648448639316
2.756830630887138866569330275524	6.535857535221950342929631005973
8.256568540298161451573832891881	11.694291878555114649884671962354
13.689078216319760628039148286916	10.098108490996766661851324897725
5.086437278603385792052904434968	2.203808957657741096625159116229
19.275979183633829450172925135121	19.185404280200824445046237087809
18.075705148450442294461026904173	5.252216305932274842405149684055
16.473267206189667888338590273634	14.360889864177298846925623365678
1.981692775591620048203367332462	0.560908225015623651543705818767
7.647420605428227879940550337778	12.737727139394859676713167573325
11.401620455965742806370144535322	10.811079233749898875771577877458
17.315945537278864208019513171166	5.867260749449046741688107431401
7.168447481020735700951718172291	8.888203486126389663013469544239
0.970747440655036264445243432419	10.494711416320042118854871660005
8.718505068251079848096196656115	10.485259010124455159029821516015
19.440100122227612189362844219431	1.267068939138648264730591108673
17.115505792132793771997967269272	11.394775392842326766640326241031
2.620028815169868519063811618253	13.366368873889465263005149608944
10.099538264610908200324956851546	8.489723558890624133255187189206
5.131284376404191327480930340244	15.790783904771929613275460724253
15.864169553311267435447007301264	19.761484229904787923715048236772
10.241393730516728410862015152816	9.164501703156703982244835060555
8.339802300487910713400196982548	9.333688134800814495406484638806
10.884428817974457714967684296425	12.912725717313641382588684791699
9.569974877255498668660038674716	3.264257332721692161925375330611
6.758269040932617599537479691207	10.893856722745459464363193546887
11.640629930546820602899060759228	9.253202693520137245286605320871
5.173513336653962291222796920920	8.332813288183816169407691631932
10.728223289409836382901630713604	16.002134582269409435184570611455
8.305265028524210890736867440864	11.920359242851155556763842469081
16.326577287988786935102325514890	0.577166213033405428589617258694
1.274740647198653986649219405081	2.866899171769296206235821955488
2.400829718177783789201384934131	9.309702133969366855126281734556
16.437908314189538572236415348016	13.483204834096724766823172103614
9.847685733775376704102200164925	1.807703564131945217496877376107
8.329945745494685027665582310874	3.459054062609965285446378402412
11.343851715877304897617250389885	7.017995730426790146339044440538
0.709972656331870899393265972321	4.203098845753400425451218325179
3.553869373553358634865162457572	6.744383267897246625466323166620
7.539279157954643650896286999341	14.553134148413981563408015063033
16.817481897392831058368756202981	8.777768645547354253722005523741
17.540539526891574695355302537791	10.409438928404169288910452451091
5.541316110398590843999500066275	6.514881109602200126573734451085
13.264319409109994296613876940683	13.190499123956092475395962537732
15.272991842467652290338264720049	12.256760514270807149728170770686
1.113946670127322402521485855686	19.001008593010098479680891614407
7.918840252640952037666011165129	5.610813152927262237312788784038
10.669374217764035606137440481689	15.319801645714962390343316656072
15.456623864512877730703621637076	9.311884239964397735889178875368
7.822853427497041600702232244657	8.885839925165772257287244428881
15.682071817392520429734759090934	0.418386402916501642934576921107
6.111423735842146598429280857090	8.598337940730360173802182544023
17.303620752089766909875834244303	4.791502941237758328441032062983
11.668000236562905413961743761320	9.944469440377714519740948162507
12.940548718278519046975816308986	4.207485402109314875929158006329
8.473780955524787827926047611982	3.077213632202739468368690722855
8.484751356031555502568153315224	7.790495348603304393009238992818
13.770229067451438709213107358664	6.284581191469067462662678735796
10.601156503871244751735503086820	5.897006880413394824813622108195
3.832993315888292507054302404867	10.175440147491473297236552753020
15.402789915495977979276176483836	15.238076637319725392671898589469
8.041180472349553909339192614425	16.807495188975899225169996498153
11.501287073834527419080586696509	12.754969621868786688878572022077
11.406747480215969403616327326745	16.052279910977251375925334286876
15.035978003606890851528987695929	19.343485906849299027499000658281
18.376076078076170716713022557087	1.080601309332886561520581381046
6.471000151309821646350428636651	19.174982949468148518690213677473
6.956219055561701836154497868847	3.519360181550184929477609330206
8.822026795673952648257909459062	2.343666486876133880912220774917
13.159030861891922725703807373066	2.804749462777649249289879662683
6.884588175630139694760600832524	10.864192115788982917479188472498
12.540246370685686372326017590240	10.638150895004962137591064674780
4.410817487007484771766030462459	10.319018820096351518600386043545
14.294577764475908665531278529670	9.742319997039396994864546286408
18.242698024960397162885783473030	6.479031397877426989850846439367
14.129549112792316734044106851798	16.634069488080847065702982945368
1.767800423950380839244189701276	4.206184555496001564733887789771
3.725836964817365704050189378904	4.066865413224570957595460640732
10.848278166682371548290575447027	7.974476443927300373104571917793
5.543190687849953945942615973763	7.876274991859795626680806890363
15.276496311616183376713706820738	6.594911768883058300616539781913
5.624929809165285732319716771599	19.747663387040290672302944585681
6.740759654927109600919266085839	2.114890169636002070774338790216
8.567546816359124406403680040967	7.810820433090175818335865187692
5.880703908620389164241260004928	9.908064455746037779704238346312
6.407318777962034417328140989412	13.187675359004506603355366678443
10.728656582511259642842560424469	4.382237157809402816610599984415
4.013930789489249306711826648097	11.868818925716233536604704568163
8.263189830995063545060475007631	4.809758530878698756794165092288
2.137790390175173804720998305129	8.089719210082977340903198637534
2.105754515530138704093587875832	18.960749188005166843140614219010
8.852530018875119921517580223735	14.291150653862722208486957242712
2.511553580601473711908511177171	7.943708503572174173257280926919
4.570165806436159883219261246268	13.315054665040916503926382574718
18.419241687569915200128889409825	8.312204896418553090597924892791
7.463780377020969858392618334619	18.667690162417397203853397513740
5.297507559771723606445448240265	8.776780205291403902378988277633
0.192177870208456447187472804217	7.107734754532724075204441760434
