78
0.000310005655295
0.010290908899581
0.173343294687683
0.464757532748064
1.212778853911345
2.189316214712105
4.213822150305996
6.433807804185901
8.990939339298963
11.674393852848768
18.717538170500404
21.316463285387933
27.249676089175850
30.582751168726432
33.139881982325065
37.553864373682487
44.134793246409906
50.028756036280143
54.552493869673754
59.274399919146219
66.378239793413798
70.918816728228251
78.450974626177469
84.848405046099344
91.368561906450907
97.737610978716532
102.261025590532938
110.788433718689987
119.170657634438584
126.861725968950907
133.809449357622782
142.979443240174362
151.570873904236862
161.549149675005594
170.150681657427469
180.049012345904032
186.996735734575907
195.827149552935282
206.505032229432175
214.945573014849344
224.126727580727646
234.152865886391709
241.100589275063584
252.619930052601347
265.186305441470495
276.053920187564245
283.805286929292095
290.919361636323345
300.761897482486120
308.196551799477618
318.646319865883868
329.017268576236120
336.605891623111120
347.767574954041550
360.357928752602618
369.574497685824383
383.324389934243243
395.994228148304501
405.970524297152508
421.295528197132626
437.059158339633655
447.725143447055530
460.198999338664407
474.668487048200177
496.333526110700177
520.866759753278302
541.137830126983545
559.907467960864437
576.105099796801937
589.391110538989437
599.123837589770687
613.843930363208187
625.456479191333187
635.519833683520687
651.186520695239437
661.852475285083187
683.517514347583187
708.050778507739437
