78
0.001160329129952
0.075578798441345
0.485953231613558
1.500146741341712
1.770427340935828
3.410377548462911
8.612796648332205
11.083170325522971
14.843797118430686
18.913047938170834
23.362423183610840
27.776092105509314
31.168559907222814
35.635986596984786
39.815917847896642
44.283344537658614
49.351524621887130
53.914490014953536
59.127289087219161
64.358617828614285
69.426794098145535
73.989759491211942
79.202558563477567
93.555123551675408
105.009253919917342
113.668994972947615
120.057478731413354
129.347376889836113
134.712214536320488
146.028167447353525
153.441585222538038
160.379130998905225
170.147994859964172
177.187255724221984
183.879068360816717
189.955224977027655
194.911142335426092
200.444406495582342
205.944223390113592
212.983484254371405
222.838510499488592
230.484842286597967
241.842828736793280
251.836816773902655
264.063653932105751
277.338159547340126
293.746484742652626
301.910125058778704
314.136962216981829
329.325011533388079
335.319177613746376
342.358453736793251
349.593622193824501
359.841550380034846
372.068357020659846
393.374719605933876
403.622647792144221
414.792932496558876
422.973688111793251
430.012964234840126
439.442865357887001
449.690793544097346
461.917630702300471
474.311093837066096
506.262382696542318
529.633717035793325
539.616179546555145
551.842986187180145
568.153594097336395
585.552472120799507
603.584133776359522
618.735119633476870
634.994599291946997
647.221405932571997
673.210667503589548
691.112745738866465
717.102064586522715
750.187025524022715
