78
0.000188907746130
0.046399309331150
0.547425755022257
1.534363948358646
3.245080350904423
4.368790744810063
7.704622171818631
8.907526396214383
14.764266714601114
17.981592434275278
22.232083265594390
27.335836399134458
30.616075499250229
35.250385267926987
39.586837600222367
43.394752556403404
47.384849531843003
52.936587121552428
61.655029046994585
70.483735383864712
75.343552888747524
82.076936587350502
91.428391920737397
96.452748087001254
101.890311602253888
105.935349763747524
114.389479305747940
120.251104081996047
125.632874788161587
129.167756379958462
138.944466639673664
144.131667550337369
153.565386486457101
159.427004528449288
169.173760149836454
175.674732993375386
183.945886122397553
194.428079115561616
203.604123407035274
210.237644937587191
219.705586467455475
228.636872755767286
236.255658441214962
245.798753248931348
252.972111533414449
262.727162192594108
273.282746779204786
280.901517205863399
290.408841424613399
300.163876825004024
312.977841668754024
323.969632440238399
332.826417433501661
340.445187860160274
350.200253778129024
358.507840448050899
368.262906366019649
376.644894891410274
386.399960809379024
396.182187371879024
407.989041619925899
417.744107537894649
430.923154168754024
440.678220086722774
450.460446649222774
466.044845977498142
475.799881377888767
488.978958526326267
498.733993926716892
508.516220489216892
527.285446563435698
543.283340850545073
564.931167998982573
584.861465850545073
618.381119170857573
657.203323760701323
745.410880989990119
784.233085579833869
