78
0.000541690303948
0.133573031940959
0.749069267546698
2.584234137767153
4.915536490026948
6.131911266656576
8.975577892726204
12.288371776146127
14.948821357736378
18.869264606424736
25.272306031597232
30.398170469837964
35.833865781062443
40.050002713435489
44.887202878230411
51.384933187321650
57.787975026921259
62.913840963200556
73.262729360417353
84.359817272155425
89.197013622253081
99.545898204772612
108.706336742370269
119.055221324889800
137.015336571252419
143.704279405304419
154.766847191369607
163.298524437463357
170.372560081994607
177.916963158166482
187.589250145471169
194.015641747033669
199.141511498010232
213.872422752893044
221.415757713830544
225.424668846643044
238.518876610314919
244.933991966760232
257.135545311486794
270.229753075158669
276.644853172814919
292.484300194299294
313.939469670773519
319.892686223507894
332.986863469601644
339.401994084836019
355.663835106408669
365.336137352502419
371.677018700158669
376.888383446252419
391.739549217736794
402.701036034143044
408.599259911096169
428.326036034143044
443.014298973596169
452.881913719689919
465.587388573205544
476.885209618127419
490.175126610314919
497.298265038049294
505.610795555627419
520.461961327111794
530.951036034143044
537.321641502893044
557.048448143518044
569.518052635705544
586.883225975549294
601.529161034143044
612.125474309445394
629.697312889611794
644.321946477414144
661.687058782101644
676.332993840695394
695.261155461789144
704.501206731320394
724.059190129757894
748.293931340695394
765.886216496945394
