75
11.527575477289614624964997346979	8.878212776986471155282742984127
8.625395206686503613013883295935	10.482452646591237765960613614880
9.624522493540785816890092974063	10.228778955556443008845235453919
10.304221378080466564597372780554	8.286632237478109175299323396757
7.424051030119664495998677011812	9.413097732129971362269316159654
8.981817367332807222624069254380	10.841413948207442530247135437094
8.383200094165394133938207232859	11.300907425965471375661763886455
10.315764208260951306783681502566	10.247303540331699878151994198561
10.142851175672594976617801876273	10.809800267891057856672887282912
10.688658943078246821301036106888	8.673445965013323544212653359864
9.417946476778094933024476631545	9.638157701918968811582999478560
10.906342037513663711933986633085	10.384432410962016746225344832055
8.696462200255364649592593195848	10.422029818751617824545974144712
10.453838508952111752137170697097	10.772275630657984990534714597743
10.405838534479823209721871535294	8.606865195133659440784867911134
9.535812908532037113218393642455	10.101208609190880594042027951218
8.367708590630117626574246969540	8.527958404683412041435985884164
10.926992960144877642392202687915	9.913918909164573634029693494085
8.788748524656844196556448878255	9.084809221617151209215990093071
9.947701753322936824019961932208	8.820119353170873921499151038006
10.504766033764720845056217513047	7.440812592082505005919301765971
10.491361619054478282464515359607	10.559796551882259407761921465863
9.183919149345273424955848895479	9.264545045096850728327808610629
9.836410895755594907541308202781	10.188994397581730311230785446241
9.866270640564987814968844759278	10.216343059757271305443282471970
11.031197827246479903351428220049	11.906485214528728988625516649336
9.674925794020808211826079059392	10.625372403737330273543193470687
9.702417032799734997183804807719	11.661413645887019896463243640028
9.853577396856135095504214405082	10.231817436818358757477653853130
11.493721030681008699048106791452	10.833509464417945267200593661983
10.361824553558626860194635810331	8.849488683841764569137922080699
9.140654925154484189420145412441	9.386392187210367055172355321702
11.736707074383756932434152986389	9.454459973461290189788996940479
9.898772464478641452956253488082	9.010555333116272436200233642012
11.140381283692628144876834994648	11.163725252825834388659131946042
9.771187362933430264888556848746	9.341018716476396477332855283748
8.264323685549086917490058112890	10.225292152570538917188969207928
9.880278674335290389763031271286	10.585154443092484655153384665027
10.801326727194030752343678614125	11.623418556750799268684204434976
8.296136765549713132372744439635	10.599101369704229114176996517926
11.582586241124021242399066977669	9.968118698807108657433673215564
10.371421225976964919368583650794	10.732891923939021694422990549356
10.848709650891651179449581832159	9.448064871450961632604048645590
9.689497232405107851604952884372	9.132701903675020105310977669433
11.287282622983047630782493797597	9.908891566092940195176197448745
10.641116878922749933167324343231	10.214396921602988399513378681149
10.716067782084424564459368411917	11.083353992138302857028975267895
8.902738570171830900790155283175	10.072598652619632275673211552203
10.556653839194227728626174211968	11.225158206694100471167985233478
11.042925603282604640753561398014	8.062584907273503631586208939552
10.447598236861688647536539065186	10.814030470578329001796191732865
9.876285705133764025731579749845	11.242337982111241245775090646930
10.354373362183695306271147273947	11.038439434607367317653370264452
9.826824727713116658378567080945	10.758443223850031600363763573114
11.253962550608870074597689381335	11.762273064456259419330308446661
10.152876903037217459768726257607	10.192404522579822767625046253670
10.017673436731890035389369586483	11.068239350817243860092276008800
9.497483500060839745060548011679	9.147545416463881196023066877387
10.530186157369435306918603600934	8.651304463199226191250090778340
9.012531563261266143172178999521	9.120845208589791752729070140049
10.366988325815711391442164313048	9.809355862776920176315798016731
9.357084147490139613978499255609	9.605014840192009017982854857109
9.973545926855418741752146161161	10.060257161671337655661773169413
9.190244849312088959436550794635	9.969950567253786033461437909864
8.395256046320490384005097439513	9.176948190451188480665223323740
9.140486547272406170350222964771	10.388360388633158137849932245445
8.161170146853869766800926299766	8.950073731921238007203101005871
10.855258576262210468144076003227	10.007131301878091633739131793845
10.975405514680016239026372204535	10.480364979580297557504309224896
8.441576752665543637021983158775	10.177225200188418696711778466124
10.249834468211236782053674687631	7.294362261370350708489240787458
10.388466705918634858107907348312	10.056508992851030726001226867083
10.389390452881389848016624455340	10.279398175451621710863037151285
9.575461773182681213256728369743	11.117591500832734396908563212492
9.487056721819648430482629919425	9.724638513278156537467111775186
11.357258712730466498896930716000	9.543614388083989652500349620823
8.300446478195702582070225616917	10.633639023068580442554775800090
10.794085042358675607943041541148	11.348742446864147126461830339395
11.363481701998228601269147475250	9.950111228515654104853638273198
10.741525002098239127690249006264	8.752864938132326244613068411127
9.312658571028871179464658780489	10.981731332487866481528726581018
10.912645081731827900739517644979	8.930390095603605971064098412171
8.678667231183293750973462010734	9.272964416933543674304019077681
9.748528108798263147605211997870	9.905082585844848352962799253874
7.765017523986616154729745176155	9.446695458640922637982839660253
9.565694807041243308276534662582	10.053905744147755285666789859533
9.093720260040155878300538461190	11.158459735959709746566659305245
9.914249520652587577274061914068	10.321401736949963989786738238763
9.601738022506777880948902748059	10.145977329072016104305475892033
10.661423988922154038050393864978	9.047953655875867085001118539367
10.347876980530777757394389482215	11.615353993541331689698381524067
10.651397198384707110108138294891	10.592782808925369053554277343210
11.523538014344609337058500386775	8.904146702817335778945562196895
10.326250414417826206658901355695	9.493926742239601423989370232448
13.158042278663712565389687370043	12.399198672822599576193169923499
9.076217997523547964533463527914	10.548452386712451556149972020648
10.082294532894959360191933228634	8.004831930816282081764256872702
10.447222187220670974738823133521	12.425215078414662883687924477272
10.096595368736002384935090958606	8.942873017758456555270640819799
10.710578118870412112073609023355	10.700234277731205168038286501542
12.058250782251434429781511425972	8.333092399777271452876448165625
12.217440039357619241400243481621	9.814400252803926250066979264375
11.596340852697599288489982427564	9.185281611264576540065718290862
10.498799936322228631979669444263	8.856612668876424621089427091647
9.748575714710398187889950349927	9.167055199932425679776315519121
9.213975934018881375209275574889	11.834808404467075604316050885245
8.336749496952805316141166258603	8.842090812664801902087674534414
8.959086439305076865480259584729	10.089626230374930671018773864489
11.156743672396123301382431236561	10.664931428609497388038107601460
8.971564253216600448581630189437	10.306537824075682863167457981035
9.526999643947371865237983001862	9.362148728759262183984901639633
9.483499911966344342317825066857	8.989945537631701455438815173693
10.588888306895107405125600052997	10.426291914773427649265613581520
10.866766928332758368469512788579	9.813723550468861134277176461183
8.770228615237037672613951144740	9.643482277122719992235033714678
9.589602115444293417567678261548	10.892202909284662837308133020997
9.599668731384598530098628543783	8.454829887032323298967639857437
10.812495971917977399812116345856	10.476204427228916316039430967066
9.041314969114788269166638201568	10.596634677549312542055304220412
11.134290535364669949558447115123	10.850109072965318901538012141827
9.476046459438856928159111703280	9.643705558336771233030049188528
10.421039493364112615836347686127	9.576533237164833067822655721102
9.602299417817313553769054124132	11.192236933212155847172653011512
10.304529430313118965045759978238	10.049340825208451732919456844684
10.349775911844448117449246637989	9.059216142144101979738479712978
9.277231279615302028673795575742	11.184892224025581697333109332249
12.061101113669046469567547319457	10.108265791303672642698074923828
11.300442296993912449920571816619	9.381206841867447465688201191369
10.724819745436644069513931754045	11.042795839024893922442061011679
10.098946240578674959920135734137	10.183892309253764096865779720247
9.544054613517344520801088947337	8.957095925052215079631423577666
12.442718309266885157171600440051	8.519011745123641787813539849594
9.934023630227741818998765666038	8.769945178206532077069823571946
11.073608813095487946043249394279	11.455726849226218533317478431854
10.160179516230432028578434255905	9.941522937795447489861544454470
10.392850559699132517721409385558	8.398628068837636462262707937043
9.317464131195576371169408957940	8.702043334079126779556645487901
10.345287459786783657023079285864	9.536572375937661050215865543578
10.009820120653241559693924500607	8.952375851066253886756385327317
11.642785900465556281346835021395	9.842485422825088647869051783346
8.804867516930521276208310155198	11.511027155166047464263101574033
10.255119135756004311588185373694	11.598806914285521685314961359836
11.244491156950875421216551330872	9.240525316201880556832293223124
8.831755154849526334714937547687	9.346395767750044214494664629456
8.627032420879167773364315507933	9.889637543561446975104445300531
8.367143203273441187661774165463	10.589790739940383446082705631852
10.384846062419192946890689199790	9.337799476386502206537443271372
9.590854702656807617699996626470	11.233406377265058750936077558435
10.248815051781722473833724507131	11.855330395302070556340368057135
9.508734706379996737268811557442	11.279572102038939007684348325711
11.723313079706583650363427295815	10.306433820961816039130098943133
10.111467052340170624802340171300	10.580678232592461540662043262273
9.055382702474640055356758239213	9.426037498521450785915476444643
11.572147324607708895882751676254	12.079825268477094368790858425200
10.835354031756434523003918002360	11.003182112048428109574160771444
10.035830024852103292687388602644	9.665756147146311150208930484951
8.808224082562048806721577420831	8.565713287691350430463899101596
9.628210176214519577797545935027	10.643672669635861893766559660435
10.735618511717721190734664560296	9.535029213969407280160339723807
10.602253437741568475871645205189	9.965290737235136475646868348122
10.876041339747738234677854052279	9.834975546911225663393452123273
11.783606762016532343295693863183	8.432690455443143662250804482028
10.153373223415174564365770493168	12.806156385442790224260534159839
8.770280369908494577657620538957	10.175202858904693670183405629359
11.642290694339610723773148492910	10.381706694857488315619775676169
10.983607272657428310935756599065	9.024240529756902162716869497672
10.083686267378094925106779555790	9.923697436149314654585396056063
10.171590853683449395816751348320	9.945649199238673077161365654320
8.583875031289217361063492717221	9.860147717886489360239465895575
10.229714137220764058611166547053	9.592691388266363361481126048602
10.170171944057436519415205111727	10.982200969686420677362548303790
10.924114398363336420061386888847	11.026330955164601377305189089384
9.985600613664527003265902749263	9.796488217901595518810609064531
9.321691306040904123619839083403	11.003932022792527689603048202116
11.122476114674746838772989576682	9.854043702357701661753708322067
