75
11.006986818107479919603974849451	8.528052309185749635389584000222
11.113669902206465778249366849195	10.170488059157378302188590168953
10.088903844891886407708625483792	10.840123562144794888695287227165
10.361362177130020612025873560924	10.603823954140924712419291608967
10.181375601178972445381987199653	10.609552899326311958816404512618
8.608504107279131289942597504705	9.459210226992963654879531532060
8.683132887488739015680039301515	9.387270189095923811350985488389
8.432595805952148637629761651624	10.807259007760395164154942904133
10.286294123656281485068575420883	8.715151256601657792089099530131
8.950055464106144498259709507693	9.199800913833586335499603592325
9.217210714311757868699714890681	7.390086872601621337253163801506
11.960877796102224124297208618373	10.104219099931754044519038870931
10.194035167588339163557975552976	9.593068425661657627756540023256
8.637211031175581865682033821940	8.551611581700727882093815424014
9.075858555504197511254460550845	9.137425088786189419920447107870
9.475581432467178544243324722629	9.477115862510132160423381719738
11.359893528299322085217681888025	9.039269150635991678655045689084
8.332096618885808325671860075090	11.057328561458357185642853437457
10.184062303871867172233578457963	8.279977894449114472763540106826
11.222407381333344034146648482420	8.979486444357343444266916776542
9.656819456358881836877117166296	10.961693542104246290591618162580
9.217220472197134029102016938850	11.143545270006963932019061758183
10.775382553395784768213161441963	9.279368058029833221667104226071
9.597111791293553295645324396901	11.109490095351659988409664947540
10.488191637293253322127384308260	10.756239431621242630399137851782
10.187865283375217018146940972656	9.200890180649194505235755059402
8.565070504967088993453216971830	7.782397794266394441820011707023
9.311612211965027086080226581544	8.421760237232433610188309103251
9.729162893196100725390351726674	9.417545134933760664353030733764
10.554282934169204821728271781467	8.963086653286280736097069166135
9.157565670351505815460768644698	10.114058947459724890904908534139
9.994154929513856089329237875063	9.737533951408073207289817219134
10.101315285252027820206421893090	9.184497300333520186654823191930
9.325156810049568534282116161194	9.839943400580036581004605977796
8.865383599956391691421231371351	10.307759511408278285671258345246
10.073304248360031465381325688213	10.511374139008255568228378251661
9.501432208807525370275470777415	10.163272789083482194882890325971
11.680320325098596967450248484965	10.383450096326019007619834155776
10.553072519096490466949944675434	11.838111594363924794492959335912
9.706496243978069315971879404970	11.334356074988109597256880078930
9.729560272260830089408045751043	11.098632457631831371713815315161
9.980293307159087135005393065512	10.043710507681954169356686179526
9.617132060675887217371382575948	8.789139884034753436026221606880
10.112338872724253135970684525091	9.980890476780594156025472329929
11.142167422886128491654744721018	9.486382914110054187517562240828
8.101217361585600684747987543233	9.853796862283761726075681508519
10.088877257244845964123669546098	8.779259664100148796705980203114
8.436322357943939920232878648676	9.966933852049402631223529169802
9.664168924067254806686833035201	9.344708486832933758137187396642
10.699584270159828491841835784726	8.761161522232338683124908129685
10.704076353331842597071954514831	9.396862186608860412206922774203
11.565286537920538734169895178638	10.618578591919602516213672060985
8.941304058079690975091580185108	9.850078319706325302718141756486
10.006335878750709511564309650566	9.743256667628209299891750561073
10.412880516864586155634242459200	10.214616867116394161030257237144
9.311684681229762006182681943756	11.451378507544655249716925027315
11.789108400612095195469919417519	11.259018575284898133759270422161
9.261471975358521291354918503202	9.041621191612554397920575866010
10.092150595032375548498748685233	9.654303166438760186451872868929
10.393139004995235907813366793562	10.247300051093978012772822694387
8.952777323131646980414188874420	9.574097399182345924373294110410
9.172039642169997009091275685932	8.981269799087733929354726569727
9.329707573995651870291112572886	9.002633825284144464262681140099
10.782568143754467371309146983549	9.735793189764407884467800613493
10.853992947717369332849557395093	10.186844793375685824798893008847
10.245426943324366320098306459840	10.768975307045909772796221659519
8.945354957803701267948781605810	9.477978112622478690241223375779
10.044562233931353389948526455555	11.957177200501114100461563793942
11.138451858947878037042755750008	8.719147885863549163332208991051
10.826580804714890149398343055509	9.778751946808347028650132415351
8.545527300914409707388585957233	9.182156409893988069370607263409
10.095728303331741315673752978910	10.085883098010169689473514154088
9.535351626093103050152421928942	10.717723476593402409662303398363
11.450469455309537636367167579010	10.038663187578121593901414598804
9.534234981674387654493330046535	10.233601777791324849431475740857
9.893980959810752651151233294513	9.947238790418104770196805475280
11.168442756818205197077986667864	10.778836144417642373127819155343
9.684493777011381254737898416352	9.629964061988570023231659433804
10.303395355506355102193083439488	10.084521573696843432799141737632
9.132739985999453580234330729581	10.801073941821192292422892933246
9.681747160871498891765440930612	12.264641828424064584623920382001
10.209442019102040077882520563435	10.169211083764542635776706447359
9.945741510015341901862484519370	11.846316773557315826792546431534
9.887156483288846331447530246805	9.322709524923309842847629624885
9.569458720248107397310377564281	7.236043537207510922826259047724
9.661805199668584975825069705024	9.879713343076096165873423160519
9.456019953245050402301785652526	10.421318687945472447609063237906
10.902904404409666128117351036053	8.793192818437500335448930854909
9.179171908313113803501437359955	10.408587831003909940363882924430
9.152844790342317793374604661949	8.970083276800712823728645162191
9.973195288754144627318964921869	11.031494851407007473653720808215
7.806764983362864285254545393400	10.917792042044540679057718080003
9.207728044860234106749885540921	9.622020792000935074383960454725
8.660215285713061206251950352453	9.905981878347525082517677219585
8.874324242750814661917502235156	11.342848088846670506768532504793
10.574221364892034458193847967777	9.052385283397910598068847320974
10.146114625639190975903147773352	8.252553969121345645021392556373
10.138751207067278059525960998144	11.263109386276253687242387968581
10.339950851292293521055398741737	9.760190835440816670143249211833
10.202215188119875932670765905641	10.506845404703160085091440123506
9.874925656544759178245840303134	9.846286338102615331990818958730
11.240898017289755017600327846594	9.972151922208736252173366665374
10.553001905094500756376874051057	11.351984538087741327672119950876
10.228732565474583537934449850582	10.082718222271925156974248238839
10.504289818300946990348165854812	10.268505577321876742757922329474
10.698769340526306237393328046892	11.154287225681949635713863244746
9.146871127182061300686655158643	10.047330810921183186223970551509
8.813016978105629561923706205562	8.611933772343466131360401050188
12.898228185754568642096273833886	8.845739987902600631741734105162
9.762498903576231512602134898771	9.628717146453336539480005740188
9.802697065025672173987913993187	9.062924176219716798641456989571
10.477625157147233636578675941564	11.313736133568530917159478121903
12.207453847409063030227116541937	8.956333450255975492382276570424
11.483508347150250372692426026333	11.890079624760568677288574690465
10.423365980215571369171811966226	9.221460382485624052151251817122
9.868701418179661288831994170323	9.323531812377305882932887470815
10.714697032103993379337225633208	10.515785398831161145949408819433
11.181432427712683974618812499102	10.482797284015331840123508300167
11.133253635192426500566398317460	9.362735148631013970543790492229
10.779854104418047811009273573291	10.561651379258202965161217434797
9.119140101241006490795371064451	8.938885222387478179939535039011
11.412395651450482958466636773665	9.825691683690513045235093159135
8.177630818402949586243266821839	9.558049723379232531783600279596
10.221984555210024581128891441040	8.778877830479984822886763140559
11.184696028951417900998421828263	11.075668731723606441619267570786
9.354628600268162230690904834773	9.065755249452990938152652233839
10.915080595073149538620782550424	10.461404633814884945763878931757
8.931618790035225075030211883131	11.077729271953900891389821481425
8.025558424835670834340817236807	10.942903122841102003803825937212
11.740451730891493298258865252137	10.334127195399252840957160515245
10.423195922216738296128824003972	11.589291679515406841005642490927
11.105910788646305320526153082028	11.905823204425081129897989740130
10.032426095059912896090281719808	10.294983355694936832946950744372
10.309331129906750490476952109020	8.886657306443446202592895133421
9.787433329350026411930230096914	10.218739728739736349893973965663
10.379820647610994654996829922311	11.483023726573183154187063337304
11.241969938707073950467929535080	9.974084012703141155498087755404
9.954490259615836222906182229053	10.171289204322590649098856374621
9.021429418608327921447198605165	9.860720064719998845248483121395
8.525430781994018047953431960195	9.642434795105117473212885670364
9.873691531330766935070641920902	11.064168051831435590770524868276
8.126615759056758037104373215698	11.610302958485213764561194693670
9.220777945656909224680930492468	10.654467494721956200010026805103
9.798427071316217151775163074490	9.200193406991985511922393925488
9.886067978910626052879706548993	9.197558954845975520697720639873
10.618518817299527512432177900337	10.348283614045543643555902235676
10.793312170718339260133689094801	9.264573950094355581086347228847
10.293372261172731185752127203159	7.541880990599723944001198105980
9.999122941558965749209164641798	11.557903255278814569351197860669
11.745215636970584682785556651652	9.694594305701933478758292039856
10.868211373018020537983829854056	10.682825418873335365788079798222
11.837009355276853383998059143778	10.661205693144108153092020074837
8.908256954379503156360442517325	9.559543969438882626832310052123
11.945695450967889428284252062440	9.657977964480419785786580177955
9.156185335189059415483825432602	9.454233712172531056694424478337
9.859499313730157865620640222915	10.995324188274606669324384711217
8.845477306032174524830224981997	10.286894072593263160797505406663
10.185768206144478753572002460714	9.865159028884542991022499336395
10.301590266426625674966999213211	8.971574108685791415496169065591
10.529878830129423050721015897579	8.746009213658126668633485678583
9.737373530069623583926841092762	9.658215876621950357616697147023
10.157128898780916514965610986110	7.847461234360771697993186535314
8.884765490123292863700044108555	9.948166641733699577798688551411
10.476101592018300934228136611637	8.638316278567334194349314202555
9.823892556069685255693002545740	10.562711099464227260114057571627
10.920922138113876798115597921424	9.394064887878807112997492367867
11.268704573070081664809549693018	10.503421774672929700500390026718
9.619794211009686790703199221753	10.216288537181517526164498121943
9.313552752554345559588000469375	11.857225682695524682230825419538
9.533505600069302587940001103561	9.435155807013801521065943234134
13.344723240623155291473267425317	8.295675403313055085163796320558
9.088670541664269464376957330387	8.608155805426729756391068804078
9.854760893018287504219188122079	9.673783755545153795196711143944
9.075783398981625893497948709410	9.871247550689448146954418916721
10.746797223187742886807427566964	10.971214269271740704425610601902
