40
15.881637742486100606242871435825	1.213211842635216752839255605068
19.079989191365250178478163434193	21.384469366806531098745836061426
18.951126456975710965480175218545	20.878544726334457237726383027621
10.946837348212444140926891122945	23.528924206438876609581711818464
12.479361748808432963642189861275	3.221394595936670768310250423383
28.677611228137156018647146993317	3.888036202755265069441747982637
29.457500765885331617255360470153	16.300139537632297503932932158932
13.325186307493536830293123784941	17.430452381128795025233557680622
10.439518562659811706794243946206	16.954642263739373220232664607465
28.421462771491338372698010061868	7.628207255018639720844930707244
28.804484341423339799348468659446	4.909493887740497441996012639720
26.330721637974505711099482141435	3.843987495058770242906120984117
3.644724581732772250575180805754	20.459249919680317475467745680362
1.990647701690592130674417603586	22.782362967488690941308959736489
12.165173832056987990313245973084	5.183097669734701540278365428094
11.755982477596520041629446495790	18.246509283186927774522700929083
22.954407712281650333352445159107	14.949782570390624414358171634376
27.831367428099916594419482862577	27.146991006381664846003332058899
0.826342320037105615426753502106	12.754648948063277202891185879707
28.989722050043308598787916707806	5.778923192636057137860916554928
5.873918648033868983304728317307	16.958158528514744034509931225330
20.804740046610994852471776539460	22.486081667160362940194318071008
27.098173466189859226460612262599	24.155214071533972486349739483558
18.208747220664182719929158338346	25.473180708487003442996865487657
23.808898041804752665484556928277	29.291656216805083801091313944198
18.783174626060322509601974161342	12.901045874260677948086595279165
19.101642133866164385835872963071	3.268743419780162362542341725202
2.034839065026901039345830213279	4.342044096914857931324149831198
8.895916195470773502051997638773	14.806998554776763299400954565499
18.612846042168598614807706326246	1.767326441936444281211038287438
16.076902107967857347148310509510	3.648402218843086686206333979499
1.464164665305169865661127914791	25.478439923040376413609919836745
23.505662614507539132091551437043	3.453762847471111285813094582409
17.056354380593287345391217968427	24.226762303545847032637539086863
5.805596843003190343779351678677	9.431809236486120795461829402484
13.553949648663991212060864199884	29.411580124914454614781789132394
29.724744388095032832097786013037	6.912436655386216877161587035516
17.270348276390258490664564305916	16.770291783125017559541447553784
6.582014830885640321866958402097	12.543686958123815955445934378076
6.189774984921697864592715632170	26.852063219122534576399630168453
