40
5.254840660746538993919330096105	22.591192000098704539823302184232
18.367973192302518015139867202379	14.202424153336888679177718586288
17.791343950396349526954509201460	13.265093619518035339410744199995
0.469701528983326177524304512190	5.420201749912678224063711240888
2.809713283925341364977157354588	18.351419754278406770708897965960
25.569265487878812592725807917304	24.054292564101160678546875715256
21.961628344645593102768543758430	27.025247555152439815628895303234
20.889946513651768356112370383926	15.914701927342726150982343824580
19.340769067477673104349378263578	8.456785232775356320189530379139
25.077761700383408793868511565961	22.936052049476586489618057385087
10.985669778984952671407882007770	22.710681946208673309683945262805
15.445950454036832866222539450973	14.004769063077628032942811842076
20.834068064931599906230985652655	27.494431868521889583689699065872
26.285575201061625705278856912628	26.407585015472168521455387235619
4.149657991384571253945523494622	20.095580426906188620250759413466
15.256511392391910675314647960477	14.816561202433360833197184547316
24.734980251036450482615691726096	23.839850946363299044605810195208
14.888973853503363997674568963703	1.337274678490262269647814719065
13.299068547535995321595692075789	17.674983417534708252105701831169
8.195773999645595608853909652680	14.530821987339249901083348959219
4.541044589703362888144511089195	3.405863967577108297746235621162
20.620598521658891399965796153992	13.198314890996815762491678469814
27.461862990379209747970890020952	22.141015775284564881530968705192
26.519200525417431890673469752073	28.725359592254715579429102945141
9.764841672516755721744630136527	1.421969482972175180535145955218
26.505289291179039423695940058678	15.320744427660732966955947631504
22.469981899017195559054016484879	21.895886942473069325387768913060
24.868235260031870126340436399914	12.070798460888719105810196197126
27.874381011158504861668916419148	20.544699726657846383659489220008
14.655782752966588944332215760369	0.823939631295733665439229298499
24.133469117015859950470257899724	27.974528580176635017551234341227
10.584624013614821080864203395322	0.369152493491540223402580522816
20.191037704819777331977093126625	8.863479983114693538936990080401
1.148074267650626145709225056635	24.375961625147603228924708673730
2.864978381065148571593681481318	24.873337003756027741019352106377
19.091273857104788191918487427756	21.357154519141239745749771827832
12.741360651035440909595308767166	12.606354155168421726784799830057
16.899588697508583834405726520345	9.244429153545327793040087271947
5.688346279838629726555154775269	16.206415896638500129256499349140
0.899392941489997044257620473218	9.820875624168852624507053405978
