38
0.016523794637379296545987017453
0.688249281039841065421569510363
4.879517865409174426361005316721
8.441210170060044148954148113262
11.032295537223138381932585616596
24.041100917809202996977546717972
35.928261418125927662003959994763
51.001854557774365162003959994763
66.038258213780224537003959994763
83.822779453160251250665169209242
93.230790924925102558518119622022
108.464404502042640388026484288275
130.376858930190735463838791474700
150.277411065113028598716482520103
166.713705266628466006295639090240
181.727055768569641713838791474700
204.875427453538890176787390373647
220.701757908066184654671815223992
236.242610446279456937190843746066
252.546241183548801245706272311509
262.828613896153285622858675196767
293.590339083939454667415702715516
303.872715350405769640929065644741
320.496521610997035622858675196767
337.604920048497035622858675196767
381.253307397457774641225114464760
398.361705834957774641225114464760
428.124126489254649641225114464760
445.232494409176524641225114464760
462.397899682614024641225114464760
495.743816430660899641225114464760
541.498834244433055573608726263046
567.138988549801524641225114464760
591.512279565426524641225114464760
643.023135466741109667054843157530
670.613214127245555573608726263046
703.788079755138141990755684673786
756.995996014903766990755684673786
