38
0.001588557732073780925929895602
0.163772113961002219184592831880
0.554351219945129258803717675619
2.097313910952027349310355930356
5.302319342885784436703033861704
12.292372179610316251796575670596
17.134923414045175604769610799849
19.871576615029969303805046365596
27.455092851281634125371056143194
30.889463365714711073906073579565
37.579022318487375287077156826854
44.950053197682798611367616103962
58.924271352449373750914674019441
70.218966835869110809653648175299
81.059037549817304579846677370369
96.915213567555838380940258502960
108.828932269139841082505881786346
122.411789587677077406624448485672
130.086277947210419370094314217567
151.485540984679033726933994330466
168.672699697175943356342031620443
193.027497060457193356342031620443
211.141453728460419370094314217567
232.540732024718096226933994330466
241.515004143499481870094314217567
262.914297698546192805224563926458
280.101441152254039934632601216435
309.255310781160289934632601216435
331.035523183504039934632601216435
351.043335683504039934632601216435
375.087071404241669370094314217567
396.486319182921192805224563926458
413.673462636629039934632601216435
447.996247060457164934632601216435
472.994843251863414934632601216435
512.991331598602641861361917108297
541.591916619095741225464735180140
686.226254998001991225464735180140
