38
0.003150845481788344670803780900
0.119195550211983913868607487530
2.069628694599440876800144906156
4.931349364635366328002419322729
10.261941201576703974751580972224
13.458213437228977227277937345207
19.902162747911361861952173057944
30.546882740634544006752548739314
42.825451432078416758031380595639
52.631867189497157255573256406933
62.807613865498353789007524028420
80.672725411619225610593275632709
91.220957304942530186053772922605
103.465672367436951617492013610899
117.997425907476014117492013610899
129.237445128247600223403424024582
134.353045714185100223403424024582
160.870598619773801374321919865906
188.006263788255409963312558829784
195.915428216966347463312558829784
203.950523431810097463312558829784
242.229007017896037723403424024582
262.633273804991972610878292471170
285.750160997703460452612489461899
303.321266229661659963312558829784
311.826484735521034963312558829784
332.243110712083534963312558829784
370.509235108702910110878292471170
390.925861085265410110878292471170
436.700198376849925807619001716375
460.134160479589127135113812983036
497.870539226718335612531518563628
548.869707252280363718455191701651
586.135416746135888388380408287048
608.423075437542138388380408287048
628.839701414104638388380408287048
667.126566648479638388380408287048
721.989298582073388388380408287048
