38
0.006917409864538370811715140007
0.578348491963808442051231395453
1.441128695472670528943126555532
2.348467923871774942767842730973
5.350862123243112833392842730973
8.011850846661713987373332201969
11.014244569195893674873332201969
21.234102431582719816560711478814
26.474569028976837614663963904604
39.519183672889532488170516444370
57.248965777381719988170516444370
72.423148817184852532591321505606
85.467766197640571590454783290625
102.386855787399696282591321505606
111.321965412460556876794726122171
123.358120127139159194484818726778
134.855256576670171853038482367992
148.508759994638921853038482367992
167.866470045212196282591321505606
180.911083937278419853100785985589
194.564587355247169853100785985589
217.142485784021857853076653555036
230.795989201990607853076653555036
259.155547307459357853076653555036
277.308837102381232853076653555036
299.872402907004982353100785985589
315.151244328943732853076653555036
336.103789494959357853076653555036
356.838927434412482853076653555036
394.635618792399725407449295744300
412.158782170740607853076653555036
454.669636631228854639630299061537
476.492602822190349343145499005914
501.433164466571554385154740884900
522.168332923602861228573601692915
545.389951575946611228573601692915
577.488157142352861228573601692915
600.709836829852861228573601692915
