75
8.243720489801836137644386326429	7.595205870992449703749116451945
11.177085160420990206375790876336	11.433483685120197748119608149864
10.139202975794679773002826550510	13.114617854051582312990831269417
8.875371227094497328380384715274	10.745270491480772179215819051024
7.866665758035313871232574456371	11.468253688091232689316711912397
8.511793934006638195910454669502	8.800850063687981617022160207853
10.910380052800203287688418640755	9.701320206380696475889635621570
9.835689551827607957079635525588	10.349992708400755248021596344188
8.852647215720958584483923914377	11.364161580140688556639361195266
10.318129942262576292932862997986	13.418945869516488045292135211639
7.581241044319863675582382711582	10.283489865210546199136842915323
10.174951375452527813081360363867	10.089104037153063586629286874086
10.290999599003123776697066205088	11.245329924211942440592792991083
8.484160501141875698749572620727	8.269279660418680677480551821645
8.286906855657763415479166724253	10.176909267666113478867373487446
7.701832593902032897403842071071	12.568874191617229740813854732551
13.446949546609015868625647271983	12.816139068354344132671940315049
9.208446459076132128984681912698	5.932720828965383219610885134898
18.571711282443455814927801839076	10.221175574314692369171098107472
7.916354393705432812566868960857	12.444671892542315205787417653482
7.622759430905524880017765099183	10.296034432039922634771755838301
4.409777871993564524188968789531	8.980529621150655117389760562219
7.684883295210911846595536189852	11.975473497342452589009553776123
10.524710323855837046380656829569	12.594234157488969572114001493901
8.195780844389689789863950863946	8.533290119537936035953862301540
10.791766453442701134690651088022	10.075357987167860684962761297356
7.020596431347620125507091870531	11.585663886911500952692222199403
10.693577747180885495481561520137	9.523006197539531925144729029853
11.067931220522737589817552361637	12.121394053006040891773409384768
11.392226191691893433244331390597	11.055185663030311360444102319889
7.839887941240278657062390266219	8.634212404613201385927823139355
11.458277958920158212663409358356	10.908176318839228002843810827471
8.154089135023642853639103122987	9.552094165015127202877920353785
8.342967772068869081181219371501	8.417464345506841638666628568899
9.854970564904007801487750839442	9.735888215002583834234428650234
12.453338649294826367963651136961	9.706504751782011553018492122646
8.980326404182957134025855339132	10.287435054098882147854965296574
10.123197005314958474286868295167	12.290948485333238693328894441947
6.656328222548667739033589896280	10.576723297609619933723479334731
7.910513560146808842432619712781	13.704607974590452101892878999934
10.143103810658544716716278344393	12.507487707354082218103030754719
5.541119533958640985815691237804	8.054609180080403163515256892424
8.291660057597587396571725548711	7.497819303496489062865748564946
9.463878193139441563630498421844	9.803502750434764934084341803100
4.586990256185381475972917542094	10.863099231194095040109459660016
10.990541886122981551920929632615	14.634758866873319504975370364264
13.580581336485430199445545440540	12.073784245387756186573824379593
9.013140041098013810483280394692	8.682551013069646828057557286229
10.431399178534022098574496340007	8.436606327475498545709342579357
10.321508896824074241749258362688	7.169611889895193712618493009359
9.110431323988223084597848355770	13.354715687181034411423752317205
10.773505154899119418132613645867	12.225734040612103115108766360208
13.772274208379807092228475084994	11.918390613502021224689997325186
14.844899138281114403525862144306	11.677745423385648138037140597589
8.368015134897003548530847183429	13.032782347875075501519859244581
11.287149072745879863077789195813	10.818448159795044816178233304527
13.436645234151537664502029656433	9.839927685329813655812358774710
7.902455993704041503633561660536	9.571645619120220160880307957996
12.035689860742598611409448494669	11.518561333503377852593985153362
11.145644051416494946238344709855	11.211153066966035751761410210747
8.295303554102979148865415481851	8.238291512176864728189684683457
9.078592717927888244844325527083	11.436368155198449514386993541848
11.158099097744173633373065968044	9.227872191126062162425114365760
8.752828174027069252360888640396	9.319672627828195388133281085175
7.335508157381831040311226388440	9.252943992450504140379052842036
8.076116301110307205135541153140	11.834035981273281379344552988186
9.968947778457387443040715879761	8.412637386166974096113335690461
10.580993845734809610803495161235	9.413167991237321174935459566768
13.199744428478616953270829981193	10.449032329109591898941289400682
8.637921550829707584284733457025	8.565010177324641205132138566114
9.954007132956826708891640009824	8.713330347638336803584024892189
11.799347483148917348216855316423	9.720150048963777322796886437573
8.186391745193876801067744963802	12.437318842984485200986455311067
9.065656247806613166062561504077	9.961191312619403603889622900169
8.863183168025232205877728119958	8.264383116096006176576338475570
