75
7.646449396639557249955032602884	13.294483516501262698739083134569
11.832590198906704159753644489683	14.838605231819537166870759392623
9.096057470608830186620252788998	10.309296637231950555246839940082
12.153649677544542839768837438896	9.503433119300394693595990247559
7.936016089181975985411554574966	11.963458164483149914758541854098
7.468704301113734622674655838637	10.620552159993762231238179083448
8.718435499400989385776483686641	10.549052298345010569846635917202
12.846410178050819084205613762606	10.192441152371896961881247989368
8.984191883736004413663067680318	9.594764959783583790908778610174
10.946853455323351411720977921505	10.679644261153111273188187624328
10.232554700481632181663371738978	9.206835002507721910092186590191
9.895031027551524971386243123561	7.242962381315409814419581380207
8.998093882677169474959555373061	12.683920245513929714320511266124
10.891660503923549896398981218226	13.247026301719046159632853232324
11.140904503854425655617887969129	8.823069451819751662924318225123
10.331185116291356607121088018175	8.813145356279964204304633312859
11.792299127650800016908760881051	10.279189637760543618583142233547
13.762316539729061659613762458321	9.059035201211239396457131078932
11.211375420664166924211713194381	6.325696906622493287386532756500
9.223316593722822531731253548060	9.547691214456618169492685410660
10.215164530249046137555524182972	11.769054600059568826964095933363
9.535266171725453432372887618840	12.036518918281972290174053341616
7.512809832480968452728120610118	10.370198140294258237759095209185
11.311306162199290525904871174134	11.452160006723195451172614411917
9.844491790356041605036807595752	11.331454437683312619356001960114
6.911080256089508822014977340586	9.181284145800045592977767228149
9.779178183408012259292263479438	7.519332957321557486807250825223
8.592450009138143940390364150517	9.904942653268321350878977682441
9.977848178428239123149978695437	9.231309762620876213645715324674
11.999071058237877451801978168078	10.591234888793016111208089569118
9.742201423431142259801163163502	11.764192627338605490194822777994
8.422982190241558697607615613379	7.380694346146091433524816238787
10.272091020050357457193968002684	11.321129376565414403899012540933
10.954657160700740803349617635831	10.200055765517909378559124888852
9.598110021941023362046507827472	11.936138378690097638923361955676
11.932325904438597419243706099223	10.695174600859537861197168240324
7.895732236365560652302519883960	9.520137789318843246633150556590
8.654773244340654869688478356693	11.280776167717109004229314450640
9.527014053362828249760241305921	7.181791411247171907916708732955
8.871173031803644803972019872162	11.516143186842011658654882921837
9.689603416410353275978195597418	10.088664989535374161278014071286
8.691449586338558574993840011302	10.270872300762459161660444806330
10.342622210039092323086151736788	10.673305086804706576231183134951
7.727358181935585434985114261508	8.360407000754964457200912875123
11.819221042169091973050853994209	9.220520630816620766267988074105
7.676272535297176347057757084258	10.464609472133169276730768615380
9.674653557208207743656203092542	9.343209067851034888008143752813
14.012789659428545263608612003736	6.671821559453700700714762206189
9.549629085479322654350653465372	8.823042238288010707947250921279
8.508145689169010594810060865711	9.339159576364213677379666478373
11.029068476594906300647380703595	10.183386099054454021484161785338
13.766469344450625200693139049690	13.733232971081527296064450638369
12.555743652594564707669633207843	8.730765210177059643115171638783
8.606206730822183459395091631450	7.485677079070768513702205382288
9.814317143797556042272844933905	8.218565441817512251532207301352
10.991192102973430522183662105817	14.000654647819160913968516979367
10.659808406924451418262833612971	11.086380459154867139659472741187
11.967686353990043102157869725488	8.685676163884471279175158997532
12.305762220734781209330321871676	7.905816975896865272943614399992
12.634275697565017892998184834141	10.448615607014216877246326475870
10.623807721117078273209699545987	9.332426315091085555764038872439
14.006583970513993619988468708470	7.828613807667041513127514917869
6.092256975191331136443295690697	9.731778750441089087530599499587
12.048339956005932549487624783069	12.441729458487341020145322545432
6.706741858309513304448046255857	10.477152100573643878078655689023
9.730184610250454113611340289935	8.105469336962840998239698819816
10.722287607569054301848154864274	13.695708692400595296589926874731
5.257345327146705216136979288422	8.005935479217054506761996890418
9.970819865130065906555500987452	11.254680394000580179181270068511
9.585059648299735002296984021086	10.728446345827212127232996863313
11.774911391845311214865432702936	11.371346311822966512750099354889
12.155365552919356275651807663962	10.978388040253289403835879056714
8.784389794299420017864576948341	9.391289231533924919403943931684
12.874482144580742470907352981158	8.170875968107429443421096948441
9.650979257405721156715117103886	11.622102820476149176442959287670
