3540
300
30
60
230.394963176853082131856353953481
93.621099431209927388408686965704
299.307467915736424401984550058842
53.423081526537174568147747777402
293.835473165297003106388729065657
15.326286201718364310409015160985
89.878212895696719897387083619833
68.672955584390962258112267591059
122.502850097961115238831553142518
22.372350396787620496752424514852
inf
285.480431235909293263830477371812
291.137049945931266847765073180199
288.543521631600583532417658716440
296.993505069389527761813951656222
256.996954324092428123549325391650
290.675720923918959215370705351233
91.394788624090963935486797709018
1.018942947962146128304539161036
75.324071866669896735402289777994
171.004439511618045344221172854304
2.478033065217399855129087882233
191.253699932171173259121133014560
56.425324471508702117716893553734
284.143575765346497519203694537282
125.794065227982187593624985311180
97.498682644318250822834670543671
22.418824068189547205065537127666
26.560625435167676045011830865405
281.482394240472217461501713842154
183.840479600296816897753160446882
296.714686719380154045211384072900
88.337146930361285512844915501773
56.414709892168488636343681719154
208.525185434444153997901594266295
65.768417586079578995850170031190
95.602953685550076556864951271564
195.732650860999115138838533312082
190.357784040595987562483060173690
89.681421489675301472743740305305
189.836404732806158790481276810169
70.825938376862637824160628952086
255.762746687790126998152118176222
291.887930813949026287446031346917
56.035873871294356263206282164901
108.645523798022267669693974312395
inf
146.292820544471908306149998679757
60.103360021925254841335117816925
175.518124479273325277972617186606
273.129448793719120658352039754391
12.127461060375456014526207582094
207.395952230242158975670463405550
296.569894850996092827699612826109
113.920171517691159124296973459423
170.360073721745834518515039235353
28.629605347921195601657018414699
117.488175188412199645426881033927
6.714635109053078032559369603405
21.322887594910834963002344011329
71.602488795191987946964218281209
62.383992917917169052088866010308
295.239639273602108460181625559926
148.274440134607800700905499979854
25.548390992178063640949403634295
289.206385512484075661632232367992
2.379779749615021700037686969154
294.721744680884739864268340170383
205.702266755055347857705783098936
inf
88.604602700579761176413740031421
63.183787259369225353111687581986
232.108281816115891160734463483095
273.951230126009818377497140318155
299.245644046647839786601252853870
18.140707674268746529833151726052
227.597542064147944529395317658782
92.208937174014621973583416547626
152.546269823789344854958471842110
198.468203726405931774934288114309
19.052614766136521495809574844316
296.101224132166748859162908047438
46.847043569805904894565173890442
294.707747951071723946370184421539
225.950788518726483289356110617518
225.287484457023623463101102970541
146.481681205821587354876101016998
197.881881415249665678857127204537
289.824927471884564056381350383162
127.117548521103515213326318189502
297.070911580793790562893263995647
48.057008289887676255602855235338
291.773731519323234806506661698222
179.739237111785882916592527180910
180.031800561410790351146715693176
120.816672490229990444277063943446
11.073397275164188258145259169396
22.813868550248344035935588181019
286.235429504378430465294513851404
288.924377475509913892892654985189
294.140759647555057654244592413306
289.472960333262733456649584695697
48.806571598419964175263885408640
13.119716241018231528414617059752
220.467072454223000477213645353913
19.705625332507135993864721967839
29.922006309728338635522959521040
207.620643860951133774506160989404
297.360426888996812522236723452806
77.824654446684235153952613472939
inf
298.498540856572390111978165805340
293.480482747395967635384295135736
inf
293.862807057921429532143520191312
282.688124042659921997255878522992
292.497217252662551345565589144826
225.992251515827319963136687874794
24.274219943847867853037314489484
289.599343956341897410311503335834
61.910188352222988328321662265807
14.239517965288969847392763767857
297.428929890517565581831149756908
2.326528729088728653096040943637
271.620383801103912446706090122461
59.673184794487937665508070494980
53.065414852869238870880508329719
150.766014862875579183310037478805
141.654635357915026361297350376844
294.635541583394513054372509941459
296.645028126322529260505689308047
292.469456566914459472172893583775
0.561000014660264945121070923051
112.874953929716156153517658822238
54.245052254149449311171338194981
179.903280962962526245974004268646
81.183260837762631467739993240684
57.289599436138921362271503312513
295.766984306855533759517129510641
92.356042500960057850534212775528
291.045786864188983145140809938312
185.268743538375701973563991487026
152.369275397686408268782543018460
24.235440077694331506563685252331
260.204842052760170645342441275716
293.164777607469261511141667142510
172.792986515439537242855294607580
258.385311723802658434578916057944
11.318709377277954786222835537046
299.224881970283263399323914200068
130.086262533726710444170748814940
158.861066839840617603840655647218
139.757524232179548562271520495415
33.302656630037290597101673483849
inf
296.756745722883351845666766166687
290.969574127729117662966018542647
286.930129373268300696508958935738
293.681666456944469700829358771443
11.824772128897004463965458853636
21.895144146019411834913626080379
91.842621266466949236928485333920
inf
22.388896537668252051389572443441
227.955282822104834394849603995681
293.198903078317016479559242725372
19.788977594286134120693532167934
inf
296.769588850649142841575667262077
256.525117509149310990324011072516
20.424589559176027364628680516034
245.294651002180557952669914811850
239.029064518992470311786746606231
170.931706400118798683251952752471
201.227340108003204477427061647177
174.942365818886514716723468154669
282.748198391351479585864581167698
132.692372968800839316827477887273
inf
118.420879515242560842125385534018
inf
295.463972342809881865832721814513
34.320329245072997537135961465538
7.062334047377242463028323982144
inf
37.600443390868257154124876251444
190.984418548597886911011300981045
239.307631320015104847698239609599
178.230475078057111204543616622686
298.978546896901661966694518923759
168.849053101043750757526140660048
112.994128299765506540097703691572
292.283331869294556781824212521315
28.188028863145756730546054313891
inf
19.221698643399552253185902372934
297.320626593623785538511583581567
263.794445985794368425558786839247
290.263565622719568182219518348575
296.481291414887095925223547965288
65.008233317492397418391192331910
288.509055015658759657526388764381
4.111480388449952450002911064075
297.352750916262266400735825300217
199.138368243127359846766921691597
294.951898738886995943175861611962
231.372000244752058506492176093161
220.567652808952914256224175915122
76.174756843389360483342898078263
38.641738606511594866788072977215
205.229283946329502441585646010935
298.556905721405939857504563406110
284.060983990176566749141784384847
240.175530290417299283944885246456
244.285183822577721457491861656308
199.813265272180444753757910802960
87.961843909365683202850050292909
299.110495353086776049167383462191
238.512972552482864330158918164670
142.429692737327343365905107930303
163.663690560038077137505752034485
251.144903174859678074426483362913
286.740842611597258837718982249498
137.202135004461382550289272330701
290.807522696692274166707647964358
278.303787961569014441920444369316
77.537709286851367096460307948291
290.285492868452763559616869315505
252.955694155498065356368897482753
296.823058783691919870761921629310
151.006780777937592574744485318661
inf
1.929341204081220784161132542067
153.171507138117362956108991056681
5.013351639650650781732110772282
196.245265164561885740113211795688
39.493629182118695553072029724717
77.090165869816971166983421426266
107.827327194202126747768488712609
138.476672596173784768325276672840
180.924063235511994207627139985561
145.091188022474796071037417277694
253.983814039672694207183667458594
12.116184256850761613577560638078
34.041609587967201377978199161589
inf
39.958651239999618098863720661029
70.475275770344637749076355248690
20.819599960947169137170931207947
209.744396807421480843913741409779
71.861828075206318544587702490389
202.672294631376104234732338227332
44.574839231313788445731915999204
29.358335036031412812462804140523
57.099478600474157019561971537769
134.329143135586406287984573282301
230.861608908536538820044370368123
161.867506575331447038479382172227
94.110596773086442112798977177590
0.072341034158193789904700565785
171.546722117233855442464118823409
20.692537426067900696580181829631
40.831692577390604981246724491939
43.608143287073737326409172965214
22.645788988927961327135562896729
14.188951861092670370112500677351
122.986045171195797820473671890795
108.409169530066236575294169597328
159.251969520218921161358593963087
255.941560879891824242804432287812
inf
2.508070308309078288999671713100
40.276677518199576866209099534899
53.825544336157804536924231797457
0.909680924934221590838490101305
59.846956747912742002881714142859
208.711993788909694558242335915565
2.991628365631318064998822592315
56.557111160313539244270941708237
265.033154996939742886752355843782
98.214058156533766918983019422740
19.105778646741761406246951082721
72.954794035094636228677700273693
81.072623856410729104027268476784
53.290013798083236906677484512329
171.765991772693553230055840685964
192.484960854204615543494583107531
185.809222152010676154532120563090
211.416677732268169620510889217257
294.043670519968600274296477437019
297.549284564765741833980428054929
291.038118738195066725893411785364
56.764762473816276155957893934101
74.979276808819108168790990021080
7.835852359249746434954886353808
inf
inf
295.356553709329034518304979428649
208.429360709102979853923898190260
99.504056389907674429196049459279
25.533115638362666288685431936756
293.969688759520124676782870665193
139.620498269556776449462631717324
286.043809129774103894305881112814
129.708674908656263369266525842249
133.196068559420950805360917001963
47.721537800615109858881623949856
128.941493255151556240889476612210
297.862950767106610783230280503631
inf
92.375945373851152453426038846374
59.710396494135920875123701989651
67.716002340396599379346298519522
223.813911930162049657155876047909
31.780278865677118460553174372762
69.030664001693907039225450716913
39.462027368494062784520792774856
32.132024587585227948238753015175
156.083628089846371267412905581295
298.054130114644863169814925640821
20.324795779774113668736390536651
122.315319348668680277114617638290
2.035897323185308138704385783058
0.141191913299074905951968617046
223.638952380354879778678878210485
202.516295717263858477963367477059
288.517740764373343154147733002901
287.529497285370439385587815195322
185.576896751578345856614760123193
10.460843385338577604670717846602
8.112638275978222068829381896649
295.651165529035552026471123099327
297.840815077551951617351733148098
14.792477800235371176995613495819
64.222113717748442240917938761413
227.374302760511284304811852052808
157.849561352156740667851408943534
41.448794637700594023499434115365
214.547604405632171165052568539977
33.515606484081878591041459003463
71.958978906345038240033318288624
55.420682569721719801236758939922
79.455978967025828296755207702518
24.311461448701152221474330872297
162.824850690387933127567521296442
174.057802839542603123845765367150
219.758676297779629749129526317120
247.167174237162868166706175543368
140.836034529900359757448313757777
218.780151835473418486799346283078
55.911581053438986543824285035953
inf
9.766828302315753163043154927436
61.090634018393600968011014629155
33.820332879554172222924535162747
77.029851853992397536785574629903
104.862076809292005918905488215387
121.982836102538115596871648449451
117.652543228424875110249558929354
30.124736377062259151671241852455
4.683274551935783236444876820315
42.700721319604880932274681981653
147.607890629981397978554014116526
143.763315100043911343163927085698
258.806689251642922044993611052632
55.488688014252019797822867985815
12.733894069671912063768104417250
119.714181427717477390615385957062
8.665797609963517444953140511643
26.381589723139072134472371544689
74.218202802454626976214058231562
89.194807789272857689866214059293
53.614082697041339997667819261551
103.654378873650699688369059003890
60.222422776002495936609193449840
162.343649415644563305249903351068
219.169633576076194003690034151077
12.355058048797777914273865462746
37.692891398107988720767025370151
6.757420729300108064308005850762
91.391832776320740094888606108725
13.688147457766051573457843915094
60.906106203428251433251716662198
185.013800417664668884754064492881
9.742265704040594442858491674997
120.336560916787519204262935090810
228.129046092527659084225888364017
53.628493799598700775277393404394
87.368618761292054841760545969009
13.989206313113395907521407934837
41.170404852940137629957462195307
7.778425033381747510929926647805
225.433780067394224033705540932715
0.669746409843336998335416865302
273.886538036204115087457466870546
78.552572468242132686100376304239
44.949554495396213837921095546335
72.565913688968095129894209094346
67.321863766788297311904898378998
144.793093015832539549592183902860
158.453639627498489517165580764413
259.793545943126389374810969457030
3.112449831679391820671298773959
60.298426043218171344051370397210
9.356686269691813606641517253593
50.528900954602434580920089501888
122.313437122046167360167601145804
5.263152115274951192702701519011
298.109755467458683142467634752393
18.358478333003901639131072442979
263.611713145630687904485967010260
88.644785075363188298069871962070
72.371347880576280431341729126871
86.532798761614145632847794331610
116.474074455625967061678238678724
284.500608728896509092010091990232
107.934214258111978779197670519352
153.489857708975165451192879118025
0.553671295537755625559839245398
241.811654653499573441877146251500
32.119216906423297075434675207362
64.385074563893184063090302515775
32.505115938241608830594486789778
7.300505875811470701819416717626
11.946303948075033929399069165811
171.957003320815800861964817158878
172.779014863673836543966899625957
176.133403963804482827981701120734
278.558928317755601256067166104913
0.642157278944062825942751260300
inf
90.627915241476429741851461585611
30.610534090212162539046403253451
inf
90.198738083380732177829486317933
244.243212118482347250392194837332
22.875049536046923037702072178945
30.517435942240830115679273148999
291.366235179018758572055958211422
126.906759645561351135256700217724
1.924437005025864788620992840151
159.505332576768665830968529917300
114.723314746267448072103434242308
107.688813093690299638183205388486
275.691617051703701690712478011847
41.612046738131596157472813501954
120.237845151458230930074932985008
292.523580546446396510873455554247
296.719922519676288175105582922697
284.163757850860349662980297580361
293.683159649218850972829386591911
124.690559861235669814050197601318
178.369423602991020061381277628243
290.832336086044165313069242984056
26.917043114650855528680040151812
120.126638514765033960429718717933
134.690025431886340356868458911777
157.742928807951614089688519015908
271.403700488864387807552702724934
inf
299.692821230871857096644816920161
6.602649127187310007514042808907
51.211770101726706627687235595658
25.121647910601417663656320655718
195.429504374596547222608933225274
251.721242091544525010249344632030
20.765386936503162473854899872094
292.334922938639863332355162128806
10.885826165344639093746081925929
175.880770165332393162316293455660
50.156587271367506275510095292702
58.695492152046355727179616224021
61.253568181284357763161096954718
202.572063631185471876960946246982
291.922543677414978446904569864273
290.341437602326891465054359287024
65.950990985193612914372351951897
inf
112.374210798063074889796553179622
177.221429057202101375878555700183
174.570247815372141531042871065438
259.743895305979094700887799263000
60.380193102609105437750258715823
284.584683484541926645761122927070
213.235926607570263513480313122272
110.993964926073402921247179619968
120.769136366820390549037256278098
151.961946172342379668407374992967
296.082106661873353914415929466486
118.848651459642439931485569104552
23.474659397669270788355788681656
295.548040110644535616302164271474
5.753353544505949379583853442455
44.231719853377342133171623572707
12.088682626938183517495417618193
296.867541581693672014807816594839
111.700241729532791623569210059941
16.790887238297468542214119224809
73.714977688434501601477677468210
61.697236619347712860417232150212
164.897350776819507700565736740828
180.515559055334307458906550891697
287.774915107231663569109514355659
inf
83.911946624885345613620302174240
29.158788805909765073920425493270
73.094732180861967663076939061284
140.270475339475893861163058318198
7.979217490972329684950636874419
293.235837126931642160343471914530
15.704051192221625043998756154906
280.915778568942300807975698262453
102.356856838453893487894674763083
92.231280033246804350710590369999
73.668017539154334372142329812050
138.595424802011677911650622263551
294.739171936288812503335066139698
88.701776040348789820200181566179
197.039355379114738298085285350680
3.564533105733038720330796422786
295.427458778474033351812977343798
53.746491192951879156680661253631
95.358134535078633575722051318735
50.023617252122747345310926903039
5.584249586386743402499632793479
0.490898483717265077252989158296
212.065343604029720836479100398719
218.577794547326959673227975144982
234.475322774400126490945694968104
289.129995025300161159975687041879
3.653019089139346142758313362719
inf
119.705428985256020268934662453830
29.874014343508783042580034816638
1.889680138977763768082240858348
107.444155277606995468886452727020
280.068456557245383464760379865766
31.986106666510330853725463384762
15.802256188964172167743527097628
293.899745475582960807514609768987
176.658792968320767613477073609829
inf
195.179161164461390853830380365252
142.642583162957549802740686573088
153.312714454442811984336003661156
41.268827202049841673670016461983
inf
296.173538522336230016662739217281
inf
289.383347009428007368114776909351
299.131112810552508562977891415358
298.530940411199480877257883548737
276.927772700645846271072514355183
29.086985505840701193847053218633
201.008648350343406718820915557444
286.321883995950770440686028450727
55.045055319951224248598009580746
298.739686083897311164037091657519
inf
291.702439465403074336791178211570
82.696649900472067429291200824082
160.626910023046093556331470608711
49.931287076005219205399043858051
92.172060588651234525059408042580
298.373885073952692437160294502974
148.172786061718483097138232551515
inf
120.596561277309604065521853044629
205.776442996423952536133583635092
233.384769595225435523389023728669
129.558017224309395487580331973732
188.882439938642988863648497499526
287.577492306268254651513416320086
296.071845884255992586986394599080
268.048034218876409795484505593777
207.526270877163085515348939225078
88.223304004954641754920885432512
298.090645683368279605929274111986
299.743150301229547949333209544420
205.035515530923333926693885587156
293.794728373300756629760144278407
24.862217839469550995090685319155
288.119602783961909153731539845467
231.402981661301510030170902609825
256.482396027321499332174425944686
286.266971624751988656498724594712
105.744305652110369919682852923870
299.718573540015995604335330426693
297.286617135840458558959653601050
125.453867986815353674501238856465
294.191882519019543451577192172408
46.253336536388900412930524908006
158.827562569570460482282214798033
inf
265.827963101817999813647475093603
292.085250198949495370470685884356
298.905553443092230736510828137398
299.126441766768664365372387692332
284.031858168785674934042617678642
291.161416335376713959703920409083
61.855597076056497485296858940274
18.088544438258935542762628756464
74.967218116184369591792346909642
217.602081976239162486308487132192
inf
166.932082101855030487058684229851
80.335143645576721382894902490079
273.099034987385607564647216349840
203.641392179722402033803518861532
112.848850012658175501201185397804
53.238452758589247082454676274210
3.288059800209280236771292038611
295.043764451027243467251537367702
245.249171414092757004254963248968
291.822813867630600270786089822650
136.578604300647157288040034472942
53.617288779463379455592075828463
265.408224722647446469636633992195
93.529649118616731584552326239645
135.158701072659226838368340395391
226.415894561455672828742535784841
170.001049975983818285385495983064
50.872743200053243128877511480823
236.804282451099084028101060539484
127.905465362746767254975566174835
287.878329626286586062633432447910
291.550898075979432633175747469068
42.106421526875870142703206511214
113.900894701893918181667686440051
1.778478164742965939026930755062
84.651235495186085699970135465264
57.305938909220145660583511926234
221.041027741052488408968201838434
296.314379039773541535396361723542
inf
155.234850362271799895097501575947
292.872440833297162043891148641706
137.964302041165751688822638243437
131.864010054188128151508863084018
37.773442912463266907252545934170
139.672111497233430554842925630510
24.470123766260432063290863879956
69.150271501525963913081795908511
33.714122940010263107524224324152
197.663996546820072808259283192456
293.754346523079561848135199397802
291.879358177064204937778413295746
40.550194938654939846855995710939
280.736950462048127974412636831403
101.210051506837459101006970740855
167.038812646528725736061460338533
296.699705522363728960044682025909
29.505186995650156234205496730283
inf
23.055624970381494165394542505965
292.835939610274692768143722787499
256.918170236940170525485882535577
295.863634908510960030980641022325
203.104786254783874710483360104263
164.722358356076085783570306375623
295.444146087319836624374147504568
72.034213791286845207650912925601
297.532039080550816834147553890944
71.021963461078641444146342109889
292.791211709870822232915088534355
223.958592054296076412356342189014
227.299654909737199659502948634326
107.299475493389167013447149656713
15.572736458238916057439382711891
55.811166265258478347277559805661
287.751249440347294239472830668092
294.719878499539674976404057815671
296.330171184620041913149179890752
292.358288311746321141981752589345
71.995772388038730582593416329473
31.675526469713574329034599941224
282.683010123204212504788301885128
53.955661603579166296640323707834
67.264675556042732296191388741136
224.082370254689664079705835320055
298.592322492178141146723646670580
127.033197928424144151904329191893
1.599173581603884786161984266073
293.501459690828198745293775573373
298.010962885975914105074480175972
12.163293611378735548100848973263
287.837463335604638814402278512716
286.810572167459724823856959119439
293.941610247153050750057445839047
2.950853658927289568936203068006
8.329998157375342771047144196928
61.504121960879800212751433718950
116.199452649604751286460668779910
129.584073482653792552810045890510
246.868536844045735278996289707720
74.794906109850700204333406873047
29.585605525820422911920104525052
294.546705877911620063969166949391
25.063675601579554097497748443857
289.201749817282859567058039829135
5.886987522973095465772530587856
299.427172643708502164372475817800
107.884920664644269550080935005099
182.564006921656499571327003650367
291.500872665125484672898892313242
inf
299.036664870360823442752007395029
inf
193.426742094130929672246566042304
119.926199000267644123596255667508
180.150306384916490287650958634913
103.962107654620325547512038610876
74.265803869384953372900781687349
13.206246856669487499402748653665
17.971523238819965939683243050240
134.933774748700216150609776377678
126.492562448216872894590778741986
258.125930941868887202872429043055
121.358461481184392027898866217583
117.259054031067023515788605436683
119.998540034425843714416259899735
57.278081948602697082151280483231
280.039121545050818440358852967620
244.587986905720242702955147251487
79.033476710233458106813486665487
38.706245220983930721558863297105
121.103330804441952750494237989187
204.512822629129232154809869825840
158.082155117822082956990925595164
174.887375845121823658701032400131
155.302077776595183422614354640245
60.442546024165181961507187224925
277.095131877417543364572338759899
110.355328652596327287938038352877
290.615576755477718506881501525640
39.750759349047655177855631336570
136.568846106064086143305758014321
165.298914754239660851453663781285
128.856138791357125228387303650379
283.055267289799814989237347617745
97.244523166749615938897477462888
46.664942456079501198473735712469
287.439349162207690824288874864578
13.274171248389670552114694146439
inf
inf
295.125584137033797560434322804213
145.597573565769494052801746875048
260.053849864553342285944381728768
298.457807996727183308394160121679
9.601133162972580237237707478926
292.752972645397676387801766395569
inf
264.624999610924987791804596781731
136.700506315724538808353827334940
283.411225548929564865829888731241
156.085458476958962137359776534140
123.198681953886705287004588171840
35.648015114982946727195667335764
7.203206803882627795587723085191
136.486194060808941230789059773088
217.758540830132062637858325615525
293.632106508510048570315120741725
169.462982488222621668683132156730
166.358516135701933080781600438058
138.595251904782543306282605044544
64.235017280204402823073905892670
290.702920362120096342550823464990
241.256144581214527988777263090014
102.563022188548558233378571458161
95.898505711981300692059448920190
170.202792909076862315487232990563
235.961844879744290892631397582591
113.503621516894114051865471992642
264.744556475131275874446146190166
247.784031973984156138612888753414
44.224243792075938586094707716256
287.559987273640558669285383075476
165.763065210034028496011160314083
291.161169670769254480546806007624
14.396857515824088125100388424471
38.589222679273717631076578982174
262.677394697462375461327610537410
298.116290279105271565640578046441
96.162440938749469410140591207892
29.492194498231626198503363411874
294.765276345195218254957580938935
77.736150621125148063583765178919
285.680892247421752472291700541973
53.482096358414622727650566957891
239.013303773182315126177854835987
92.987629108497102947694656904787
223.153926480937485621325322426856
296.045130013497100662789307534695
inf
200.346430559343104960134951397777
9.469493066500618283498624805361
136.062507390803091311681782826781
193.547200458371776221611071377993
108.098835258485223675961606204510
104.101701465564005388841906096786
67.053489764348725543641194235533
21.536245014044823165022535249591
114.964226297039175506142782978714
299.373265206243161173915723338723
92.203942307024050251129665412009
222.221847611121802401612512767315
46.927072836614911466313060373068
39.673040142400445517978369025514
193.619541492529975812431075610220
141.057250894339688329637283459306
299.256794212195302407053532078862
291.829764283124404755653813481331
186.278879503674318129924358800054
42.353602265964937600983830634505
48.439926262094353148768277605996
298.267555236408441032835980877280
293.723934494023637853388208895922
88.790414917647922266041859984398
131.425189957722551525876042433083
191.382783381209435447090072557330
253.276019223412674818973755463958
91.906631883288440576507127843797
292.039639492738615444977767765522
9.669605464481435319612501189113
280.291030918619526346446946263313
168.634954076061319483414990827441
71.768320133438407992798602208495
3.876773499380783860601695778314
293.469869370154640364489750936627
134.179644510949771074592717923224
299.729328591164232875598827376962
141.909264944723361168144037947059
91.764222795596296577969042118639
31.010868243261597854143474251032
95.910462530633992628281703218818
297.135786829028631927940296009183
18.972110481788327263075188966468
53.467576845629295689832360949367
103.603939993232657457156165037304
43.617523907173037400752946268767
168.212393674809760568678029812872
12.783698309553344074629421811551
46.759935430999178151978412643075
21.809445652958956429756653960794
27.732616982562191765282477717847
135.436520926927983055065851658583
269.826330784367598880635341629386
3.222048756735497399006362684304
64.552183756703271910737385042012
inf
10.148535599163530207533767679706
168.123907691403474018443375825882
163.513579396568019319602171890438
230.530278725974966391731868498027
290.970395865003013113891938701272
164.298688918433725802970002405345
inf
1.319454242082720440976117970422
247.643529529996271776326466351748
291.069957069633687751775141805410
10.434807442879854733064348693006
28.202468905818808053709290106781
237.364730257846815675293328240514
108.283190401441316907948930747807
18.654527464564171879146670107730
176.383037929581803382461657747626
291.669445703549740755988750606775
228.222932796642623998195631429553
137.660195470718178967217681929469
44.204215430887472848553443327546
298.456958650751005279744276776910
174.905327189498365214603836648166
293.295146491316359060874674469233
176.978277003903940567397512495518
111.927141356551373974070884287357
73.612259783870285900775343179703
177.643133439696384812123142182827
299.406546471387059682456310838461
33.136277378594378717480140039697
72.610557506253059045775444246829
144.475346008245480788900749757886
63.608710023105835773549188161269
283.223314810036015387595398351550
27.422608508321609122049267170951
111.333894447709738528828893322498
72.917760035906411530959303490818
74.714686371248035356984473764896
245.262400274054272131252218969166
294.741436527577320703130681067705
25.015290036657098937666887650266
121.526171651640169102392974309623
1.719272906336740902588644530624
inf
283.048355260228845509118400514126
278.355417310740733682905556634068
280.863181949463353248575003817677
294.420192711277309172146487981081
266.109363811541584254882764071226
37.118625397684809286147356033325
0.478930134682094443832056640531
294.569398229810417433327529579401
294.775686494811111515446100383997
3.921619996475909530886383436155
60.970478792412251323185046203434
294.614337580158348828263115137815
149.723632514154957107166410423815
56.193012122053779933139594504610
246.808032609671556656394386664033
113.442053116002767865211353637278
46.826304416516272510762064484879
129.610131033402410594135290011764
83.539206073718162315344670787454
33.145653047612640307306719478220
285.800728297882756123726721853018
68.379089399979207541946379933506
291.416009378708281474246177822351
147.753444733081721551570808514953
116.402757652536010368748975452036
55.912577443285549350093788234517
184.281735478411746953497640788555
299.403244144367022272490430623293
161.540452654621844885696191340685
237.259399385764083945105085149407
9.873229877126998843550609308295
296.855791210200209206959698349237
92.238632537334183325583580881357
125.555251403622193606679502408952
100.982041123788221170798351522535
21.858248803491505896090529859066
inf
253.454421451131707954118610359728
241.993134147514552978464053012431
299.948622648315620153880445286632
292.148375838231800116773229092360
10.755851706339456086425343528390
3.782196241522729263095925489324
82.573134524879336026970122475177
1.485009411687960856340851023560
10.426901172664756245467287953943
162.963661630819501624500844627619
286.574850399129957168042892590165
18.498987812498420169049495598301
5.529016859801927807893662247807
285.168330847013521633925847709179
232.848947051973311772599117830396
8.521484090886653817165097279940
212.649907634981616411096183583140
184.225726034826692512069712392986
151.945197038722398019672255031765
32.038525335439430818951223045588
87.899856830033257892864639870822
41.596696556816425527358660474420
119.363477474997893068575649522245
51.646990604661070278780243825167
231.769816348617752055361052043736
75.703407594247380529850488528609
35.764649092559231746690784348175
inf
65.336801742556218641766463406384
202.540562655561899418898974545300
111.725640450790933755342848598957
299.895102036808680168178398162127
42.822322457226860592527373228222
38.894140734016488636370922904462
117.049819944052615028340369462967
13.349072161899300681398017331958
34.808010928998044164472958073020
103.214047781374048895486339461058
154.017113513636161314934724941850
98.180402857301572794312960468233
92.947930400265377670621091965586
32.836970691656958365456375759095
171.786430376813797238355618901551
242.600906797506326029179035685956
38.459708255231802809248620178550
94.018892976113221493505989201367
inf
161.427006804490645208716159686446
48.540166090321982039768045069650
85.476320835392471053637564182281
177.655977834908156864912598393857
32.087825125963405525908456183970
216.584921993494106118305353447795
220.771223509771175486093852669001
44.208020197745426571600546594709
160.213748761012027443939587101340
9.305931761177612671076531114522
45.915829653813133859330264385790
inf
14.499660067642007987842589500360
125.677272050763036759235546924174
19.212229818661743507846040301956
194.794587835012777077281498350203
43.968707749112311944372777361423
146.389607193177852195731247775257
17.599054793161354126596052083187
19.061448958096086414570891065523
133.907614333705225817539030686021
45.851371673455311395173339406028
154.376841958836706680813222192228
102.923040738272931093888473697007
33.259442426120365610131557332352
4.704449681489526469135853403714
109.130393846817867142817704007030
inf
3.924674390800085621577864003484
inf
32.700943924602064782902743900195
49.076610957043349969808332389221
65.486919458355188794485002290457
74.755763190860108124979888089001
74.990368890173911609053902793676
139.617942310937280581129016354680
4.615963698083220378975966013968
12.180162952447908253361674724147
67.493091055714160120260203257203
112.327024976524342037009773775935
3.794768756555305877498085465049
22.144795994491097701484250137582
116.029327363714529042226786259562
19.679188786215057405115658184513
97.177982124077402659168001264334
173.660096954154482773446943610907
30.987404727058986964038922451437
36.326440357831600636018265504390
70.022028429109624880766205023974
25.978582017675595494665685691871
64.006553561316152922699984628707
253.047068149248730151157360523939
25.341225568847448812448419630527
294.143387731116774830297799780965
34.033167072917635209705622401088
125.756270010401308923064789269120
6.168057122819749160669289267389
54.541031567082711717375786975026
276.042123132711537891736952587962
6.598908949222561659553321078420
102.800233479929232771610259078443
52.343460027602802142610016744584
41.768389009540726419800193980336
53.544343533509518806567939464003
56.466675975365049566789821255952
10.986198782290236053427179285791
3.900429059897115635635600483511
inf
49.212910043925219838456541765481
131.947516602748038394565810449421
17.297665917454395412278245203197
79.623598836268072886923619080335
16.984702431519547616289855795912
58.662936810237127360778686124831
53.369383983702348928090941626579
51.680469865656121442043513525277
157.085632195474602212925674393773
237.870011494792407802378875203431
45.752447370195945097748335683718
inf
37.852856338284034620755846844986
118.655373110884795551100978627801
180.374444324268637274144566617906
81.227385643862533015635563060641
29.336635507051052940141744329594
79.934154653788695554794685449451
74.974871168687570843758294358850
14.819984805474730293894936039578
110.006867600006984275751165114343
227.673035416262081298555131070316
93.629731038884017380041768774390
297.559592893151148018660023808479
251.212623853911310334297013469040
175.249339042492124463024083524942
76.482917998845778129179961979389
inf
294.779906139521926888846792280674
291.015914522710090750479139387608
295.610514249987261337082600221038
220.594719101556876239556004293263
67.913925571977557638092548586428
293.851437427191910956025822088122
151.673915321770095943065825849771
180.753380067718069312832085415721
281.180597160499985420756274834275
222.255401683229393938745488412678
73.120743997284677107018069364130
296.376553184887484349019359797239
165.847558590367924580277758650482
296.691918126890186613309197127819
298.935888785433121483947616070509
53.090547398090670583314931718633
142.471128311837048840970965102315
4.256511229960366016200623562327
70.755376935576379082704079337418
80.366603909773616010170371737331
268.308610240992834405915345996618
295.140749834168900633812882006168
21.636332491228479568690090673044
158.522910162481082352314842864871
290.901371674118422561150509864092
229.550520837185672462510410696268
166.692787626658343924646032974124
108.335038297921300909365527331829
229.277569340511263362714089453220
47.978275884817918495173216797411
295.640841415164459249353967607021
inf
282.423045949265997478505596518517
91.982749609873991403219406493008
109.458255739444524579084827564657
211.043312587432637883466668426991
53.758043144194722628981253365055
295.821037227552153581200400367379
34.177608750336425202931422973052
154.240651488646278721716953441501
17.533865736221791564730665413663
221.871580482727125627206987701356
58.269859013440104433811939088628
60.912349935499214836909231962636
inf
inf
35.395959588139710660925629781559
148.731729466479180246096802875400
215.939085624893351678110775537789
146.045511942793098114634631201625
199.051724178031832934721023775637
18.076386362818020359100046334788
3.278471384336010263638172546052
166.169573281719266333311679773033
87.529400137933819792124268133193
15.656135173495663082121609477326
44.282871934209921960245992522687
157.331958079616100576458848081529
75.358390091406036503940413240343
46.350540874666180002350301947445
242.416663211324362237064633518457
150.053135873423030943740741349757
11.517148111505033369894590578042
184.115758271538084045459982007742
100.593829665959290764476463664323
184.113354608731754069594899192452
293.095008345773180735704954713583
71.164622617450277175521478056908
132.993001126291773061893763951957
64.795770328941259208477276843041
162.653473707079825771870673634112
293.843951097104309155838564038277
100.466462441493604274000972509384
inf
113.043772013922804831054236274213
235.677645044314942879282170906663
177.410101956599731920505291782320
138.293765681387498034382588230073
180.750662419247703383007319644094
289.522791240104083954065572470427
297.849504959430589678959222510457
294.486575000733296292310114949942
180.379236774350601990590803325176
50.195431984978000627961591817439
295.650577038928986439714208245277
293.153954578017248877586098387837
234.936717578814295848133042454720
290.730555795590021261887159198523
57.444267419470854463270370615646
299.045003488861027562961680814624
268.270267498829412033956032246351
258.636233254322917218814836815000
293.332260647500049799418775364757
182.433672734118317748652771115303
290.274342374563104840490268543363
284.611519649510057661245809867978
117.901078723428582861743052490056
294.027522835751256025105249136686
31.932699883230846182868845062330
155.736855547817157230383600108325
9.679346854900760632745004841127
293.415423744283600626658881083131
125.366202218161731707368744537234
168.303544692281406014444655738771
292.421118865362700489640701562166
42.332884638583948344603413715959
297.020085345307506941026076674461
8.837841181900385478797943505924
218.265402414040664780259248800576
44.754751043617233108307118527591
252.492262410750981871387921273708
93.812849772410146442780387587845
88.433101043485407899424899369478
11.425158505610772508021000248846
3.627404181801691329667391983094
72.381033238305519716959679499269
198.568010009136116877925815060735
275.516856260049735283246263861656
155.073599360921946299640694633126
203.559797063997478971941745840013
70.447753239383558820918551646173
14.449360597039099474159229430370
221.586750607586537853421759791672
148.988432992521097730787005275488
39.841340013622073001897661015391
64.090192767746714253007667139173
201.138734270746596166645758785307
150.160230992602066635299706831574
61.643161474360354645796178374439
254.486199058446203480343683622777
165.834005705187081503027002327144
8.667519249479671117342149955221
270.176260793448363983770832419395
138.908260955230559829942649230361
262.387611147250254362006671726704
42.702295233013686015510756988078
61.958000098513011266732064541429
285.081496390172844712651567533612
208.783948919734882565535372123122
inf
296.936762914444557281967718154192
5.749893149175007600604203616967
224.027006683292512434491072781384
21.529749326053806868230822146870
69.647552576268168422757298685610
62.259388661435025369428331032395
194.795456659473984473152086138725
299.279165756141196652606595307589
293.575856011768678399675991386175
31.755493924522625093231908977032
inf
56.170835552503170617910654982552
103.633711229455471425353607628495
223.071761023051521988236345350742
295.897621973260697814112063497305
101.446887333158628052842686884105
291.254841902999601188639644533396
251.091919824870871025268570519984
87.842799301181017312956100795418
69.570696907435149114462547004223
210.211717965042453215573914349079
294.851975050242231191077735275030
57.679634162372991568190627731383
16.872010270481965221733844373375
290.079223216562695597531273961067
18.334918863804144706364240846597
36.786749872580919884512695716694
56.337976013189532409342064056545
5.131476448517169330898468615487
222.534561388473690612954669632018
58.090563981058828346704103751108
44.937636631633644412886496866122
167.848971553603973916324321180582
2.707009719341494147215598786715
52.283312744245165504253236576915
24.711758082531233071676979307085
1.477078804029342773418420620146
inf
30.758679810896833117794813006185
102.892554980411361498227051924914
150.090830302427377773710759356618
8.269525721243764948553689464461
7.088779076895299624538893112913
37.664309269160654025654366705567
70.157785396351812323700869455934
52.194826760838857637736509786919
94.105246291814140136011701542884
67.751899951466512561637500766665
253.257417189939701529510784894228
48.369607987869102316835778765380
5.993163472898772603514316870132
44.610379663122941451547376345843
78.372782946178787710778124164790
230.276709687762746625594445504248
65.077809398866079959589114878327
1.578400830712510582998220343143
141.462574000255244754953309893608
27.982422444763283664315167698078
inf
38.196071284383116051230899756774
95.715584298305998345313128083944
136.131095661406163799256319180131
87.602057834982986150862416252494
271.096056591388105516671203076839
18.320401896929542573388971504755
33.276835561302441135467233834788
82.796625800201169909087184350938
inf
6.608555252546512548406099085696
74.154486081455587509481119923294
117.342101758231763142248382791877
115.152933095731384582904865965247
45.800102931404836681394954212010
6.273293082218911465020028117578
99.061938831386470383222331292927
178.032615180299131907304399646819
32.842403082517762413772288709879
88.739783716400950197566999122500
18.760613429053002221280621597543
181.430797993572582527121994644403
36.132777928184530935595830669627
28.731522968862467592998655163683
126.913418460174881374769029207528
28.599734113635239651785013847984
219.084365354745926879331818781793
146.464189372321953896971535868943
19.706099637448104999748466070741
144.725367727014173624411341734231
6.210781279731647508413061586907
21.413909093515819392905541462824
3.095150481445963830395839977427
290.691990833202339672425296157598
296.779114512681019277806626632810
299.444939834454373794869752600789
245.347552482018443242850480601192
54.999087866926892331775889033452
297.911696705078611557837575674057
160.897494712435928931881790049374
217.216576908531436629345989786088
260.394743936542909068521112203598
180.435076604920112686158972792327
28.398417131106874933266226435080
293.632932504465941292437491938472
218.040161743199575994367478415370
299.696523729453417672630166634917
inf
54.036517838350476949926814995706
119.945646072101581580682250205427
30.516720931279191830753916292451
42.383123434766218906588619574904
68.181497880148924650711705908179
279.002374056641713195858756080270
294.870326152518146045622415840626
12.623167005477052171613649989013
113.083962772226499282623990438879
295.891408220342441381944809108973
245.620503978692852342646801844239
119.249281597152645417736493982375
145.066817783228373173187719658017
251.392896895384694744279840961099
81.485719442198927708886913023889
156.903334831799924131701118312776
17.799491223875961054545769002289
98.929799776983330161783669609576
140.672276066477223821493680588901
95.435911154335173023355309851468
68.220308472021770285209640860558
35.122855006221584517334122210741
inf
71.277811342280671169646666385233
186.532042018938824412543908692896
63.479795624833741385373286902905
135.514663911901067194776260294020
31.254599536637723389276288799010
33.821626994133772825534833827987
140.744617100635423412313684821129
114.361187650917003111317171715200
278.569022689753808208479313179851
280.937387302059107696550199761987
123.263335547117961255025875288993
12.441867448737907508871103345882
35.334480419613214507990051060915
221.990351354541530781716573983431
251.881024358969852983136661350727
78.259867344525943622102204244584
88.187252733866202447643445339054
141.602574595289610215331776998937
200.287888567953018537082243710756
49.130414081173171325644943863153
229.923722477204535152850439772010
298.861450723090172232332406565547
14.162737809315853354519276763313
253.629523703615575414005434140563
inf
85.963449582329786835543927736580
58.784277508649559251807659165934
168.393861662154250780076836235821
296.880121695663603986758971586823
294.396377858715368347475305199623
15.888262344900264011471335834358
5.800773213266502636997756781057
31.382569655074426862029213225469
71.545182500805282188593992032111
252.218415125322309222610783763230
284.913307159058661000017309561372
160.615663183756907983479322865605
296.060273937781403219560161232948
259.079154590529753932059975340962
63.590650727477381565222458448261
38.693877901074550607063429197297
257.754960284825529015506617724895
292.532789001064884359948337078094
19.620754990527927930088480934501
17.326322243979802806279622018337
297.525241908812517976912204176188
35.555508047352041955946333473548
30.985976659314410142087581334636
95.350962922035265023623651359230
265.102055860228176698001334443688
164.031923652493816234709811396897
274.174744929981329732981976121664
155.734019577533103984023910015821
148.404643116215822828962700441480
22.752450244725650918553583323956
38.874960740766717037786293076351
167.624545218333423690637573599815
203.817261103815894784929696470499
298.605990446500356938486220315099
150.704412716117985837627202272415
150.177655815633954716759035363793
164.104264686651987403820385225117
81.163883368096648496248235460371
298.874085449899610011925688013434
294.204294803291077187168411910534
139.371338300621346206753514707088
77.170070121697818876782548613846
153.644726601058977166758268140256
275.093072742659842333523556590080
156.542356388986121373818605206907
183.403945425573738248203881084919
229.055759522790765458921669051051
70.958126174718330503310426138341
295.369223220461492473987163975835
173.781871419727082184181199409068
280.598366808297214447520673274994
111.963782788648032351375150028616
6.574697312086017042531693732599
8.660539267302956645266931445803
3.788006944550151633421819497016
70.227416480017154754023067653179
182.378475139868385213048895820975
240.399151462580221050302498042583
5.101413786876541678338981000707
inf
31.504715636517417465256585273892
63.998191763708597079585160827264
110.959755425403713502419122960418
158.084720929708936409952002577484
83.220366649304281736476696096361
299.113688847823596006492152810097
117.210109609213219528101035393775
15.978153142649606621716884546913
40.262251720521291531440510880202
126.767011171219024845413514412940
299.750534873761068865860579535365
46.987061057770439731484657386318
inf
239.756666898472360571759054437280
4.733734761750470809715807263274
0.272951496674401994368963642046
33.783804069789340474017080850899
216.891865183986624288081657141447
27.466980318221011714285850757733
42.922860917607941644291713600978
45.399675920768935100113594671711
11.598849295075224219431220262777
8.657313288226996306207183806691
149.316970481864615294398390688002
150.179033672390090714543475769460
180.600780015718299864602158777416
297.583303964738036029302747920156
inf
1.059251774391465339419937663479
43.268305883830890934405033476651
25.535499472413153654315465246327
inf
93.732083514516290279061649926007
247.623810752611831276226439513266
0.306494986715942996369221873465
43.759974816615503812045062659308
291.514640066313972965872380882502
115.349915394559886294700845610350
17.138673179609124730404801084660
109.582334183496783452937961556017
87.071838249455538516485830768943
58.142544944132509954215493053198
47.048119173569432405201951041818
39.931937332083279557082278188318
87.712734232311504456447437405586
258.106553803489077836275100708008
285.967554838883415868622250854969
inf
18.796212722098459835251560434699
4.489700043903726900396122800885
26.831887261874197037059275317006
234.649261644570572116208495572209
244.301915863292236963388859294355
181.131698783616116088523995131254
282.987241410432716293144039809704
230.824042871600823900735122151673
25.079556791018674744009331334382
8.242195310735127122825360856950
226.851354363268228553351946175098
296.742776469386001281236531212926
10.477304604080554639722322463058
4.209417578066840803785453317687
297.454999228404460609453963115811
49.022833614216196451707219239324
10.238051199883020814240808249451
99.397303841463013895918265916407
inf
14.612081477953767105759652622510
68.643966242019999413059849757701
99.771469474080276995664462447166
26.924041033922080146112421061844
34.692299723992960025498177856207
59.608321644644874481855367776006
112.688974365778278752259211614728
24.176605472554243192462308797985
48.618600521860138030660891672596
60.793379142005925075409322744235
190.641133342403804817877244204283
27.378494334814703847769123967737
8.697292734204832953537334105931
75.929597518590540516925102565438
44.441315607834027900935325305909
170.037330248576779467839514836669
107.143394955177271299362473655492
6.388501568241572670103778364137
95.642568112867024865408893674612
29.958564962242490992139209993184
2.666326642446357197968609398231
30.887688321667997826125429128297
8.496865927500689252838128595613
74.262461125057683375416672788560
120.953173688241136574106349144131
11.732686200392810960124734265264
28.255708364984592151358810951933
39.201720221832211166201886953786
74.967339701938840335060376673937
42.834374934201633777774986810982
70.930215403466050361203087959439
70.521385545025125907159235794097
242.636110556977826036018086597323
39.943186782010130286835192237049
inf
46.232695584612947925506887258962
74.629636292255597140865575056523
206.538174470422546846748446114361
82.849701565352546595022431574762
2.659398055921168069204441053444
118.231961861422831816526013426483
37.250375753230962061479658586904
1.080997225208657708250825635332
47.809202594874093961152539122850
15.052562687412466502223651332315
121.777421422514748883259017020464
51.765802509124071661972266156226
116.446195654154422527426504530013
51.088199808352591446691803866997
75.193616505930123139478382654488
45.472016954927127585506241302937
33.551625817822994690686755347997
167.510130022109223091320018284023
199.901885826794369904746417887509
39.813374530518430560732667800039
0.541557237823351522720827233570
66.924096271923360745859099552035
114.154879395798815266971359960735
155.265642005226510491411318071187
120.571336229191999223075981717557
58.878379826041893352339684497565
53.649113685352283198426448507234
124.491300660507903330653789453208
34.592465834081323805548890959471
149.232878816800422328014974482358
28.134215332931184150311310077086
213.814710300306757062571705318987
243.464467986773115626419894397259
221.402078326834669042000314220786
256.957120436807713304006028920412
22.187199337166205737048585433513
4.329558991204216056303266668692
172.829071892279841904382919892669
65.561482930825505377470108214766
9.836430515623112214029788447078
93.696430177168380737384723033756
229.388766964240801371488487347960
69.909848178334698332037078216672
30.248161581392359664732794044539
290.908666233083181396068539470434
169.484583331374949466407997533679
inf
217.439989241524358476453926414251
135.468373526011760077381040900946
201.065772906062591118825366720557
265.136434975840529659762978553772
245.132886224330690083661465905607
273.672802241868453165807295590639
296.096516445645875137415714561939
9.037805720034228329495817888528
12.616050357918368263199226930737
72.851129357859917945461347699165
0.197437754772878948372749619011
10.726370218940605383295405772515
177.916370331432972307084128260612
291.039504347797503669426077976823
16.785620678082771917161153396592
13.622187935137795022910722764209
291.439175086661805380572332069278
236.166238065074594487668946385384
9.948847583976457187304731633049
212.159009151264370984790730290115
186.923302440142492741870228201151
145.697231618102932770852930843830
16.282282828654654593947270768695
inf
25.404771777259856690989181515761
149.228484498458300322454306297004
173.850047263060844215942779555917
158.983560479244317775737727060914
298.041193888443729065329534932971
145.403265725488523685271502472460
7.404073384658507173128327849554
6.949703911422426827471099386457
207.574363113285812687536235898733
291.204474454441140096605522558093
19.508507646802499380100925918669
3.390402391122601333250941024744
237.674312228065332419646438211203
40.593358360339621526691189501435
inf
86.892075382286179774382617324591
60.866597181613521172494074562564
121.384979738341101551668543834239
148.917293025433139064261922612786
205.673374616416111848593573085964
65.709158095805619836937694344670
285.061373998825956732616759836674
153.966613578550891361373942345381
48.281844703471548996276396792382
76.801972457863939780509099364281
141.244454466427868055689032189548
299.569196966048707508889492601156
74.964668037678592327210935764015
0.266433871226970264700639745570
273.947131851163021565298549830914
inf
1.907287428162659725927596809925
12.484074361950559861611509404611
2.198203041018835346420701171155
180.452375128423085470785736106336
228.405980869148606871021911501884
230.070384923122503550985129550099
294.816867322503924242482753470540
168.145160375934608509851386770606
13.058477583161913315734636853449
inf
242.741472695083416510897222906351
295.601470305787984216294717043638
6.842145242090676759971756837331
17.401974092159349538633250631392
281.642342549782426885940367355943
96.364919427760497683266294188797
12.624507421800876372230959532317
172.304286377346500103158177807927
297.408344414930866150825750082731
279.710497228809344960609450936317
282.218261867531907682860037311912
inf
268.067110651760685868794098496437
38.473705315753349509577674325556
inf
295.924478147878971867612563073635
295.254616629493170876230578869581
3.442689861793815531143536645686
61.359960533015005523793661268428
295.969417498226903262548148632050
171.138820166142181733448524028063
56.582493862656541239175567170605
247.197514350274303751575644128025
1.147737757797773205936664453475
42.889469862956751455840276321396
26.271351248794331922908895649016
0.088485983406307699983273096223
93.583678627221047463535796850920
248.562183283100921471486799418926
inf
44.509538125147784626278735231608
280.983923541778381149924825876951
109.099561210750394479873648378998
17.532877143567461075690516736358
92.458958777407332263464923016727
86.983352266049251966251176781952
57.708112465347838337947905529290
97.308091430006527389195980504155
30.131508273870394987170584499836
0.105059031472297004228266814607
95.248520535603489634013385511935
249.175901111046925962000386789441
32.729001701727810313968802802265
27.782913500311106957951778895222
292.460756591518247660133056342602
153.897205314485688631975790485740
1.254690595182527790285575974849
179.863118468047957776434486731887
113.816782012390859790684771724045
146.963354819679466345405671745539
138.748249514302244733698898926377
70.349033422596249920388800092041
161.599317163129910568386549130082
279.194453479551839336636476218700
10.348982895632492073900721152313
213.763902509380500305269379168749
290.623117498110332235228270292282
84.606064389822847715549869462848
146.715840745965948599405237473547
24.971394708784647065158424084075
86.313873845890555003279587253928
4.224767666371143981507429998601
31.104286481861002755522349616513
278.086350524802242034638766199350
289.325597406857582427619490772486
36.453706206409748347141430713236
12.863750165704649575104667746928
inf
296.910995285445380886812927201390
32.253794093123801189904042985290
291.884418735345434470218606293201
293.540907487363426753290696069598
226.215998302903955163856153376400
82.210494495510829437989741563797
241.324158785626167400550912134349
3.828968256407345727154734049691
34.891051259791105110252829035744
277.158704768808661356160882860422
107.515719924615666514000622555614
14.322462901526732181878287519794
109.089399129294292833947110921144
83.158133493079475329068372957408
93.822205299083435647844453342259
25.388373556080203741203149547800
134.887262946341934366500936448574
235.364008126915848606586223468184
46.356067179167069980394444428384
13.706115443588222646553731465247
122.673948159143293423767318017781
59.144865269707160848611238179728
4.912166247690114673218886309769
88.858699984428426432714331895113
282.097829732423406312591396272182
287.812123776943906250380678102374
inf
37.624020489827707081076368922368
288.524346535962308735179249197245
108.681268490933092607519938610494
32.846553819469235691030917223543
171.564663630297303598126745782793
71.997772689080591135279973968863
297.231528957379396160831674933434
124.906816956565705822868039831519
39.714881472614919744046346750110
98.368576598622780693403910845518
111.997100986737137873205938376486
45.561942320436081388379534473643
290.532940145264660714019555598497
289.554913075647561981895705685019
4.297033473272179548985150177032
297.890340659107778265024535357952
280.394287668950880743068410083652
288.030661909757498051476432010531
43.062182043488682836596126435325
283.227550865382738720654742792249
138.231504973730892515959567390382
44.348829827076862386547873029485
214.679909305160293797598569653928
217.068837828906936238126945681870
6.593928976403795161331800045446
inf
39.324680173012097839091438800097
245.772141766265804108115844428539
172.847556862847113734460435807705
212.210367177037539931916398927569
29.560823275475790694599709240720
inf
49.517012050941808354309614514932
28
14
34
8
35
5
14
9
18
3
0
32
34
34
34
31
35
13
3
12
22
3
24
6
34
17
14
6
5
33
22
35
13
10
25
10
15
26
25
12
24
10
32
36
9
17
0
19
11
23
34
4
24
35
16
22
7
18
4
6
8
15
31
20
8
36
3
33
22
0
12
10
25
31
36
5
27
16
19
22
7
33
9
36
26
25
18
22
36
14
34
12
36
21
22
17
4
7
34
35
35
36
13
5
25
6
9
24
36
16
0
37
33
0
34
30
32
25
11
34
13
7
34
4
28
9
11
22
20
33
35
36
3
16
14
23
10
14
32
17
35
24
20
3
29
36
25
32
5
36
18
21
19
12
0
35
35
35
37
6
9
13
0
10
28
36
7
0
37
31
6
29
29
22
22
15
31
14
0
12
0
33
4
4
0
6
21
23
18
33
17
13
33
6
0
5
33
29
32
31
8
33
3
34
20
34
26
24
9
7
23
31
32
26
25
21
10
33
27
15
17
29
30
14
33
32
9
33
28
34
18
0
5
19
7
19
6
16
14
16
21
17
28
8
6
0
7
11
9
21
13
23
8
5
9
16
26
19
14
3
21
4
7
8
10
9
17
16
20
29
0
6
6
13
4
9
24
4
14
30
13
10
11
11
9
21
20
24
27
32
35
29
7
9
3
0
0
33
24
15
5
34
14
31
12
20
10
18
34
0
16
7
13
26
9
13
8
6
16
34
6
17
3
3
25
22
33
34
21
4
5
33
34
7
12
28
20
8
27
8
13
11
9
5
21
22
25
28
17
25
12
0
3
10
6
14
11
18
16
6
3
7
20
19
29
11
5
17
3
5
12
16
10
15
12
20
26
4
9
3
16
6
11
23
3
18
26
10
15
5
8
4
27
3
27
12
9
9
10
16
19
29
3
12
6
8
16
4
30
7
30
13
11
12
13
33
12
20
3
28
8
10
5
5
7
22
23
22
31
4
0
14
10
0
12
27
8
9
33
18
4
21
16
16
32
5
14
35
34
34
33
18
23
33
6
16
19
18
31
0
35
3
10
6
22
29
5
35
4
22
9
11
12
25
35
32
11
0
16
22
21
30
8
34
25
16
17
19
36
17
6
36
3
8
4
31
14
5
10
9
19
24
34
0
14
9
13
18
5
32
6
34
16
14
12
17
36
12
25
5
33
11
15
11
4
3
27
28
29
35
6
0
17
7
4
17
33
10
5
36
23
0
24
20
21
6
0
31
0
30
32
33
28
5
20
29
7
32
0
32
9
16
7
10
32
15
0
12
22
23
13
19
31
33
26
22
9
30
34
21
30
4
30
24
26
31
11
33
32
13
32
6
17
0
28
34
34
33
34
35
10
5
12
26
0
21
9
32
22
17
8
3
34
28
34
19
9
32
14
19
28
22
8
30
16
35
36
7
15
3
12
10
27
36
0
18
36
20
17
8
21
6
10
5
21
30
34
8
30
18
20
32
7
0
4
35
28
31
23
19
35
8
34
14
35
24
25
15
4
11
33
35
32
35
15
7
31
12
13
25
34
19
3
35
33
4
34
31
33
3
3
8
14
18
29
8
5
33
4
31
3
33
13
23
32
0
32
0
21
16
22
13
9
3
5
20
17
29
13
15
17
7
33
27
11
6
16
25
19
21
19
8
31
16
34
6
13
17
17
33
12
7
33
4
0
0
34
21
29
33
4
34
0
30
15
32
20
17
6
4
19
26
34
17
18
17
8
34
25
13
11
19
27
13
26
27
6
34
22
35
4
6
29
33
13
5
33
9
30
7
27
15
24
32
0
23
3
20
23
17
16
11
4
12
32
13
25
8
7
24
15
34
33
19
7
9
33
31
13
19
22
29
14
34
5
31
20
12
3
34
13
30
14
15
7
14
34
4
10
10
10
22
5
10
5
6
15
33
3
12
0
6
21
20
28
35
20
0
3
28
34
6
7
26
16
5
22
35
26
19
9
35
20
33
19
18
14
22
35
6
12
14
12
33
8
17
13
14
26
36
7
19
3
0
32
31
34
36
29
8
3
35
36
4
11
35
20
10
28
15
12
18
11
11
30
14
34
20
16
8
24
35
22
29
5
35
14
17
15
8
0
31
30
34
36
7
4
12
4
6
22
35
7
3
36
28
5
26
24
20
6
14
7
18
6
27
13
6
0
10
24
16
35
8
8
17
4
7
16
21
13
14
6
21
28
7
15
0
20
10
13
22
6
25
25
9
22
4
10
0
4
16
5
20
9
19
5
5
17
8
20
13
9
5
16
0
3
0
10
13
11
13
13
20
4
7
10
18
3
6
17
7
17
22
8
11
12
7
11
30
4
29
5
19
4
10
32
3
17
8
10
11
12
5
3
0
7
19
6
14
5
11
10
9
20
27
7
0
9
17
22
15
8
14
13
6
16
27
10
35
28
22
12
0
33
33
34
25
10
35
20
23
33
26
9
35
21
35
36
8
19
4
10
13
33
35
5
19
35
28
21
15
27
8
32
0
33
13
16
24
7
32
6
20
8
23
9
9
0
0
12
16
27
17
23
9
3
21
17
7
7
19
15
12
27
19
6
24
14
23
32
8
14
8
14
32
11
0
11
24
18
14
18
30
34
29
19
6
29
32
23
31
7
31
27
25
30
18
32
30
12
33
4
16
3
34
18
22
34
6
34
4
25
10
28
15
14
3
3
15
21
32
16
22
12
5
28
20
9
8
20
20
13
27
22
4
31
19
30
9
10
32
25
0
34
3
26
5
12
11
24
36
35
7
0
10
16
25
34
15
35
29
14
12
23
36
9
5
36
5
8
9
3
26
10
9
22
4
11
7
3
0
7
16
21
5
5
8
14
10
14
11
29
9
4
10
13
28
12
3
20
6
0
7
14
18
14
31
5
7
13
0
4
12
18
15
10
3
15
23
6
13
5
22
8
8
18
6
26
20
6
20
3
7
3
32
34
33
29
8
35
21
25
30
21
4
35
25
35
0
7
16
6
5
11
34
35
3
15
35
30
16
18
29
13
21
4
17
18
16
11
6
0
9
25
11
20
6
7
19
12
32
31
14
4
8
26
28
13
15
17
24
9
28
34
4
29
0
14
11
21
35
36
4
3
7
11
28
34
20
36
30
12
8
29
36
4
5
37
7
7
14
30
20
30
18
17
5
7
24
23
34
13
16
21
10
35
31
16
9
17
31
19
21
27
9
34
23
34
17
4
6
5
13
24
30
4
0
7
13
16
21
12
34
18
7
9
19
35
10
0
30
3
3
6
26
7
9
9
7
4
21
20
24
35
0
4
8
7
0
14
29
3
11
34
17
8
15
14
11
10
9
16
31
35
0
6
3
7
25
29
22
35
24
7
4
28
37
4
3
35
10
5
15
0
5
12
16
8
8
12
18
5
10
9
23
6
5
14
9
21
18
5
15
7
4
6
4
13
18
6
8
9
15
8
12
12
27
7
0
11
12
24
16
4
17
9
3
10
4
17
10
17
9
15
10
6
22
23
7
3
12
16
20
19
11
12
17
8
20
11
24
30
23
28
9
3
23
15
6
14
25
14
7
34
22
0
28
19
26
33
31
34
37
5
8
10
3
6
24
36
6
5
37
29
6
25
25
18
6
0
8
20
23
21
35
19
3
4
26
35
6
3
30
9
0
13
11
18
19
26
9
34
21
10
13
18
36
14
3
33
0
4
4
4
23
27
29
36
21
4
0
30
36
5
5
32
14
4
21
34
32
35
0
30
9
0
36
37
3
12
36
22
11
29
5
7
8
3
13
28
0
12
32
15
9
13
13
10
15
9
3
15
30
11
8
35
20
3
23
17
19
17
11
21
32
3
22
33
13
20
6
14
3
11
31
36
8
4
0
33
8
32
33
26
11
26
5
10
31
15
7
16
12
14
6
19
29
10
6
18
11
3
14
33
36
0
8
34
16
7
21
15
36
18
12
12
16
8
37
33
3
34
32
31
8
36
19
9
24
27
4
0
8
31
23
27
7
0
11
