75
5.673159908584342048243343015201	7.866494463875572940025904244976
11.293488874648433650804690842051	10.655210916959529043879228993319
8.188023739212482610128063242882	4.936794353466378737493869266473
7.088213205985945286613514326746	12.064934572209946139764724648558
11.537363054136339002297972911038	11.264595660019107725702269817702
3.750470107822707621636482144822	8.906885466876255819101970701013
10.290365229329305307715003436897	10.675671511591499296400797902606
16.024218328263614807838166598231	9.644981344138306766922141832765
1.428526941273826622591514023952	11.258107748989337082434758485761
7.248687329140143020822506514378	19.387784122583369139647402334958
9.743617227947197534376755356789	6.428467290279245460737911344040
14.948976744372565406138164689764	3.505703496111272077229159549461
4.871723277130474372142998618074	15.054105017694643819936572981533
7.548416728888627247329168312717	14.854707590124068161685499944724
11.696800807030751201409657369368	16.494259954381650601362707675435
13.840495533528899940733936091419	4.237259903222568624414634541608
13.214286116441140706001533544622	8.115492493158399156527593731880
8.364663315008280974893750681076	9.159809967710261346951483574230
9.927599824134116346385781071149	8.003215718977697790137426636647
8.065168487913076944550994085148	11.253912484828195061936639831401
14.602891341469517172413361549843	4.354554476448723399073514883639
10.647896429924461614291431033053	10.509477267973643677123618545011
8.060756969090991930215750471689	14.960188268333455496872375078965
15.542589561156802346886252053082	15.121375409172578940797393443063
12.966892941128989491517131682485	12.064744337184750477831585158128
5.820997588006812328842443093890	10.558063694866858028831302362960
12.061048256857837657207710435614	9.208624553028336379156826296821
5.600619510466770201162489684066	14.467022203327120521976212330628
6.771368360467027613935897534247	12.859695130177916766456291952636
12.715554183814585798018015339039	11.295016421780982085465439013205
2.039516843282488167687915847637	5.122895414234625022231739421841
9.256857208911045020727215160150	17.246166628711069535029309918173
10.664235766045260689338647352997	9.751547570010725252132033347152
2.263504398656167815317985514412	6.526872087739884698009973362787
8.830869113696628858178883092478	14.640531025994828695502292248420
3.491778806795858614009375742171	6.838240826849460773928512935527
14.070973607588776133070496143773	2.205721737780033997466944128973
9.217665747133102271959614881780	13.024889692418554432151722721756
3.730541424952166451589619100560	3.736401894071898155402777774725
11.079040647192233137729999725707	12.787176320162132014957023784518
8.069174503118633268172743555624	10.975862931458257421013513521757
17.683980845886448918236055760644	9.269601158284142883303502458148
17.917543658635274539392412407324	6.297263299350172260915314836893
6.289546493381107161724230536493	6.154269897883946960348566790344
6.785178196824647400831054255832	14.559662870587990468607131333556
9.035487320169613312259571102913	11.246388564985201341528409102466
14.206218569935296969219962193165	4.595694704805572072814356943127
12.062237614341364988490568066482	16.226897189985219682739625568502
11.490342753923080465483508305624	10.277906328185139273045933805406
18.225178566148102277111320290715	3.463475011800101199810342222918
11.952534422561985394395378534682	18.395621171103353930220691836439
4.578736913344267911440965690417	8.929733356352457462890015449375
3.957875169148683536235466817743	11.617416639135027978113612334710
9.842179814185382014102287939750	8.354331511431933421363282832317
5.651886710125651802627544384450	7.023176123068635590129815682303
14.909735262679879141956007515546	11.565047774747418074525739939418
4.279727356413228989140407065861	6.062330458541948630113438412081
15.247774395014122461589067825116	16.071869024792192703898763284087
10.689645147964112581462359230500	11.870415894486034957822084834334
8.694980303649145980671164579690	12.541046657401178521240581176244
17.375196651847808482216350967064	11.219589913270057834893123072106
3.620967352151081009026256651850	12.708418035869211593080763122998
5.630920128269657709552120650187	16.832380632292682776096626184881
5.360934287032283585006098292070	4.725514178477619786633567855461
17.384153471212400177137169521302	6.888056218528765484165887755807
2.627015476679751770916482200846	8.820128981057367312246242363472
13.588315013421764732015617482830	13.403171840413619975151959806681
6.542230513906503119869739748538	4.556866776258432949475718487520
13.821851174062558698096836451441	8.170661238509378421213114052080
14.900159620527185566629668755922	10.156699901872237035149737494066
12.786238808623375362572005542461	9.466700541406353863749245647341
12.549658050613357929137237078976	2.649367913448711142621050385060
7.902969728974030161339214828331	8.152467328221170816959784133360
10.242206797263234463457592937630	4.598896381770682495471191941760
13.059702454968801887957852159161	13.382262688602395428461022675037
11.934037716521231686783721670508	9.938325880893994934695001575164
11.081206148870155203667309251614	9.433832370069307415860748733394
10.371703244274998567675538652111	4.109988922114108156335987587227
11.437314850387952702703842078336	7.711391291912764955895909224637
12.691077555914015206894873699639	7.087739496286702411964597558836
11.742828980878666556009193300270	6.967437881711716407551193697145
10.855188650777419567816650669556	11.295682275363406077417494088877
17.085800280925091954031813656911	12.507288628422401188799994997680
9.901102575703015773456172610167	8.795572093508177147214155411348
11.969075797539474592667829710990	18.083251644457515538988445769064
8.942101756285989466732644359581	7.029922638343236940272618085146
8.382205705024034614325501024723	5.741853738417633579160792578477
14.104299873036614698662560840603	15.701221227990169282406895945314
17.452611456157388403198638116010	3.612980000909715716517212058534
7.599648838541622097864092211239	13.227769364308715083211609453429
2.551748374824602816346441613859	16.702433525903042976779033779167
9.401161301515797319439116108697	12.240406502423079260211125074420
7.971509694012094193737993919058	9.857144288706857437887265405152
6.132303903491515661983157770010	4.131417467204351545717599947238
5.692193092266847109783611813327	14.672479906630707446879569033626
16.885935595320486157788764103316	10.641921147139244752111153502483
14.675077587157234759729362849612	4.839797899611299136779507534811
13.335676443448813088821225392167	16.935562647676807301877488498576
4.853168029820375650729147309903	0.013052901145680362304801747086
11.158469350098760841660805454012	9.925156578965305342876490612980
12.153568266628264282758209446911	11.400439495499993469707078475039
14.468689070595246448647230863571	17.866313343513411382446065545082
6.415331039007586610978250973858	14.293762851963826676637836499140
13.187154663561202028176921885461	2.945972384400474819443616070203
2.873675913874849996432203624863	13.559122959980705047655646922067
6.596057067372064430799127876526	2.469530953461632982737228303449
19.044773002028367869797875755467	6.107974160581351341647859953810
0.982624825924002243127119982091	13.366947785294186701321450527757
3.746042904977298082513925692183	8.647759374578619429030368337408
12.901913461330968502238647488412	15.974870064652691326045896857977
16.512271523176263343657410587184	9.369762932633765473156017833389
14.373999746920446796139003708959	4.716996922244904411058996629436
16.499549811823040812441831803881	12.439429078424439012451330199838
9.428358931455848690461607475299	10.082296971615861025384219828993
6.216675403251956666395017236937	9.755827155116909565890637168195
9.283466035364453361466985370498	14.538395152560877221503687906079
5.316467246591408013500767992809	16.143776923918068177954410202801
12.807871785461472313727426808327	14.372575616478172833012649789453
16.731198606533780548488721251488	16.191293577484746180061847553588
4.274699050410303513558574195486	8.615784021648265067483407619875
8.888723083252001444520828954410	11.045010109108480023110132606234
7.293926298178024403284780419199	6.940636073335999078892655234085
5.085178619777490638398376177065	13.329849859693499780632919282652
3.607950348086550462767263525166	6.148601959929284710426600213395
12.868809606064736783537227893248	9.421632864308175925316390930675
10.707286686274704479160391201731	5.582611085222685787243790400680
6.674010825780968048093200195581	7.440367944123061683114883635426
2.690212580242736795099744995241	5.173726664330366986632725456730
9.705122740152212656994379358366	11.005960906269780963384619099088
3.477871622952420693763997405767	1.234162827249055682798939415079
8.588782574683573756146870437078	10.292170491274308830043082707562
13.607171305597805854858961538412	1.961622294233800189999783469830
12.552670049762703285978204803541	11.780056173760147686380150844343
7.356938292826914249644687515683	2.591017333266623090537450480042
3.856109190470102809911168151302	4.035507145966843012274694046937
11.336871947230529045214098005090	4.266355271562044748634434654377
18.392420707615091401976314955391	8.708785091975432379740595933981
5.005196321937072312380223593209	15.682566414993790004928087000735
11.074713619837480038654575764667	11.440682446882693312772971694358
15.104899933019094504516033339314	13.312846292606067777342104818672
14.182340912194575821558828465641	13.555861734117193861948180710897
8.174818579596818679533498652745	8.333109349500974261104602192063
10.882345202655914206957277201582	12.276825771264419984163396293297
15.521688065943186174422407930251	8.799339849674170821458574209828
5.241912297411209564756973122712	4.670926798799184709309884055983
0.458995619738251647845572733786	10.636173568442330861216760240495
7.992966543598586603991407173453	14.633094929092527181069272046443
13.978553416901435824115651485045	12.336995413510027930215073865838
6.418080879490591250657871569274	11.913377819905587529092372278683
5.406103211133471475591250055004	6.423144796606152340245898813009
