75
8.050437658272285190719230740797	9.274416867032668321257915522438
7.426731041671995825481644715182	4.667575982746789087229899450904
6.960167587386118626113784557674	6.209808000532627048073663900141
7.508923355049080150536155997543	9.127133740528957872584214783274
13.957386505244302910000442352612	16.817707145189423556530528003350
3.910491490649659063194576447131	5.673280087058449439041396544781
13.013757532289304208461544476449	10.585002938067628264207087340765
14.853704562248925213907568831928	9.352667682084463862679513113108
13.606731719694776572282535198610	7.544538796360584775868574070046
18.771760564670373128137725871056	8.528748656236231795446656178683
18.712882713304455961633721017279	4.668867539965443569371927878819
2.300238406959076442603873147164	10.790848156939862434455790207721
10.812572836200066817013976105954	6.423517993838924411420521209948
8.177356803430015474987158086151	17.494285593478309692727634683251
14.315905008449366420109072350897	6.471530756173828002886239119107
17.939291202965971905314290779643	14.626216111766359162515982461628
6.159998677103704523005944793113	6.190731521575556506320481275907
5.990293584466633625140730146086	2.259279372033144994702524854802
14.896167638951723688478523399681	12.735679647128598901417717570439
9.650402980088152560256276046857	14.427557280405224560126953292638
9.413131234218768739197003014851	10.224068431068943141326599288732
10.083249513780490502767861471511	9.988560475504989710771042155102
18.657182810379854487337070167996	11.696690712334806505623419070616
10.298916621203758836600172799081	14.170298917781526171211226028390
19.217130110896103900586240342818	13.924728813968581420112968771718
14.702662059299715480165104963817	3.776770840491981751085859286832
5.662820074535211745114793302491	10.556224938740264462921913946047
14.494499841271679230203517363407	18.325566571159754403197439387441
7.460457281008834762303649768000	8.146962856916303508114651776850
8.357380472179020358680645585991	0.895143195733156815663278393913
10.424090490038761203095418750308	17.604210385639508018584820092656
6.817584827577883643812128866557	10.690563445188679736475023673847
4.346547397047718419571538106538	0.134280955884815700329681931180
15.401783656060322513781102315988	5.109456737296878436893621255876
8.879621884358842365259079087991	1.845550507229152259469628916122
8.872693762096012903839437058195	9.558584003696855901921480835881
9.287420437555033103649293479975	15.061280580965926034764379437547
10.359712911707234184177650604397	10.525860703343807855958402797114
9.878072767213321725421337760054	13.079750865018858974053728161380
6.293419080444825119968754734145	8.903682726806797731455844768789
13.985761599618985684401195612736	15.246954867518391907310615351889
4.129454862945288518005781952525	11.851674286139486369506812479813
15.468076831423671180232304322999	11.160645464542117366590900928713
15.395134893509888840412713761907	2.005520567825152866703319887165
9.364097764054124084509567182977	6.887966890013078824495096341707
4.076505357631948101015950669535	8.694129080828457034613165888004
5.084135098214956904882910748711	14.037330160102985843195710913278
4.568696646380923098718085384462	7.502842036027667305120303353760
16.012209861902785945630967034958	14.865697754026308885499929601792
3.084920144160624211338017630624	13.513596556940669302093738224357
8.343608391178079841665748972446	5.029050020302952894724057841813
2.218898559012822957470234541688	9.266086982903136259892562520690
9.792644794957023890447089797817	2.901919987349582896740685100667
13.481071083685264966334216296673	6.693330371129762923487760417629
8.004224122996022927623016585130	12.927211379732503004902355314698
8.278798233041074539073633786757	10.290937054665990402213537890930
14.135185944930690027376840589568	16.886312107525522918649585335515
5.728483155978517871176336484496	7.849555666388309482783824932994
3.095658015609704882820096827345	13.332109963101490990311503992416
1.713515689562170596360601848573	2.042873681051646794770704218536
11.536171828652545201521206763573	12.978874224262888503744761692360
5.059918408923834043378064961871	14.347518529359064132222556509078
11.949492067748217039024893892929	5.250090140222385848289832210867
14.998659270663202036644179315772	8.862714203279086433440170367248
15.298905289903375503968163684476	8.955432167308535085226139926817
18.343112277310297031363006681204	13.743569919338638030126276134979
5.663864299633511123488460725639	9.119395195609962812000048870686
6.713507160766788217642897507176	12.726645702648225366715450945776
13.249543431130947013230070297141	12.888599042667493677072343416512
9.587252168168539867565414169803	7.426462579543450459595987922512
9.090522708228785830897322739474	12.768333749543504751500222482719
12.858841823732912956756990752183	9.724457450595226148948313493747
12.669445761586308307755643909331	12.429688881130434907618109718896
12.338935558450179641454269585665	15.154482800134164932615021825768
10.014694305215945391296372690704	12.688906446915959591592582000885
8.706438810635118485947714361828	15.234066464101218230098311323673
2.295550209721736401036196184577	1.326648983014683258474519789161
14.182269713517413833869795780629	13.226982292569502419610216747969
11.073039220643936531018880486954	6.889080545761461671361303160666
17.322601711258315049235534388572	8.560195640772125358353150659241
5.624952583172905029584853764391	2.032619043557221338858198578237
17.147037575824224830967068555765	13.986689669083144593741963035427
3.757485205649374826464281795779	10.578390553284858555116443312727
12.435686223157306429243362799753	5.935538865464879521027796727140
2.566706286917379564727070828667	12.886636327330172946403763489798
13.090077272881982750618590216618	12.922459508261228577907786529977
4.173336508122701182799119123956	11.637344834345389799068470892962
9.862131242941753583863828680478	15.959054392006372324885887792334
4.143846319562695335037005861523	4.325671476703679019237824832089
16.658749866943672657271235948429	7.465579791885001981199820875190
6.402799579169144550405690097250	8.049324453681855118247767677531
10.987046881532524622571145300753	7.408381376735674095357353508007
5.213874836024199765915909665637	10.795519612705493983639826183207
12.094610026977210992527034250088	19.186879739965807090129601419903
2.786210249560890694908721343381	14.689394153554681921036717540119
17.549992171164980447883863234892	13.288185899612857454599179618526
5.259443957264338109780510421842	14.724207786687859567109626368620
6.411957756787003859244578052312	11.447155486147996938939286337700
9.797397347801805267408781219274	16.136583811140088329239006270654
9.289507254755257292799797141925	12.333207095167781019995345559437
12.154170982832846803489701414946	17.154832489246246041147969663143
11.891944339814795483789566787891	3.631997746314381547705352204503
13.493684491123111968136072391644	11.015104112640406341938614787068
3.670906270804278115349461586447	12.619073097474506894855039718095
6.255869649450819025560122099705	2.871815604509286856682592770085
9.054101942035469363645461271517	9.934259893901801419247021840420
13.458696849424013564089364081156	13.826371305785118082098961167503
6.192922321247040784442106087226	14.176032711621385118405669345520
11.787286223873490342839431832545	9.894619332061175498438387876377
4.282867778551740833847816247726	9.741655666611864106130269647110
10.335899261013747008064456167631	3.698632607845866449025606925716
12.113905806153042021833243779838	10.208617475146255060280964244157
6.638592359839186052283821481979	13.466146668522446461224717495497
11.026713067301002979547774884850	10.689419498775881933738673978951
12.528894846424091014114310382865	6.495763266377715616783916630084
11.672182663086426046561427938286	7.493243221756344496498059015721
2.144416737882695045414038759191	9.270270068029862642333682742901
9.977308951547065873910469235852	15.418479426801773968236375367269
8.731985657339066619897494092584	4.364828279676893352245770074660
16.541547940058908494620482088067	10.121084139500327481187014200259
11.862689927459291183708955941256	9.843115143360648744419449940324
10.719654359124518805401748977602	5.292021402801466933851770590991
6.676101132455201536686217878014	5.614636338575155427577101363568
7.174935636710040753882822173182	9.828593331321904713604453718290
0.646577186218202371037477860227	6.655811424854546132223731547128
13.133515208872227120195930183399	7.911668797552422027763441292336
5.871776530069389821164804743603	1.263942556613892875816418381874
16.502507159701313099731123656966	10.389844179208933994118524424266
6.031185941541164829970966820838	9.429998122707599961245250597131
3.649833133840049370633096259553	3.542629405147021959265885016066
15.855534154606118590891128405929	9.475745937588010647800729202572
7.593398358178477636215575330425	14.352833359702879434394162672106
11.412330069110204533444630214944	4.933518341855430477949084888678
16.410334930171629252981801982969	7.579268241789328897084487834945
12.916697410750828112213639542460	8.336512634987991887669522839133
4.773778816949630687815897545079	7.681681809492953760809541563503
8.727223255984709382460096094292	5.448347421390730360712950641755
14.690451263802147607862025324721	8.477891329514550378121384710539
15.657087988932666178243380272761	6.637755088917539403325918101473
5.166337382410127077037031995133	0.089637568717828575159956017160
18.303962643881416028079911484383	8.776438428772001643096700718161
5.846973195069748108210205828073	2.762736651402498466723045567051
7.286181404587168231046234723181	10.986172400748621669208660023287
8.826835164483547657710005296394	13.728532038196091136228460527491
14.693584721843745199976183357649	5.190050202326195183388790610479
8.451874241385683106386750296224	7.992640762143227384228794107912
5.203367653614937360373460251139	8.357301793061704842102699331008
9.465359307782238218464954115916	7.761513465351501217526219988940
9.628535821069007738515210803598	9.456048231215719468423230864573
8.384466300567044783065284718759	6.464376748988982512855727691203
