75
11.350777330795729369583568768576	3.997744127175803185991753707640
7.288119038375862501766278001014	6.150165131034848187141506059561
18.179778190279350269520364236087	13.112200242709738162716348597314
7.807668335193254094406256626826	9.273854294360347694237134419382
9.825141623436007165537375840358	7.473114493487372556046466343105
5.575371902297807658044348499971	1.709233461855916846872105452348
7.573064627312981578199924115324	10.321125877367277823282165627461
5.119516835888942907217824540567	7.441403065600295185788581875386
2.956812948663751772215846358449	14.127400914187752789530350128189
8.519691130410800283812022826169	9.514870500047795331965971854515
4.282077782510899766066359006800	10.987191385525493458885648578871
6.982010220190310256782595388358	12.824535875198780132677711662836
12.072479346252558585206315910909	13.265717322990832727214183250908
14.779519050269893654103725566529	13.542288372733018775306845782325
15.627149096440959397114056628197	16.382697482932016441736777778715
8.469785902898308904696023091674	12.239111057191692566448182333261
10.721125830381261323509534122422	16.730171130639845955556666012853
13.574077739881992954451561672613	11.693869815462718975140887778252
2.753480545143499824689570232294	7.148404088093322172881016740575
5.787065243251536372781629324891	11.061668154263488261790371325333
5.895213279508574544252041960135	12.577576733001748721108015161008
8.895395028393529912591475294903	8.300368393686069268255778297316
18.913941387170684294005695846863	8.708736303322112348723749164492
9.310114134796567242347009596415	6.406790135897674431930681748781
7.501067558614765040658767247805	11.101603165038142151388456113636
7.077629458544786089646549953613	6.595571131049352331388035963755
17.970697878015322146438847994432	12.046281070107594857176991354208
2.858011669064976167931035888614	6.390326060576550837311060604407
7.618800540694633305349725560518	11.531522570435356556117767468095
13.378890500455348444575065514073	10.525228115576371834549718187191
15.692239106062418230180810496677	8.941402187278228552713699173182
15.169659127901093498280715721194	13.862814624762311410677284584381
14.251825779123374005052937718574	11.210547509383919972947296628263
18.767470912798810189769938006066	10.881058834337627772015366645064
13.657576958435498681865283288062	16.470916725043203143741266103461
3.760613612484734247232154302765	12.632758898760757304557955649216
5.505559468952887058890155458357	1.658507237227220265651794761652
7.835824651318978872893694642698	10.756344755139199520499460049905
5.826237235465213437635156878969	9.786647175536307585730355640408
8.165748840698530131021470879205	1.177812870658099253518003024510
7.123150220253442022055878624087	10.502788409803152092081290902570
10.923518947307796267409685242455	13.982065127168830542814248474315
8.104472557223269646442531666253	14.634503090915682577133338782005
11.221744739494756260000940528698	11.002904706315291605278616771102
9.592140929446500763333460781723	8.359021244031316300038270128425
5.891005202595263057219199254178	16.778341640171380078072616015561
9.445922962735931349698148551397	3.536696209351848363411363607156
12.609166297191242378517017641570	9.299083914730175592922023497522
9.964819655431876199713769892696	5.311376743236411179793776682345
7.378063917971267926532163983211	12.401460950690443851840427669231
15.313204081006157153410640603397	16.764070941904787304110868717544
13.056798518073144066420354647562	12.348602254898185748288597096689
2.948968530095006368441090671695	2.886560566590859799873669544468
17.026182626344478876490029506385	17.150251226204961341181842726655
9.379755118539405245314810599666	11.979260151033464865122368792072
6.803906763893167841672493523220	10.804956540758976046845418750308
9.970691403431178656546762795188	4.908356836542001389034339808859
13.035809363410558958662477380130	5.238189930086759815708319365513
8.866985946982847366371061070822	14.981850872679231656547926831990
13.583478414214075868926556722727	7.987341181246243593250255798921
14.176702361636325022686833108310	16.470372779413928299163671908900
14.832165334468042416915523062926	0.637454341987147010684111592127
14.726379913880959904304290830623	7.980664098655212868038688611705
7.291963993192412729626994405407	6.953318723721237049062438018154
9.948284108824912763680003990885	9.176817568577268602325602842029
7.151608917719983971039710013429	9.913250815873514198983684764244
11.786561488973013922532118158415	4.939385843949823495790951710660
7.294358545248712744069052860141	11.869927992389715853960296954028
6.116888826274263557536414737115	14.616007275951998778396045963746
8.337918399766065746803178626578	16.962259999294904133648742572404
5.343319554467961474131243448937	4.693838402330086090330496517709
4.164948680144297199490210914519	5.542960038897972729898810939630
14.108657022576801765012532996479	8.489039170348490870310342870653
12.603619218853545191905141109601	6.370965355875387814421628718264
8.299842783958000680399891280103	14.285443374302193575431374483742
8.579093099568499525275910855271	11.771324082923234399800094251987
8.816732826414757084876328008249	4.633909946792167389162386825774
6.620201353832291246703789511230	7.147410666495574993462014390389
14.489195507380578931133641162887	15.798587459693344214883836684749
10.959891661466599543928168714046	9.365777827993266413386663771234
1.371611674256784096925798621669	14.438345009789344430828350596130
4.222634852954863404761454148684	19.616146992913449764728284208104
5.299420346653591629149104846874	5.345650320545157541118896915577
11.424427926862147586462015169673	10.319256896108521814880987221841
17.881811194009223697776178596541	11.077413475048526692035011365078
14.431786509540978968857416475657	5.452152875696356204571202397346
11.544451226323380055305278801825	13.021282503117724616004124982283
15.002603664976527753083246352617	17.295661216348396038711143773980
13.919210194972805538782267831266	11.247087605541192800728822476231
10.020748289374969530740600021090	8.542142957408838555011243443005
9.549250276281592064719916379545	4.369523693462874724957600847119
3.650807913607627686047862880514	13.519861209011670766244606056716
16.329912615019466670673864427954	9.814606163818503148377203615382
10.205779595137528303894214332104	10.351267572842347775008420285303
8.046214722049510825740981090348	6.401367582710263626211144583067
17.707267414530743820932912058197	3.676443483676080425937016116222
13.447932272411891929664307099301	10.099897725875669252104671613779
14.319486823616459858499183610547	4.553172791108181627350859344006
11.897330428288649173396152036730	12.972174731671842096147884149104
9.909647991967572622229454282206	13.875552445114340827103660558350
7.595036822794236641698262246791	2.470711693956556764817378279986
11.726264814131337033131785574369	4.757413207103516228357875661459
11.851514389046728936705221713055	7.365006734273518596012308989884
9.756416672278144019969658984337	16.819126889433324123501733993180
9.566885129143848587318643694744	7.491365697360285125228074321058
10.369000350226542650489136576653	5.385855567709191049630135239568
1.385098790559846637648888645344	6.524107601047528071092074242188
4.952423221431692113014833012130	9.178757493872700123915819858667
4.903998028353257154776656534523	4.200905011086536688935666461475
13.957709105515151648546634532977	6.742446287466130172560951905325
8.588935524935974896720836113673	16.838301062711632738455591606908
7.791185279835944221815680066356	9.229930837359523465579513867851
6.573961790768025892361947626341	4.190785819660200139935568586225
0.506429142684019506504000673885	11.254551486931044124162326625083
13.968326464998487068669419386424	7.506965454356661737733702466357
8.788604379242851649678414105438	10.270704935069502994338108692318
13.509974087859731639582605566829	13.008432566500626847982857725583
8.302639231906281835904337640386	5.896091189939976828782164375298
1.769190601391092965144480331219	4.701108825679590985657796409214
8.861081583724336852014857868198	13.147153008628807313584729854483
10.267997381903025910787619068287	11.966559274085433628442842746153
10.676779054626662102123191289138	14.865662569586781671659991843626
10.510443394264118666114882216789	7.878736554707982620016082364600
8.370683949739518681099070818163	11.088822679249775049470372323412
18.014757958541579796474252361804	15.975742778314499403791160148103
6.474703685859164892235639854334	11.195496829426680562846740940586
13.554391175573584860103437677026	8.404659787003772919433686183766
4.243736028101336543727484240662	14.257660272404317325367628654931
6.924452532134741211677919636713	13.652602085087837124888210382778
1.817534087035076462157690002641	4.210459670715716029576469736639
3.046364268285650656054031060194	17.193220257066929690381584805436
8.815326117417352946858954965137	17.043950349491463924778145155869
4.203530555844965377332300704438	7.561564485745037700326065532863
9.971791039473645312796179496218	5.189285332266939221312895824667
12.268467361774936463802987418603	13.900660388990637272854655748233
6.077407892002798739383706561057	9.829369450747389436173762078397
13.486766003729007579181597975548	17.144683920839025148552536848001
8.297174220489498708275277749635	13.757213780908664091384707717225
16.899918302513931678277003811672	8.892255807722341032217627798673
10.203334041857276659470699087251	13.681320948031821416179809602909
7.148065486873645291154844017001	13.796348011237222763725185359363
13.629630101096831040763390774373	5.836892108478906493473914451897
10.124407557612803643110055418219	13.848884081531730672054436581675
9.091273790712513402922922978178	12.660426826504483699409320252016
9.314329072378027873924111190718	1.650496453967295051867836264137
5.885965725524814118330141354818	5.156827188640309422851260023890
10.325429695505992100379444309510	9.787360347185183329088431491982
7.876163966866313259629350795876	15.406269275506156546384772809688
11.436603079982052832974659395404	12.213026110129604262510838452727
12.103413541737907621609338093549	16.818852005721350195699415053241
