75
17.347030362618166776655925787054	7.336699428396821431874741392676
0.656099806831591525480007476290	11.903328208967939971785199304577
15.016194695483205734376497275662	9.949403736630547001595914480276
17.666668738403686234050837811083	10.610800693312494757947206380777
11.991112537855187269997259136289	10.561481033034235466061545594130
11.699302255742667355775665782858	13.197628791876043763409143139143
14.357976237078508674471777339932	13.094110174475929397885920479894
4.258752817722291972302173235221	18.310632547539086090182536281645
7.408434662806070214458031841787	13.952105020992968675841439107899
4.065562226588170346985862124711	9.384557065053426683221005077939
0.911143233755923320771330509160	13.779478600299814416985100251622
8.020303397151304025669560360257	18.882051799363786415142385521904
11.691742744986088453629236028064	4.855055471259702493114218668779
10.348613897444129960945247148629	5.081622818710259892327485431451
7.208119922269776935763729852624	10.414363899340186137010277889203
6.898112248528079248899302911013	12.359750572552764324996132927481
13.105163802714871579269129142631	11.966676635133126183063723146915
8.652455701692254308454721467569	5.443025297839193754612097109202
4.962221181163515737466696009506	16.950855031924373150786777841859
10.095950658806142286039175814949	9.000751040667084978963430330623
10.721441225752904813361965352669	8.311570806682867740278197743464
6.958475042507000551950113731436	14.742695078861812518766782886814
10.059872941230009857349614321720	16.530840551620869405269331764430
14.151029542659030013851406692993	9.802313223291504229450765706133
7.957715053853728015553770092083	6.789064524563300118131792260101
8.757786308794139884525975503493	14.583909604058380438118547317572
8.193582196932329253513671574183	13.893455858053243900940287858248
6.806596836301086028697682195343	9.049447349520132632960667251609
5.408180789683270539569548418513	10.930221739676099446114676538855
11.470842983684811144939885707572	12.973881178828184701501413655933
11.541939067369913374250245396979	13.490187199326706846136403328273
4.468602514857585639163062296575	13.034976111912255802849358587991
4.882704700377472839534220838686	12.217067831636745367518415150698
12.588483841480647029698047845159	12.560469096745858763597425422631
8.153052842209625339364720275626	11.527208198547324258242952055298
8.107347479837789805401371268090	7.421595344865508536713605280966
16.077703667437329926315214834176	13.315625838513904355409067647997
2.570371658503090905867338733515	13.480083897832614070466661360115
19.086538118042469136526051443070	9.220832604273864419042183726560
10.816588567496125961042707785964	11.754699054437908856129979540128
11.277181143620946812688998761587	5.059046087097967436818635178497
11.536197622379924965230202360544	9.038911099165483520323505217675
15.323830968624445603154526907019	11.475118549151225977311696624383
9.560960606134473849238020193297	12.330367295544641947913078183774
10.490957272990755200225976295769	4.968736006585676712177246372448
7.104394027304306469261518941494	6.527210465403542549722715193639
17.056286146230149824987165629864	3.705746797207434273246917655342
17.412508432141649450386466924101	17.636679848256761715674656443298
9.400427930133178122673598409165	14.483426232372853093011144665070
12.612455797849385419340251246467	8.264203740854103585888879024424
7.522326265883763518615978682647	7.913569354144380341153919289354
12.412031107492941472969505412038	16.262160039650225940022210124880
11.178746804489762212142522912472	5.486803383905978215295817790320
7.397871520185567817406990798190	11.916720527217432135103081236593
10.409447958254942179223689890932	8.789065238193332518790157337207
12.448181220208917707736873126123	15.447091481466243223508172377478
10.084814423625335422229909454472	5.277699649864163511381320859073
7.686921958921013597887395008001	4.880107075656450632550331647508
9.429559248028571261102115386166	11.706204753192618994717122404836
17.256428005028457306480049737729	7.159416990129704672085608763155
13.151832275478989586758871155325	7.691664893722944817966435948620
14.988460857098790057762016658671	8.670254151554098953624816203956
13.418391638652058972525082936045	1.053204508651400805874231991766
2.240378273408607512351409241091	3.556285862988905144277396175312
12.643180255208982032399944728240	9.910255312004464300912331964355
14.417808409395732383018184918910	1.212111500100196970208799029933
13.485046077368822992070818145294	8.374762095215723789465300797019
13.782962620637247752597431826871	8.464470505103067310415099200327
14.789522490327897230599774047732	10.404958988720002466266123519745
9.876585837382254595695485477336	6.638321904129188766319202841260
6.185482259323380915816414926667	10.131622443683632184274756582454
10.555926122678540579613581940066	9.503306083118275182641809806228
7.270054382935247083707963611232	13.097280878973714735025168920401
13.318229307703361996573221404105	13.863344003763193867939662595745
17.623901640596951523320967680775	5.248170264053857003716530016391
9.264263980448927071620346396230	14.093636678230028635994131036568
9.457659798316077726099138089921	4.774609094294191891094669699669
14.321815758227710801975263166241	9.707233724777347916301550867502
12.279807122018912224348241579719	11.430776334607985589286727190483
6.359454113629420035636030661408	18.921613614625773180932810646482
1.708690575885940532430140592624	13.780286106588636840797335025854
8.724790316307322157740600232501	1.381317392048866388165606622351
10.047611584191079359129616932478	10.184681271876216968053086020518
10.563675172823815628930788079742	8.539515560503517122015182394534
11.445844838344381599881671718322	5.411282174291613067396156111499
10.088273978019378418480300751980	12.554838219387258746451152546797
5.531755931592891251113996986533	8.620960229749082159855788631830
11.128943317727827633234483073466	12.654464856611532752594939665869
14.368888924059170619784708833322	6.961198122210073613302938611014
4.587798748858312514187218766892	11.683976890261378756008525670040
8.233981991103856756808454520069	19.341284300208155144673582981341
8.606370666380060541200691659469	12.348190079674806085563432134222
14.541602839969343108350585680455	4.943349510935220791907340753824
7.629031518024138591727023595013	3.887177023835853617583779850975
16.784467438574331765721581177786	17.278696606700798099609528435394
12.683007295335073649766854941845	5.230355740146432452775115962140
8.726316616197349773642599757295	14.536545431109219705945179157425
6.468910051205111422234494966688	6.087631046212639951420442230301
10.347002968446391335533007804770	4.394856946058869340276942239143
11.607048461603827860244564362802	3.952797835435267970183303987142
8.181068568366926641033387568314	6.608578381918416511098257615231
11.542519702978669471349348896183	16.322872817086050645229988731444
9.709702925469020584614554536529	1.789056256872380012978851482330
11.283965073148557678450742969289	11.162777927152905732555154827423
15.660488443792445423241588287055	7.541384595403554769177389971446
5.427851112410126077634231478442	12.489021988291089115818977006711
6.311012899875482418110550497659	10.282937731610971354712091851979
16.248636129585598553148884093389	7.750592437048279492728397599421
6.961534389799862942993513570400	7.080198646104712167925754329190
4.798789195989002998032901814440	4.711299166321359699338700011140
6.451229068087138251996748294914	13.626164728654734048518548661377
12.972702152144790943566476926208	14.356475301804961119955805770587
13.476219142097418668413411069196	6.139216002140898353900411166251
13.128438625008078233236119558569	12.847299692273299598355151829310
8.641515482554950722260400652885	8.343045289726751079228961316403
7.705909604316397043533015676076	11.973424169827575624935889209155
12.003948653668782498016298632137	15.707910357339988749458825623151
15.570093355181478855797649885062	6.708205247601061849138659454184
9.744012241584616873524282709695	4.052521073068692025742620899109
8.961587209913984608533610298764	7.016922830046697256989318702836
15.929305666109563333066034829244	12.930967877444658142849220894277
6.927548874886424457031353085767	12.353870497395533334383799228817
18.475493283470811434199276845902	7.654044449740751154820372903487
12.174343121975557124869737890549	9.118330971084198210974136600271
4.557744621813607288629555114312	16.812615615284354220193563378416
6.628773290451539068612873961683	9.872788666541751467775611672550
3.698124284329111777225307378103	10.791312097466375874432742421050
8.736613941801223859329184051603	6.239322948318180905857843754347
7.874063069095551092857476760400	16.505485757059929596834990661591
11.902903959734816297100223891903	8.875728412336354011813455144875
9.098231471855031671225333411712	13.730442076040745291720668319613
18.907137008111309484092998900451	12.697944947657754610759184288327
11.602643721187176240050575870555	8.254192856955734569623928109650
14.122720016701361345212717424147	10.914507969176725055149290710688
16.471711319316703736603813013062	3.651708375410736007182777029811
6.133634090451694831358508963604	11.845908307055173835919958946761
9.667975575496958740018271782901	17.770215362191848385009507182986
3.235013712871798396975009382004	11.598773633271138194800187193323
7.424006875217266987476705253357	15.656170303891469686163873120677
4.473500613240966039541035570437	9.460493885378708611710862896871
7.681381479805548195827213930897	7.652209028238343258010445424588
10.101771549878732159299943305086	4.306705565915663669329660478979
16.325916753771789302618344663642	19.093830736988397944742246181704
13.786229530385739394660049583763	10.895161033382366966293375298847
11.057176093775352043735438201111	8.564158907925751407219649991021
2.650934713648186225043446029304	12.027560940694737467993036261760
8.978596580603975141343653376680	12.064001663639150052631521248259
14.314549678078886785215217969380	11.164553169750819350269921415020
6.683097721850738359705701441271	9.538843874853094817467535904143
9.078846840456815669995194184594	4.686476591349553189047583146021
