30
16.063902704574392288350281887688	24.067781621245721623836288927123
18.213327989239903814677745685913	15.063407585321906267949998436961
28.870351229110578827885547070764	29.867394301106727994010725524276
27.613432585758879156401235377416	5.612015992811336673184996470809
24.546316293017877541160487453453	17.920108427962063046834373380989
24.538531284241361873910136637278	5.942951727633268177442005253397
9.134169313240141363507973437663	11.606068903986473728195960575249
18.174152530616751732850389089435	13.286522655650971458385356527288
7.446805118174046000945054402109	11.944249896726125470536317152437
7.261379779966887326736468821764	22.716023489420109626735211350024
15.856436077980632148864970076829	11.796191296256305136580522230361
16.140388054416987984041043091565	10.777906104787399854672003129963
27.611620723419914469332070439123	8.504744890822410141595355526078
14.461861472473392709048312099185	21.385988170199496494205959606916
17.362259023687670378421898931265	3.383292039316356802913787760190
25.808337887608274741069180890918	19.337019826299123081980724236928
26.389043083830923563937176368199	14.089554387365991416913857392501
29.026561013649914144707508967258	29.350141124555854332811577478424
11.720222966952988485900277737528	16.272861514715664554842078359798
23.150559627501198889376610168256	15.083251574100849268234014743939
22.596346903024414842775513534434	0.894802070329867582643146306509
24.376837450990006317397273960523	25.342639377761400965027860365808
3.827778184367962577283606151468	6.935858526967923154415984754451
14.597852315502663600454980041832	26.694019525255839653254952281713
2.944993543763753329756127641303	15.139082431941357498317302088253
19.894717554876198306601509102620	0.290036564485134373825303555350
17.489419961358031230247433995828	26.905611597171507298753567738459
28.789845569020176441199510009028	10.259856320956080466544335649814
10.876292698641176315277334651910	13.226639137080569597060275555123
21.149585243169379822347764275037	29.573743648386155769003380555660
