28
0.003371073980414251991533092223
0.700097154141367639113013865426
3.223662787049650368942366185365
7.527560713782690982043277472258
11.504658225074194888293277472258
17.535082343116187075793277472258
27.292729488568859608221828239039
39.833340755658703358221828239039
61.023833385663586170721828239039
81.097873525841293940175091847777
95.161830740196762690175091847777
107.935345525593675120035186409950
121.151287848786409995227586477995
144.502701693305027674796292558312
174.999703993734101459267549216747
189.326611335114534995227586477995
209.427182013825472495227586477995
228.230419928864534995227586477995
255.707383742269257709267549216747
278.776153964446848476654849946499
305.121488917454144029761664569378
329.235105860813519029761664569378
357.757316861294270893267821520567
387.311511092155569713213481009007
423.076469693325520893267821520567
452.630694441764944713213481009007
502.065112166374319713213481009007
624.827181962603503961872775107622
