28
0.019531750863118979566479538335
0.717554195195965860420983517542
4.985884156899743402391322888434
9.038366067763607958340799086727
17.852094825024096280685625970364
27.303461196387342369007455999963
36.911127212012345921721134800464
55.767906477399037612485699355602
70.419372373912580087562673725188
87.000230489189831928342755418271
105.817203337047345712562673725188
123.424180684502331928342755418271
136.250413594658596139197470620275
167.009990507457501962562673725188
191.474756913581870776397408917546
219.237604813972495776397408917546
244.388010697761558276397408917546
257.214228349128745776397408917546
306.825528238193157903879182413220
343.935339193606694152549607679248
367.356268148684819152549607679248
388.971685629153569152549607679248
437.459299720631861418951302766800
481.337395668274666604702360928059
515.147098401160405956034082919359
560.876171634240108687663450837135
599.862430432410405956034082919359
677.331671511994841239356901496649
