28
0.001139104435099097534234147133
0.832171335009540769078739685938
4.304597534573069594898697687313
7.476251148691723358297167578712
18.427573158052453550226346123964
30.129131432520367184224596712738
44.041195031153179684224596712738
60.446838761892372815509588690475
85.128902550684429684224596712738
96.535816308008648434224596712738
119.203490961046966845060524065048
131.981750238390731055915239267051
152.082117081261117164103779941797
166.851219487939573582480079494417
196.311729741845823582480079494417
222.783848420248205002280883491039
245.482666098951568756092456169426
266.256088921025934723729733377695
296.122938563674438228190410882235
331.823990532354059723729733377695
361.690840175002563228190410882235
387.027878471807184723729733377695
409.987991997197809723729733377695
438.435684868291559723729733377695
468.302534510940063228190410882235
510.120539324589969965018099173903
538.568232195683776808436959981918
630.581925536722337710671126842499
