28
0.041312438306989496261678596056
0.451028080684229448760191871770
5.504670204621835871705570752965
13.603927907203591018969746073708
20.419880213922546374760713661090
29.095353210335229476868335041218
39.580052998947820697139832191169
48.460509923386297259639832191169
58.856536534714422259639832191169
74.852702763962469134639832191169
98.457771240114212218941247556359
112.516688000744252917684207204729
127.153663699668157960331882350147
139.472786014121282960331882350147
156.088722293418157960331882350147
169.240894618219414269333356060088
187.930534555636199911532457917929
211.510181727594414269333356060088
230.199821665011199911532457917929
273.535667612276824911532457917929
322.019531949364420597703428938985
360.610124883052776567637920379639
386.005073238727334228315157815814
429.340919185992959228315157815814
480.187673068096273709670640528202
575.392187016160505663719959557056
618.728032963426130663719959557056
669.574788546611898709670640528202
