28
0.036804166670549420814495533705
0.459028090612427774885873077437
2.483642254180061570423276862130
8.597532691591464271141376229934
17.887024201364638997802103403956
35.334557966726357847164763370529
51.578446821706826597164763370529
65.039868042146338211750844493508
73.811006025808396202592120971531
91.053402481963445325163775123656
115.056607343505106655356939882040
126.645178154905892142778611741960
151.783786142416516895536915399134
171.957556084593392142778611741960
197.096179330893079395536915399134
223.970724445657708656653994694352
253.220691049643079395536915399134
280.095236164407708656653994694352
311.926647852582846098812296986580
335.170788477582846098812296986580
357.239025782270346098812296986580
380.483166407270346098812296986580
411.423491721449465785553911700845
436.607678126020346098812296986580
470.958343328182309051044285297394
500.023393269786311066127382218838
537.316606160411311066127382218838
588.262445689306787244277074933052
