75
9.820054884591460364617887535132	8.762684042358976910236378898844
10.920444155195411894965218380094	11.687068899204035687944269739091
8.114571037548090615132423408795	13.171381530826947070522692229133
16.207152923395582888588251080364	12.020371654188542365204739326145
14.632130363775821990657277638093	8.286816748015574773944535991177
7.012155712289282583071781118633	10.453432704893073079688292637002
12.020242148899802359096611326095	10.554482323755026484946029086132
9.519383116939895472796706599183	9.477439906068354957824340090156
8.978598083072334645748924231157	12.940622372751265700685507908929
16.073417217649421218084171414375	10.801089703599835445402277400717
6.117859413181458982933236256940	7.526576392493643297143535164651
9.078461520215908464592757809442	9.624784971945983258478918287437
7.303756341881966207552068226505	12.486718000807632833470961486455
8.574758842066497521727796993218	11.962286397687520889121515210718
11.768065821860654196484574640635	10.878327502086973410655446059536
9.881260050749011369930485670920	12.925753914360035068398246949073
10.771237391151368356645434687380	11.542526055502500881289051903877
13.600919994942021418182775960304	7.452394095074239110942926345160
5.483519318552859900250950886402	9.433279246277457730229798471555
9.662536069649107162149448413402	9.289190670910572933394178107847
9.406746235945737666384047770407	9.980589117114922359519368910696
9.946136127196451681697908497881	11.793140332299330452769936528057
14.229279454109056146648981666658	5.278677646913303433962028066162
11.620572336826983317337180778850	11.364716060691765875390046858229
14.888095167519884043372258020099	10.831706532424806965764219057746
14.507462858251489734584538382478	12.177230088364172644332938943990
12.201360314196662670838122721761	7.310155295147035658942513691727
4.875589591108639986316575232195	12.311392764131857902043520880397
11.033220973000151587939399178140	12.775655058889153536938465549611
11.249240662148830338651350757573	7.826034446545871325895404879702
11.594987642562195162554417038336	13.055756015201353648080839775503
13.222174860860366862880255212076	5.912910087890658417109079891816
12.006325343702970442905098025221	1.664623104710999168531770919799
12.653368061129899757588646025397	4.936547203414861861858753400156
10.434301346986599057231615006458	9.520353174081787273053123499267
8.812893676559145461624211748131	9.169685931156418945420227828436
9.586786170227739489746454637498	7.056803681092240765337919583544
8.373955620523959808565450657625	11.852132389691268699039028433617
9.485658139254883991497990791686	8.010688967572434648900525644422
5.278368560781108165258501685457	13.988913344040785347033306607045
14.700696438793219300578130059876	11.254182775115692649592347152065
7.966602443376772590966083953390	8.910644182508349331328645348549
14.035132734934514076030609430745	8.274564701410467293385408993345
8.883924460559430968942251638509	10.863333541750836985784189892001
10.862528345410284558170133095700	15.459097559541087107959356217179
9.875637020677212163377589604352	11.472529157177888237129081971943
14.435751667054935509781898872461	7.815547151728314823060372873442
7.169480889750220242717659857590	8.293305689894960863739470369183
7.231615957019295493068966607098	12.189162593137796264386452094186
7.634111964953408602241324842907	9.820728894050349211397588078398
7.827566191922263882929655665066	12.672724331672661435277404962108
7.003883329666701129667671921197	11.246112284082105503557613701560
10.495199245091715312128144432791	10.452142484227998409096471732482
10.888525674639728535453286895063	14.194807784930182137372867146041
11.318301578565078457927484123502	11.420523432246413975121868134011
6.306144845146524069434690318303	9.716970319635857222806407662574
7.320324229099032464773699757643	14.287511580234548702605934522580
13.131126795496058434764563571662	7.916581802874169682127103442326
13.662506652032860188228369224817	13.100542721668597678785772586707
10.806349338358851142061212158296	4.586053807176890373398236988578
5.240825610030661607652291422710	15.452838266049694126991198572796
8.765938974430573793483745248523	8.481755985560798904998591751792
12.682608781477160420081418124028	11.262655950947019434238427493256
8.869340812477634727883923915215	10.881761226210420190341210400220
8.313243551691464006125897867605	12.352864884493886421523711760528
13.711792495810287917379355349112	11.538145547532758783404460700694
4.878529495811115168635296868160	13.913197653695393185557804827113
6.232035789467155417753474466735	8.925850345678236763546919974033
9.918451863610302510210203763563	11.356501533658676095228656777181
14.756538332448066341839876258746	11.489604217142563413744937861338
5.848743522679804129893454955891	5.710685860399820512611768208444
10.639101425469565498360680066980	11.776084167125883794824403594248
14.495081123912397558228803973179	14.190459176100031157830017036758
10.811492704932824437946692341939	15.277972034414457169759771204554
15.067116048974527942050372075755	13.534030236677409675394301302731
11.536464010491506826383556472138	4.233041027431052150120649457676
10.348709714367254619560299033765	2.820750676781011545557475983514
5.324240620354586006612862547627	8.573573505152252138827861926984
10.946390832085256761274649761617	12.277128646120649690942627785262
7.300111724391558531976897938875	11.464858447296101928714051609859
9.651793275577567499112774385139	14.558237428916346090090883080848
11.174202244855488075359062349889	14.156097114726561514430613897275
7.720997915633692088022144162096	10.858066024514938519018869556021
9.441572507661636137754612718709	6.140832601702762794104728527600
13.108926986989697383023667498492	8.581785509919528820432788052130
6.841285674500122482299957482610	9.603278508758576137438467412721
8.752531829273909380617624265142	4.750870939484711286127094354015
13.709416768080735948842630023137	6.987733093827412922394159977557
11.506252130478731743323805858381	8.751754857736152359848347259685
11.232421952109326923618937144056	10.746528921951755464192501676735
9.444600137018371199815192085225	13.349681085560256121880229329690
10.842876648897483704558908357285	5.370577051588210970578529668273
13.961210902357345631230600702111	4.159377068545204281235783128068
13.297826532249439779320709931199	10.123331538371189708414021879435
9.591444445724830458743781491648	13.264816406196656473071016080212
8.011477703172669606601630221121	12.273883020399061649641225812957
12.555486313268438891554978908971	4.757110291096653398312810168136
8.216454407186692066034083836712	7.493264412772420612895984959323
7.827859077458502845558996341424	9.160614263310927540828743076418
10.953298671984207146579137770459	8.545266538552700907871439994778
10.688006672402428520740613748785	7.740808466891879291438272048254
9.113650801350189567529014311731	13.495165209598184219430550001562
8.514057207164299256874073762447	11.190368695953511135599001136143
2.473096617922449613757862607599	8.285984258889175890772094135173
11.981329612964398023677858873270	6.973746073037995429899638111237
14.530972307669230758619960397482	13.672672455340736163975634553935
6.909428246109756699411263980437	10.950453880500420567045694042463
6.808502704895894375169973500306	16.143080907290229930595160112716
7.571213294472356025721637706738	7.124543672692221996101125114365
4.157401816512333425635006278753	17.564411921178731290638097561896
13.026714156660627708106403588317	11.229337637045320619222366076428
8.409809439887244053579706815071	9.918311807964467874398906133138
13.296182309998270554274313326459	4.743656760334811650636765989475
12.389580105951136346220664563589	8.950777951712701963060681009665
10.400460657399229091879533370957	11.389097693461350147003940946888
7.556282486227793526722962269560	5.081126775584138499652908649296
5.298840267765607237038238963578	4.037811489723787339300997700775
7.228202535482468604755013075192	11.603460785028493873483057541307
7.166595748215301320271919394145	11.417646846635237878331281535793
13.337421335755685447566065704450	12.435148966440182860537788656075
13.526269347208156546003010589629	13.994399338914570662950609403197
13.771831023563356311001371068414	13.252423358464259450784084037878
14.054259925029134237206562829670	7.269356847920210640268123825081
11.147955447841976450717993429862	12.958795077802479411843705747742
16.189330934170520492898504016921	8.637290661263543611880777461920
4.360214144190088347841083304957	13.837631291386312426539006992243
9.346931891249987245373631594703	9.479795581052115949205472134054
8.812487021552508181798657460604	13.110410798170033075393803301267
11.483819134209827694803607300855	8.707445123395801900301194109488
11.068778018560182729856933292467	1.314278850598880943323365499964
13.220179022854253503282961901277	7.443735238041498725181099871406
3.543783668648624374242217527353	16.652881422224968588352567167021
11.630114823763230802455836965237	8.577802790464776450107819982804
13.975311588457007161423462093808	14.321950341387573502061059116386
6.512772557111989435441046225606	13.290358251889053065042389789596
14.054217988219988910714164376259	12.804345809599443128945495118387
9.793648713533016803012287709862	10.680153833321080369955780042801
7.831417131857512536896592791891	6.417584914129173867536337638739
12.431524236403246774784747685771	5.723860120486992997257402748801
10.511538360011607906585595628712	9.206582523337786483352829236537
8.993966531499159700047130172607	8.920452222224465543831684044562
9.222852960312101444628751778509	9.579198555283152671790958265774
11.202818869687686031966222799383	12.541550422988699153847846901044
11.330110328739388947383304184768	8.477001351065304390886012697592
9.998739834402861959006258985028	10.411752052749285724075889447704
7.158003937728658172545692650601	10.064606916810920012039787252434
12.144759966845368737153876281809	9.689192072192115645634657994378
9.384858825227203382723928370979	9.041196265854477331913585658185
15.361702843868465961918445827905	14.447748768589846690701961051673
5.042705202697531419175902556162	9.511449290227741215630885562859
14.060474789495376768400092259981	12.901671712206580266979472071398
12.501504360728429077198597951792	8.054942358150144698925032571424
5.603434303587060405504871596349	8.557938824509038866494847752620
6.606040740272099753838119795546	7.716348985701793949942839390133
13.135846464783455189717642497271	11.103371747087406262721742677968
11.184725550638633606581606727559	9.974068355240142125239799497649
7.163744785769428524702107097255	10.377147442348134021017358463723
4.928141851353394109480632323539	10.174123989537072532129968749359
10.534043818040549567172092793044	5.007160079598550694868208665866
16.270463143665278238358951057307	15.920612923472271305058711732272
8.452917378213026466937662917189	6.401048182151743759504824993201
13.476972998848182783149241004139	9.705979522383241686611654586159
7.792023208099488229549933748785	9.879933244043161977288036723621
10.410943064797557155998219968751	12.550696780936402063844070653431
10.227119085181369584347521595191	9.840081977013392489084253611509
10.518887223835257316295610507950	6.214726005586534540725551778451
9.738881999323345084462744125631	11.230386444747407992394983011764
13.494348256926606666183943161741	8.743366595131176310928822204005
9.223659550656327255069300008472	7.409389577972751439460807887372
9.506549965978702942948075360619	11.551658873717491005095325817820
10.623000708536860514641375630163	2.655830623367611220686512751854
13.858059670396555063121013517957	9.194149653882535133675446559209
10.772122401781382805552311765496	11.069140340971559410832014691550
10.305674238167187084513898298610	11.017588906988393659958092030138
5.659953657962280004767308128066	12.003344807959877016401151195168
14.896080109421989234874672547448	12.344176730915654260911651363131
10.539029113145659266592701897025	11.502113647065669965741108171642
11.269135739953449970585097617004	8.151014100404969653368425497320
6.554536192413570105941289511975	9.514054904847709437376579444390
7.170083939861367383628021343611	13.854366848828103542246026336215
15.145957507347752368787041632459	9.483437907696959712211537407711
18.349279261868051804640344926156	1.089976020275332135867074612179
14.689572454166802017994086781982	13.366432739245055927312932908535
7.999983802537284027778241579654	12.233757750366583749723758955952
7.801988602000454520180028339382	8.649465210840721951512932719197
9.837835814551716850928642088547	9.239979670944180156766378786415
18.912244366148030394469969905913	9.214808414065227992750806151889
7.982717053384834393625624215929	9.828789009638930096457443141844
5.251747954091751324767756159417	9.681667550432415225714066764340
11.908898894066833662463977816515	11.249853584698698227839486207813
12.531156318694829820969971478917	2.822313176225204056635220695171
11.376658669691540382018501986749	8.776918024292525544183263264131
9.655673528731647081713163061067	14.945537844299167318240506574512
10.287805995327945041140083048958	11.706215926957984407863477827050
9.313774244337876595523084688466	14.370828750056789502309584349860
8.518982724547477403120865346864	7.583478004148805240447472897358
5.914835599976774105357435473707	4.525329929587670996227188879857
8.897790015953578546259450376965	9.953613885040072162269098043907
6.800464247240579851450092974119	12.719472631149249863824479689356
11.071609014339214738242844759952	8.821103144833479348108085105196
6.388337311230376514004092314281	5.271898130329349285716489248443
6.791729737142595091370367299533	5.036504869204176948471740615787
16.465220810989215749486902495846	11.915832037552846145445073489100
4.374008829519004493135980737861	8.923616009199438536825255141594
8.246821022407925028119279886596	15.998704753406997269848943687975
8.706013631044832834504632046446	13.772045935359408019849070115015
8.742260913883791673129053378943	11.261162143237816835039666329976
7.054416073992197055986252962612	10.187120289033000375411575078033
11.534465213910777947603492066264	9.249650912907231514736849931069
8.573294330605735424910562869627	12.027349582601830846328994084615
11.303004738319888389241896220483	9.909582888813895706903167592827
8.722902647303305556647501362022	9.388256657463607268709893105552
17.025894370911515807165415026248	13.172807903571385423902029288001
5.377182970558336272404176270356	9.491090877209382270507376233581
9.634481017676673531013875617646	11.619524940570608251277917588595
9.933470431303815573187421250623	13.402493863751997693611883732956
8.322734360011253329503233544528	8.960386466461471854927367530763
0.252819348191326120911526231794	7.323931404043440451800961454865
8.710408900581462887657835381106	16.500502588989544250352992094122
8.153200777679913358042540494353	7.107250660008184617311144393170
13.032684124742564435450731252786	5.312658441788114416226562752854
9.760778591229065881407223059796	7.963090871403768034042514045723
7.026364971388425750831174809719	2.923163989670191309500069110072
6.465926321605269144754402077524	9.859954723357567729635775322095
11.222653990233236953599771368317	10.564792990716972198583789577242
5.858808446228080057949227921199	11.976591115109529894766637880821
8.445675864446961611520237056538	13.287365982694092636506866256241
12.222450782543470282348607724998	9.963609344244202858931203081738
12.400726661923778593177303264383	10.731188804966718564060101925861
5.503355865251069012344942166237	13.962325571191154693906355532818
8.778777113237119067434832686558	8.024626602161072597141355799977
12.452668266162435273258779488970	7.854539392607021497383357200306
16.516560542065597871896898141131	8.151801267641047843426349572837
6.351354967109121396617865684675	7.342769058325036013457065564580
14.152981714307850680256706255022	11.154511782753864679307298501953
14.145688918171373416043934412301	9.141615996402562061007301963400
10.185162444837299489108772831969	7.658470300624868443151171959471
15.274958307364034482134229619987	10.595665066171454427035314438399
11.162063731965469415285951981787	11.576078827801010717735152866226
6.900816010245403475664716097526	11.871838539824581815196324896533
6.587483482184537386672218417516	13.243287232952688725617917953059
12.124761217796756085363085730933	9.542188177464465681509864225518
9.927492634282492289798938145395	10.755925756870274412335675151553
9.573697543800344433861937432084	14.567598677190837008765811333433
9.558120085503889029610036232043	12.331005143178012772864349244628
11.720911877086233943145998637192	9.950498022607273895800972240977
4.137017380008860101270329323597	14.798896775118645763313907082193
4.037155519899013000895138247870	5.298443631656263974605280964170
10.926846441229002948603010736406	11.033568258937302530853230564389
8.181819446811539719988104479853	10.813428161547125938568569836207
10.554041798330626278357158298604	8.243413155509184520042254007421
7.577397690950341768711950862780	12.427463615932701657129655359313
11.792684738912500463925425719935	9.886441207648703155541625164915
8.393952599589699303805900854059	8.265264141512005835465970449150
14.181716745178311711583774012979	11.200860569171894098872144240886
5.378415318004782008642905566376	13.181193280398252554164173488971
9.520995476657006406639993656427	15.857752837922181043950331513770
6.725493779265050875437736976892	6.495091124704966745184719911776
12.597308715065029360857806750573	13.308156554096244761353773355950
8.150054431023386669608044030610	7.799387452029527878494263859466
9.307184204553216488875477807596	12.291122871740876476565063057933
12.038479056993477200876441202126	8.869216249001413032715390727390
8.824425910684240648151899222285	6.571943434644721193649274937343
8.092982267113972838501467776950	7.263662568790839380028501182096
5.862653585451038651399358059280	11.214705084148050673320540226996
10.942419266892548179725963564124	9.455820798087795964192991959862
8.040248505812899182387809560169	11.470741982907947331682407821063
6.310602183012315791188484581653	8.516358637184126223473867867142
9.644894182004879468195213121362	3.262359358578964751984585745959
10.413642924630625685722407069989	15.207156794593224446998647181317
9.885993057707805675704548775684	6.577854124372041866308791213669
14.617725006711802748782247363124	11.010537395363860113661758077797
6.292701078098230205171148554655	10.689092384297008919702420826070
13.504128930044810630306528764777	11.363306430017969361756513535511
12.360606964036593424793863960076	11.085443482884524968312689452432
