75
11.279970886789433492936041147914	12.630305397740846373721979034599
12.538224613718888633684400701895	12.806873453504710624883955460973
15.775106612544592010749511246104	5.738254689089039572991168824956
7.320230037879624340746431698790	9.670732237298539146763687313069
13.801453941029256711203743179794	7.274472855065126530860197817674
16.007536347560396450262487633154	7.220133232322186067619895766256
9.124184758315912802117964019999	7.771482957586261619553624768741
9.584659391877151435323867190164	11.387217009609377882384251279291
14.354888587528851218166892067529	8.425548406050404892653205024544
12.201974677443281791511253686622	8.768728888880422900342637149151
15.234378832779253087892357143573	10.828190860126522210293842363171
8.171975784105656614997315045912	13.175124000110031374788377434015
14.429626570197843449250285630114	7.361365648685468165979273180710
13.205554157401099502067154389806	6.707238130653375485223932628287
13.887977361350680283180736296345	10.792890781108177122860070085153
8.711891942042058190054376609623	10.672948476121920435844003804959
9.097651043219558530950052954722	7.110677327507351819235736911651
9.651924038048120380040018062573	10.611161829859957705934903060552
5.542931681354502870817668735981	4.596097367680266110312459204579
7.624388961591793467675870488165	8.685315750285084845927485730499
6.910643413155426628691202495247	12.345862785673459072199875663500
9.604456735349197415985145198647	4.488221680694588044957527017687
11.669024923803091198237780190539	5.602721054442575621123978635296
12.435856218904653758272615959868	9.741693468953455337100422184449
4.928962611868506371592957293615	13.826200704527511931019034818746
9.117613820495154897116663050838	3.672778955254710986366717406781
10.111138925457607840030505030882	8.241034149598506886036375362892
7.378406632848281354597475001356	11.023024532517771589823496469762
10.138542539760052818564872723073	10.170633807184369601372964098118
9.539297624678056308766826987267	9.538067477685219230920665722806
10.290442743356830845868898904882	9.616745497501227646353072486818
15.895062720330187744366412516683	11.296601417959829305459606985096
10.264675882372927162577980197966	8.500851588016733018093873397447
10.022989296687008220487768994644	7.364651564289176555178073613206
6.264445247004529981893483636668	2.958832259832458788650910719298
8.833997961365335882533145195339	6.669250917312840698514264659025
7.793965782397867414488246140536	10.687569577717720648024624097161
10.120305329581533726468478562310	7.992575949764962217614083783701
2.900936937404438253906846512109	7.523884922552537268813921400579
6.029139319295989452029971289448	8.503881489801905502190493280068
9.169110482542711437758953252342	15.298381762166213704290385066997
12.175089017903610866255803557578	12.449259243035061928139839437790
10.417209497145336172252427786589	5.965636672110194993479126424063
14.516177062491111726671988435555	15.077588542315949027283750183415
5.721390751422723575103645998752	14.308195321608863537221623118967
6.368820470409017886481706227642	11.660599330018033725764325936325
5.631796543092239204497673199512	10.512199133126271632932002830785
11.448158864591251315800946031231	9.995282817962744204010050452780
9.860767928107893709466225118376	10.825482225504826416795367549639
13.802528063889964116128794557881	8.004344700399240508659204351716
8.515696025654101219970470992848	9.542724116002288425875121902209
7.423635134693683745865655509988	9.185321335138008080889449047390
6.887068863866915968685589177767	12.117152063547267815124541812111
4.412390215757747924385512305889	7.682246817438864283644761599135
16.323687244275106422719545662403	10.799895619183306649802034371532
11.080376952146014701838794280775	7.506379931753137668692943407223
7.568681069291770313611777964979	8.557251253352204045654616493266
10.678591302564726106538728345186	13.372001496105379914069999358617
6.733759007018266906641201785533	5.472329518322126773455238435417
8.708813976048505267613109026570	5.705989715634301795432747894665
6.156654947938060118417524790857	5.750974733474288669299312459771
12.355233572965984123470661870670	13.551113150675652363474910089280
4.743986095172918027174091548659	4.590927676664566803310663090087
15.470475096212032539710889977869	6.802967298470426804612998239463
11.132938044846854452885054342914	9.454216911823664304392877966166
9.234870992828108526850883208681	9.536946793351994244858360616490
9.490153216307060546341745066456	12.117751762242013668924300873186
10.332320370996294300880435912404	10.490655683154553656777352443896
10.796107256304493304810421250295	10.707800435429220442529185675085
13.909595133447099968293514393736	10.474004674015397142738947877660
10.129742407841918705457828764338	10.521198726268961465279971889686
7.404332602905652649383227981161	7.940242329134045817795595212374
14.619505929692509837991565291304	16.057811247960614764451747760177
12.501975523563549685945872624870	11.926971705604255902244403841905
9.689885684510718633077885897364	10.846844876093474141498518292792
12.644370635187028639734307944309	12.552001091657567499737524485681
11.078290314866396926163361058570	10.876037846267715636372486187611
10.869218005582901298566866898909	10.499759863273414595141730387695
12.825736094044495771981928555761	14.127216725792832718866520735901
14.030783504740764300322553026490	11.647691345666236983902308566030
8.272429621564931778721074806526	6.322768470277897456810478615807
5.176295455564194902819963317597	6.041106226148439617418262059800
11.194742962796453866758383810520	6.482397243730626534841121610953
6.841524156084791030707492609508	3.784431271792809692300352253369
12.191777826221175118348583055194	12.152723307058092672150451107882
8.529231986910216889441471721511	10.456040468118636965755285928026
6.030316213114888412860636890400	10.966618935111725363640289288014
8.877009730521329800012608757243	6.590001185094918945139852439752
14.626984662963835148730140645057	12.724223275342424699374532792717
9.479257777646967753071294282563	9.680141892354281907273616525345
10.849122667423348076454203692265	12.644303685612969800899918482173
9.957174138102404370442854997236	10.256565929068408138391532702371
5.700769728315088435977031622315	11.171834420438255364160795579664
7.704647304173048993902739312034	12.330537437970381375862416462041
13.714975654970064766757786856033	10.162618910054675325227435678244
6.077930804288119048806038335897	10.426818812478495956952428969089
7.379713831007290281149835209362	10.412890024731250804279625299387
7.034541974379492579316774936160	11.560818109796549890688766026869
17.806015298305513994137072586454	7.040446306562442302379167813342
9.496663651908971104376178118400	10.656380412290237913452983775642
7.898017236610369806726339447778	8.630918992900902253495587501675
7.459022728837316762451337126549	7.000988466622436234843007696327
9.806363997663819276340291253291	10.756429680942341420291086251382
8.447668023804128623055476055015	6.664047808391833527252856583800
15.018810776679542229317121382337	12.309140424943631586529591004364
7.656414216801620931107663636794	9.568022898517250851568860525731
10.453786874488022462514891230967	13.237401741591071413495228625834
6.623160984121271965818777971435	3.228982925694243721892462417600
6.545040119413742196741168299923	7.467706558670827554635707201669
11.455867274968815294755586364772	10.781719531662817601613824081142
9.944730014063049239325664530043	15.913554833516236897139606298879
9.888342815139575137095562240575	4.135184283911624625318381731631
11.423370265777778698179645289201	5.621576227679266679615466273390
8.779830692582860862671623181086	13.291407572982214091439345793333
10.906360007148435897761373780668	11.852381240438120357794105075300
4.518120019142884302709717303514	8.927712987261255506155066541396
5.880236075178045140887661546003	10.295995712122991250225823023356
10.351155864615922297389261075296	13.908879300741654461148755217437
13.866475219046623834628917393275	6.866434418394584682232562045101
10.989572798199002789942824165337	8.730160214886945269086027110461
5.976334147210886627021864114795	10.596404258813146626039269904140
3.493089031448723957851143495645	11.107380531900252762511627224740
9.301374909617726061128450965043	6.250026819476531159125443082303
10.894956007200415015745420532767	6.146628125989741064927329716738
11.030351427220265847495284106117	12.353987085894702957489243999589
12.345992349853158742689629434608	12.676092856072093795205546484794
7.792297142952914867919389507733	7.591248090695106753855725401081
8.514032033238585484014038229361	12.439291389002612220338050974533
6.830059891350686918087831145385	8.994723056473516109576848975848
13.993708857387732180654893454630	7.949147786974845253382682130905
9.465025559513350117413210682571	13.119279167773820304887522070203
10.863649781837430907671659952030	13.946821565039588364243172691204
11.353115133468895336932291684207	12.728721100036400670774128229823
4.778020134694840770350765524199	10.623639042901936946350360813085
8.340970188092608594843113678508	11.282530994064966733958499389701
7.737879790914465871765060001053	10.866103473391245159973550471477
4.723209538130902274133404716849	9.287256074143240169860291644000
11.086017817548796671189847984351	6.690272645499908854560544568812
10.893601951060666976900392910466	8.236357001690873147481397609226
10.565262910383617978027359640691	7.296029211002414527342807559762
9.577498040341311025258619338274	10.259892153222130772860509750899
11.820473122855876368930694297887	8.340560013646788561914036108647
2.708989092080873017920339407283	6.258124397675711492183836526237
9.175786822331975400857118074782	4.535716478191630152139168785652
3.882525417423988489673547519487	9.173813160007057376787997782230
4.026211201756042967758730810601	12.350924637175582532222506415565
8.531534862437043287286542181391	7.801529928507187960917690361384
11.877725736864528371938831696752	10.129593696145491321658482775092
8.282996693486692763030987407546	9.729932350733054846614322741516
5.233331833088985085566946509061	9.134346680655641037560599215794
9.612428776250123263480418245308	10.892292201426178266387978510465
13.208444060088869065339167718776	9.056137695106166063396813115105
12.169249860880832159182318719104	12.455811440524907851568059413694
8.559989346525906483975631999783	11.353109171481316153062834928278
6.061254301821626278012900002068	12.042535565060930480285605881363
14.877512551578046640088359708898	12.131258665501928106777995708399
12.310703226840278290410424233414	8.331220346993575276428600773215
4.323570251046145784812324563973	7.817077114531399750774198764702
10.444015019680746192420883744489	10.180010933600311062718901666813
12.652995469590372579204995417967	16.261912088263645870256368652917
10.172422088675171281124676170293	6.881651703082450666215663659386
11.748586255452396542864335060585	10.997687793239615317020252405200
14.672385157175622083514099358581	11.082746761929653800393680285197
6.900909901258793333056473784382	12.035453712682395277511204767507
12.839847928968454837672652502079	9.392385066910115654081891989335
7.106829705266385133199946722016	13.931218272591101126067769655492
5.926076895090161222867664037040	9.165969420041289339451395790093
6.946986084592892574107736436417	13.226937268816453041608838248067
11.943756236517613089631595357787	9.824069181868232192300638416782
13.955187831756081351386455935426	12.853745382180623124668272794224
7.940572490601422117606489337049	8.507420356021890839315346966032
8.342479700677914777884325303603	11.350648161304800254356450750493
13.061159634586495315033971564844	2.223785246119846181755974612315
10.442687417896594936905785289127	10.320262448970453306174022145569
5.429598087141624951357243844541	11.132802891857584981494255771395
9.858152977571535302558913826942	8.843883245382647473320503195282
13.984679472247069753620962728746	12.297482093925655277644182206132
11.282466485947418632918015646283	10.054095037087035890976949303877
15.715875399543095980448015325237	10.290214619830715392367892491166
13.372799435538924583966036152560	7.703256509249947647788303584093
9.277152106274380471973017847631	10.261086636204245436942983360495
8.550912478657808790671879251022	12.363562941911112602610955946147
14.152394185011649696548374777194	11.081534959846495169699664984364
10.615470927042757409708428895101	9.757867446419211887587152887136
14.378845883968441654587877565064	7.651717008219478977082417259226
7.137634511820902361023399862461	5.500705857385642438828199374257
9.226963810039238822469087608624	9.582060497870426019062506384216
11.561782897913801093636720906943	13.567730719455223464819937362336
9.152787120122930275556427659467	10.200003487081557906890338927042
11.176749093311029170649817388039	15.027493798994754570230725221336
5.444125867924018535859431722201	10.197949214700571474168100394309
13.241461507679298748030305432621	11.925329906774186028428630379494
10.809317831976430923646148585249	13.149252960867322315152705414221
9.848464828764631917579208675306	8.147450077729208928190018923488
15.855029838856857793416565982625	13.399463663280039682490496488754
8.380649148044707175131406984292	7.543015842464001252665184438229
14.672360195145691008633548335638	11.864192376085153313169939792715
12.247412349382283736076715285890	14.130289880640127364586078329012
2.905566705055624421305537907756	18.770597492246352544498222414404
9.681169323907571566678598173894	7.556114050085042777027410920709
6.822606152208388508029202057514	9.741665061518098411852406570688
11.711785231752026348317485826556	11.567120087440709852444342686795
16.059231488099353413190328865312	10.426864456870983843828071258031
14.554728946363811203923432913143	7.905995322528644564386013371404
7.773211653255747144442011631327	1.800100208377128030434732863796
9.776167411559509190510652842931	7.885782928120536716676269861637
8.274910543598533507747561088763	6.841011046005223583676979615120
10.046089980277406183972743747290	10.035962600338388384102472628001
7.063632017341208602090318890987	6.453434972655722745571438281331
9.515842394479518517869109928142	9.350489173829899414158717263490
7.970648110057855006971294642426	5.288630224967964643667528434889
8.834855728110332151459260785487	6.363699998263097512563035706989
8.635840052055723248258800595067	8.916929110610150033267018443439
10.359463797568739806820303783752	8.077807807464033373889833455905
8.269706482912818401587173866574	11.910042847927648779204901074991
15.097794111953103168843881576322	9.658506004423637492095622292254
11.912349352268353896988628548570	13.187631360355375420567725086585
8.187085585327405823363733361475	9.556341356699363132065627723932
10.625473227968791789521674218122	10.719927882195314339242031564936
8.781324430948719950151826196816	13.426305955212336940007844532374
13.839977513564152289404773910064	11.193836568491022376292676199228
8.916462478751787656960914318915	7.756411246723686758741678204387
9.909184072416325150811644562054	8.248928920664583941402270284016
9.823470719868991452017326082569	8.273866786760509128839657932986
17.332856943149181461194530129433	9.199185421424042274907151295338
7.021602454124041159388980304357	13.134744841140630455811333376914
10.275709676747039722499721392523	5.018504162834896753508928668452
9.426588290251714852274744771421	11.112273698038148239675138029270
15.439984090618514400716776435729	13.856093496678774101837916532531
10.492496020440885473590242327191	7.406793847010729514579452370526
19.009388599116146423284590127878	15.573242534944766291005180391949
9.660243798647472956986348435748	9.190653555466397506279463414103
5.682077055290442046953103272244	6.150791141822942620365211041644
10.524925353529795302165439352393	12.420229031081124304591867257841
11.227207844942109105090821685735	12.793444974242749623272175085731
7.659554044864113286905649147229	11.663813426646052917590168362949
17.597862078793419016164989443496	8.928541919949505967224467894994
7.908097607482181601312731800135	16.530953568803312236923375166953
11.972673173876136942794801143464	7.561115892517729974997564568184
7.964239347408501146219350630417	5.843199559594742353851870575454
6.908899295860187805828900309280	9.924531734576428121386015845928
5.743774677554664975787090952508	14.466209141059673370932614488993
10.608369239217203983116633025929	6.805995692516503936531080398709
8.722772841592357551121494907420	6.714032609045133881409128662199
6.412253585943629374810370791238	13.256236654197717683700830093585
12.941108518978138519628373614978	13.387199325606641053809653385542
12.280531011774192151619899959769	5.261347782093323210972357628634
6.280838912838695442530934087699	7.304483239048806808568770065904
7.883053201420597844162330147810	7.328080240326748651114030508325
14.028033589365264788284548558295	6.320020619880786227895441697910
13.875397269218355589259772386868	12.504892952242354198233442730270
14.667800641683788498426110891160	10.385496206300757648932631127536
5.472406476503990369053553877166	10.904444291901716823645074327942
6.942616176254730930850200820714	16.353143321542525256973021896556
12.436747190738303814327991858590	9.133474861786879728242638520896
12.126200251135946572844659385737	7.675081057126825534453473665053
8.331351670946808951612183591351	8.620376092444466564757021842524
10.253180807952958275564014911652	8.764827973944573358267007279210
6.396680959037258418220517341979	10.501539828059911485524935415015
9.683586509418347532118787057698	6.134611502711473818294507509563
9.992807785898778050182045262773	5.275972378376504678954006521963
13.728973197475877299211788340472	11.345924888054115697855195321608
6.090520843396670436220574629260	9.176543070339045371497377345804
6.613121161422451876887862454168	14.407728098463723043209938623477
6.179384274336953808415273670107	13.023759128569190934854304941837
15.809166448657991921322718553711	14.797003043408126998770057980437
4.536563553911223678483111143578	7.633732188520520267616120690946
10.707916950329099847749603213742	10.446560197816788573277335672174
10.412061233211572286450063984375	9.235972477506180666750879026949
7.043178758887941093291829020018	9.256313378187366325278162548784
10.916617435483939146934062591754	9.835495923036390308880072552711
8.846533085924569661528948927298	13.233054225347668619860996841453
7.056781008670647281633137026802	8.757649786149228177123404748272
12.217077636652081906731837079860	7.870763113702944124838722927961
9.477602120821916997783773695119	8.259176820890738568436972855125
