75
14.263695751060009087041180464439	7.762355188762977142857835133327
7.540071392853660015020977880340	17.388900067194359877476017572917
10.800908910322675637871725484729	10.406490892067040476831607520580
5.306355974220386073625377321150	12.959384238828583590930065838620
10.319098624482931469970026228111	5.611276536742199283480658777989
8.231120512335573735640537051950	6.247653997978019013714856555453
9.423807005480488996340682206210	10.854436441118787470827555807773
3.747150353814407974795130940038	10.659505054514362143436301266775
11.842646776072500713894442014862	11.580351552183197227918753924314
6.598798619405341625565597496461	9.793991674697446470077011326794
8.305002637259173425832159409765	12.145624944798521838151827978436
10.734662565049591265164963260759	6.395750340650004694964536611224
13.230596658862348036223011149559	8.970163005914347564839772530831
6.708902118382772172822114953306	4.268719947513355705837057030294
10.087265551042104760881557012908	9.305651004363296507904124155175
9.459325421160031055478611961007	8.309987999364258470791355648544
4.490261357205976189277407684131	11.453327480668082927195428055711
10.526417906216186892720543255564	16.083421468740858983892394462600
16.446320695953986046333739068359	5.358678639979812530214076105040
9.431130077069557415825329371728	13.318116104016496592521434649825
7.577764478004205273009574739262	13.676683156289151099826995050535
5.435129527038989216691788897151	10.275020193996073913922373321839
9.704300794406101715594559209421	10.286876458291777325371185725089
8.047999129653723215938043722417	11.796831002102853958035666437354
11.497685746083496027836190478411	9.786665230241869295468859490938
9.420137025099815986095563857816	9.546342831246398930034047225490
9.058899870878175164534695795737	6.705755783635966693623231549282
7.431818575559824502363426290685	7.051724388083553840544936974766
9.408509911702763517382663849276	9.721271155360785343191309948452
12.219582524948124913066749286372	11.663453990246676283959459397011
10.837805322089955950559669872746	12.867715428951472134144751180429
12.499526941743171803977929812390	13.810972625867218965822758036666
13.380992005750051987433835165575	13.502153144514789318009206908755
3.557889321126994186528236241429	7.756506853774598475581569800852
6.135676156632998257123290386517	7.072515691738799681331784086069
10.197283551717122307422869198490	10.285999161252075140282613574527
5.838012733384350561038900195854	8.786779710681654975701349030714
9.919706763180892394871079886798	5.013595543041085456081873417133
8.704063340771140744323020044249	5.367067842133865340770171314944
10.505326877828787601742988044862	7.568669336239628009366242622491
7.434203473162104280902440223144	6.896509624260801274431287311018
9.632640873936241021624482527841	11.794166557851784915555981569923
11.476064692596557037518323340919	6.033439235155545254940534505295
13.144627772567513801504901493900	11.036884452568694214846800605301
12.415219868080642484642339695711	6.249673283413247126816258969484
10.964939938461407464842523040716	8.647527533948787592521512124222
8.010060068915937137035143678077	13.254804709009418317577910784166
9.959878638456475030693582084496	9.014449053698513125709723681211
10.977161352257343907012909767218	8.203325067948105342452436161693
8.275702474876307945805820054375	5.963205958410560114657528174575
9.651320481065212675275688525289	9.559876741960247059637367783580
6.787286574378173398258695669938	16.421949227628747536300579668023
9.489901887945611846930660249200	8.089122610229782850410629180260
9.638589813097311775891284924001	10.997793570910904037418731604703
8.695051070251963665214134380221	4.616955589605375109840679215267
11.995810613837051050722948275506	9.990515439237393380267349130008
14.334491086550595895232618204318	4.693255660056466993523827113677
11.529385981045452425064468116034	7.847016971395759377116974064847
12.129963669511150570201607479248	5.917870320252734295252139418153
9.789933855742917856446183577646	13.959020605167916428968055697624
7.085864349015204233239728637272	12.757309910481477999155686120503
8.144358788981273633567070646677	6.709605628579596192651024466613
16.127100239717631069424896850251	7.696239614696807507243647705764
9.800672958124389211320703907404	8.279536122268147835256968392059
13.549846807482058608229635865428	9.451706445324774108485144097358
12.534242474074618556301174976397	8.654578856796257824157692084555
13.068031031405402231371226662304	9.769454799535408184851803525817
6.766241941332746812065579433693	10.445106695034837684943340718746
6.558381031982190911833185964497	13.574707403638438307780234026723
10.204737649116125908221874851733	16.854173457811501890546423965134
7.829917655716136515309244714445	10.534256670183042459143507585395
5.261031573744386236057835048996	14.550033859571950500821913010441
6.267126507927646805740096169757	10.202743619956585519048530841246
8.339052818778677433897428272758	12.807681972337823239627141447272
7.726767258001942195733136031777	12.679827059042029446800370351411
12.328578273988027191876426513772	13.043640547427802545144004398026
12.460386647461335840603169344831	8.572467658801654621925081301015
14.264818088374623172853716823738	6.504455422655457397240752470680
12.737156659768832156487405882217	10.101604400279711626353673636913
3.816644095930617819334429441369	11.367467737646547831786847382318
6.552949243861909245367769472068	4.840192508491683476279376918683
8.432545382622086194146504567470	11.744798337860309800362301757559
10.256997829650019937730576202739	9.774492399918417007143034425098
8.754601560841697605042099894490	8.159667627190046346186136361212
10.216891500059844588577107060701	7.026548929790244812920718686655
6.796930724510717780617596872617	8.588199871927770345791941508651
8.150193584935111701383902982343	10.420748128316807523674469848629
6.074826449572112707642190798651	9.549954294536929566561411775183
9.601954288515807789394784776960	10.182329690769039487463487603236
7.660451352363519816890402580611	10.169630840631187496114762325305
8.156219048689566264442873944063	11.450328691758883792317647021264
6.550522897187699200571842084173	14.514692344235905707705569511745
12.932159771351644295123151096050	9.099842009378884100101458898280
12.787973103921373763114388566464	5.383181020631774060802854364738
7.205458473316001644093375944067	13.786399085181974655256453843322
2.940710911759128354248105097213	16.450174827529757237698504468426
8.301548235758945182283241592813	5.114205705744328867012882255949
7.328099617648089036947567365132	8.011717224571921036613275646232
11.021810367042604639209457673132	6.820312303897702932431457156781
10.641509893533580566327145788819	12.306642993470138236489219707437
9.490360320776090929939527995884	9.132767945215674032510833058041
10.494430324289362843614981102291	14.372248101684599319582957832608
10.186769214570945862874395970721	3.458494377717087786550109740347
9.599743734474142087265136069618	12.497812511069966490140359383076
9.486337284637958333632923313417	7.227833766330937770305808953708
4.186439178092065560576884308830	15.912560613350303029278620670084
9.503451978727863291851463145576	6.465855894441290274698985740542
9.911604681111198189569222449791	10.240715466222221508019174507353
6.162460026335392804242019337835	7.956951104619922610083904146450
2.143185706493081266188482914004	11.745954696771864433912924141623
12.639226025621802307341567939147	14.671690450366583036156953312457
9.419872194927961572830099612474	9.455317931858957081203698180616
8.362509095926412783228443004191	12.798158688796149817790137603879
5.133191981493640199118999589700	9.853284401033313599782559322193
13.128985531733611935578664997593	10.127930041318663256788568105549
8.069784610128827750941127305850	10.509524890853180423277990485076
12.762042605266485040260704408865	11.443333460821859759448670956772
8.504887922994315729852132790256	7.371119947231490776573537004879
14.329953755937850701229763217270	15.874035164467796832354906655382
6.650414083434023737595452985261	11.443549398579634157613327261060
6.116262512804673256994192342972	10.221608638972096372299347422086
7.624329491536542491303407587111	16.765991803541805182931057061069
8.584644031455981760814211156685	9.445206030190941959290285012685
8.162281445949751912394276587293	3.020720891170968425143428248703
5.913817565583776136861615668749	6.598131301796406944504269631580
10.063403194484042302292436943389	11.282296661931864534267333510797
12.371995739850211393218160083052	11.395211034274982608849313692190
14.139786419870560507661139126867	13.490667422180129264575043634977
14.685319672999936457813419110607	14.119477210067657324543688446283
15.228034452818214106173400068656	10.471242713668514667801900941413
5.931593420718577647221536608413	10.667488328804134667393554991577
9.184245604161203502258103981148	10.184714030932868311651873227675
10.835094894834750078871365985833	11.227598050889898928517141030170
11.618310055740614927799470024183	10.161705190197316994726861594245
8.635569734024564070296037243679	12.295489575053688113825955952052
10.502585999763171642484849144239	12.467836855874917745268248836510
7.349820630110395214273921737913	12.424065966131886185053190274630
11.540861539744215136238381091971	11.041581810111358308290618879255
7.770814874903974711628507066052	7.695237523011048352827856433578
8.351113921945000129198888316751	10.122801078985546041622001212090
11.991924619244544558682719070930	15.917430862560962623319937847555
11.727468589262125320260565786157	10.062353848438071679538552416489
12.604491231281487628734794270713	9.499310951558690874207968590781
7.267338930759067672227047296474	8.596386473984484410948425647803
16.411500863311065501193297677673	12.752221715493261555707249499392
7.279714501827386108345763204852	8.980478605291711602376381051727
11.248236570855169702554121613503	7.610698669165115504142704594415
5.640173010335648662305629841285	11.261244099543532115603738930076
9.795917572146988661074828996789	6.453597480049840129368021734990
8.689768088357469721927373029757	10.540612601939129078232326719444
10.879443418128444065473559021484	7.015206950676177832804114586907
13.812223353826389882215153193101	6.789555359437033033032093953807
9.816404007098427086930314544588	9.003469591991201781411291449331
13.646425307175968910655683430377	10.033625390515194197860182612203
7.704627352141917739913878904190	8.806120366263430199182948854286
6.922792873300028126948291173903	5.243346897109500304168250295334
11.048417997730881623397181101609	14.311722263311338565472397021949
14.557424372542284274345547601115	9.766880065475445960032629955094
9.828984064423194055848398420494	5.892293178549920185105293057859
7.408480419137368322424208599841	6.852275539255597180954282521270
10.299688912212971558801655191928	4.791857851015773661629282287322
5.946849656203739620252690656343	14.913551442720997641799840494059
11.039280680691005542826133023482	9.262937087004697644943007617258
3.938083642059366784593521515490	11.632508785091900449515378568321
6.945359456914621532064302300569	8.462063979778260858211069717072
13.254029324103091980191493348684	12.578985477295278272436007682700
13.357258725259621101599805115256	7.769769162679422080941549211275
11.211517135776125186907847819384	11.212881750228689270443283021450
12.091147713028348675834422465414	12.601202462196201992128408164717
11.434323866257674495727769681253	8.440703010470867795334015681874
14.218095218557424530558819242287	12.357679766213779615213752549607
6.719200689533693093835609033704	13.109140065858579049518084502779
9.631465316368421625270457298029	13.449877716730393117927633284125
8.498172276122884838400750595611	7.943033660391344952245162858162
13.497283238873869493090751348063	11.912289323756962033939998946153
12.329129973592511504421054269187	5.942147844373504739223790238611
6.058832459557150329487740236800	9.338985867472555213453233591281
10.793610384119332934460544493049	8.967774847619145006660801300313
10.411265697192584767094558628742	10.633012450344738297758340195287
8.445550383033555874590092571452	9.458446661724851267649682995398
12.026837091844537752649557660334	8.107343318994454151038553391118
17.491643329895758540715178241953	11.182771610518264182587699906435
12.238458948792086289358849171549	6.928802713001689816962880286155
8.710618114348131157953503134195	7.378589847249684474661535205087
6.231131885357447330875402258243	7.547574752759220295672548672883
7.992124686445729153660977317486	10.525432569996972631543030729517
12.153169896603433386417236761190	16.177528049079580085845009307377
11.400411494253013700017618248239	9.112294287451769392305322980974
8.426263480097214042530140432063	10.986619508208651296854441170581
8.673060328312461209065986622591	10.928457391806476906026546203066
11.663775292156401519605424255133	7.614351713837990587308013346046
4.661749649039451881549211975653	9.027054437993216495783599384595
10.079674352753913879610081494320	6.964454247869250380631456209812
13.510173390701705642413799068891	5.814168465166282828704424900934
4.895201778312854301589140959550	12.528904958903119393198721809313
10.874618934584097118545287230518	11.493310601886376431934877473395
9.546721094854346389979582454544	11.199126768934094755536534648854
6.869714013814753883480079821311	10.156143797346562251959767309017
10.852297145297422176213331113104	9.127279481282551287790738570038
8.685286785893458372243003395852	10.467447302353741989122681843583
7.404869058472096199352563417051	5.497241202688791794628286879743
7.856626331892452519412017863942	12.279172490232918235619763436262
11.425975936431843393847884726711	11.211926283871996190555364592001
8.743750328904196678081461868715	7.599559335514512348197513347259
13.759099248767872936127787397709	11.357279189812970798811875283718
8.614658098878523517782923590858	13.150837164179847604827955365181
9.509180132469802870787134452257	10.489875281408945539851629291661
11.340866574558944535056070890278	11.109534040993310100020607933402
8.911580475188426220256587839685	7.844877310255083280310373083921
14.391065844658504246922348102089	5.571910830617362364591826917604
10.445680672706300740060214593541	7.466445393514461237316481856396
9.308017217930029119088430888951	4.331585883849933260592024453217
10.072491118247874908320227405056	11.893308854190959067409494309686
12.770269634101003575210597773548	9.835827981684277077079059381504
10.455692233595220486108701152261	14.008250453948244640400844218675
14.781089961818416611549764638767	4.959600577715275626644597650738
12.298806683232971437291780603118	11.469981190109416857580981741194
12.988804308960020250651723472401	7.165758355417849223556459037354
7.545560337485521351652550947620	9.676864394602418428803503047675
8.400697480853800414024590281770	14.509880862917517774235420802142
7.176148611905647456410406448413	12.544201781792649441626963380259
12.112879290603601134534983430058	11.560951870688525033870064362418
10.936321323778456005015868868213	12.083928506654972423461913422216
10.162970004282637859205351560377	12.859928991006851717315839778166
8.606889198091758785835736489389	9.326807586884026335383168770932
8.930538432872124232630994811188	9.996204655606785394184043980204
4.734829322077983349004171031993	7.766670592641943038358931516996
8.837892367569981644237486761995	8.858400841610112763646611711010
11.481919095677181275050315889530	8.775659686177530005579683347605
14.912993741353751886435929918662	8.659409978867307344785331224557
16.315673219586109610190760577098	12.381325757891799455023829068523
9.563016924369570403996476670727	9.982666703251362960713777283672
10.491392147207999840929915080778	12.022919711814669341265471302904
6.483940296202050035390129778534	5.549420049473176241860983282095
10.202027310785517499880370451137	8.131254565078704032998757611495
11.908500742046195242096473521087	5.113549166453191574532866070513
5.583152090290803393202168081189	10.473702637654353608809287834447
12.413547703486447204568321467377	9.602685615512202232935123902280
7.777656228244135050431395939086	8.519127038237581217572369496338
10.272336643690808344331344414968	11.700944528601464611483606859110
11.471987427090633460124990961049	11.604876162173978215719216677826
7.958357831468593879264972201781	14.584983362372934578843342023902
7.351123361736338068794793798588	9.958187053269469402039248961955
10.711219798223845955931210482959	13.542764692650361979531226097606
7.120870109967807337625345098786	11.007773307309323129743461322505
10.664141439049009463246875384357	17.129023640841481324059714097530
7.371094452112936679100130277220	11.591881395374187491142947692424
15.286734365044967631774852634408	7.483997557539380451885335787665
7.914398139130776499428066017572	15.062504228439737019584754307289
9.613410148156962264920366578735	16.565002982656555019502775394358
9.739311337527970735550297831651	4.120743074375180725610334775411
12.289263431269752402386075118557	7.948386798660631136215215519769
9.958791108803991320996829017531	7.020572329669021449660704092821
11.141431385261052255941649491433	3.882381289963996451319871994201
10.616226039087486299195006722584	11.535540448992744444467462017201
8.047420354125318198157401639037	9.210688698585002498475660104305
6.035586755261147295925638900371	12.292848326036523332049910095520
9.440227106420694624944189854432	7.458097984585663198231486603618
7.857115829097875092656977358274	10.142545103800852501763074542396
7.755479967123423357122646848438	11.768392437850447862501823692583
11.516863276703425356117804767564	8.088899225188587394086425774731
13.908251956987996322823164518923	9.998341420270715929063953808509
16.004516928380052576130765373819	8.779743693548072158705508627463
8.826123521565863327964507334400	7.294854735215382746105206024367
6.262838801897558482778549659997	14.163674920541478030600046622567
12.244686270191056820522135240026	12.408590609107447377823518763762
7.177551419450036718217234010808	6.861178064891551464654639858054
10.435130190570841790531630977057	6.393148109541060719607230566908
14.371176337594061322988636675291	7.522642181438346398181238328107
7.202495644264301333237199287396	9.133180896929658842964272480458
14.703384150132652763431906350888	8.952169943622525494220099062659
13.785697357460300338516390183941	13.417265117787524175696489692200
2.771058454029706741295058236574	11.106394483022654640080872923136
8.196453084424570434407542052213	7.820941434681740744849776092451
7.128829673857087101396245998330	8.438919664913775875447754515335
