75
11.717320377253061636224629182834	11.173581996440244523682849830948
9.875783101844168854199779161718	9.157895850366855938773369416595
3.611103192219245805461014242610	9.036305098662820611821189231705
9.924223223018501016667869407684	12.488965063022703816386638209224
14.333092878784128743063774891198	9.795964721898032578906168055255
9.129855350773095068461771006696	8.644843565284782371804794820491
11.035520749100328430358786135912	12.924920530403610996472707483917
8.816858799513369149281061254442	10.881050826527436825585937185679
12.423121011897659826672679628246	15.357574419515609420727741962764
10.227402839428075154160069359932	11.548674306372022968503188167233
10.982030111182650600198940082919	10.178485241052277032736128603574
11.594329930249152482701902044937	12.144504744388648020958498818800
9.986764134920374402781817479990	13.475501438892306893535533163231
14.906877229027401199346059001982	10.442973885600881800428396672942
6.270966860228273098698537069140	5.979814521727042198051549348747
12.184709130461294890324097650591	13.376113129525908362893460434861
6.950152718735528978299953450914	7.968935629481762816794798709452
12.417773274258669502501106762793	8.446456041506712253408295509871
10.035913690629588046476783347316	9.248459872392233549476259213407
8.553380909432469536568532930687	13.067485589790443611946102464572
7.235163781183683973097231501015	8.993940319052022402956936275586
13.472038908707482107729447307065	12.755546123304533523423742735758
12.757652430937914900255236716475	9.651440192917190685761852364521
6.279652660812965692116449645255	8.915745028277683559281285852194
10.659071985287159378685828414746	10.656082617581988714050567068625
10.263022469154286397952091647312	6.018688889844822753616426780354
8.545696999748514599559712223709	10.202067000165266463795887830202
8.139097830210163309061499603558	11.900414594801365097964662709273
11.802880094952524103746327455156	12.690030623290352806975533894729
11.183599056370354674072586931288	12.706878763902228257620663498528
8.096839329169274179776039090939	7.108454961967892948848657397320
11.660643855863620288459969742689	11.141037304902120297356304945424
4.831385867431976066654897294939	5.684658984428044625758502661483
9.035247887684430878607599879615	8.862210109420994186280040594283
7.891856266510113293577433069004	8.580243193299306625476674525999
8.381464937604636844525884953327	9.572912107884123500411988061387
9.783175691294321296709313173778	12.954085477889382360672243521549
12.839840376933851828766819380689	9.206776190661900116651850112248
10.111091986012405996575580502395	4.152125220889042012117897684220
7.932808140487061621115572052076	11.854291778767144904804808902554
12.375583521579189394401510071475	13.693411567848029264382603287231
3.775195619660813406426314031705	14.359311492421721112577870371751
9.030640506376382603548336192034	8.708918029336796706729728612117
9.433665735440092348085272533353	14.326787248004348995777945674490
13.329161949522269736689850105904	11.689314677590401103657313797157
8.728327040491532073929192847572	6.909367003618514857521404337604
9.884066951634778774860023986548	16.255830791516778788263763999566
4.317338358492692762524711724836	9.112740302211321363756724167615
9.058664053946491989677269884851	8.714730339422532168214274861384
10.182831297124614877702697413042	8.627411549599989015746359655168
7.440372201301133969764123321511	13.930617292822322639267440536059
11.908788035303171426448898273520	5.694800142451947877475504355971
9.645336380540015852602664381266	9.067983592574709206246552639641
13.369570749132519082991166214924	11.870266333075040421363155473955
3.992950010170567498590799004887	6.120677690001280701892483193660
11.365008054642929735678080760408	8.110789928777464297127153258771
10.562055429614543911043256230187	7.766307660646816657390445470810
6.991169800078656848540958890226	6.022226552644677433079323236598
15.367318274542903111523628467694	8.054627772898300008819205686450
6.287149208925296051120312768035	6.674258740126004951775939844083
9.463205654308287861908866034355	9.608513935279832551827894349117
8.978989730130738422531067044474	12.474311367907381153941059892531
12.260249218146361371850616706070	7.472472657881098712095990777016
11.172632158376076816352906462271	3.336562131205101255915224101045
10.781897917328508995638003398199	13.602620458268352976460846548434
12.441960620767714473799969709944	6.434713465388201214523178350646
6.889928871895079076637102843961	9.887388752123850821362793794833
14.424894368568155655907503387425	14.658237190408904382366017671302
5.999178530628061167817577370442	8.852991758013406098370978725143
10.002401105010314097398804733530	11.588644117701768720962718361989
9.464181223797440978273698419798	15.123457300086034393871159409173
10.068162135631297360305325128138	13.298684679783384865459083812311
9.654912355381664923470452777110	9.593050403373215573310517356731
15.127069251515006698127763229422	12.662517995838316053891503543127
6.722194951376667226838890201179	11.549140313888999642699673131574
11.324998653499738665573204343673	10.840008914144464213791252404917
7.755667160175960361812030896544	15.669051793871554778547761088703
8.321995468228495340667905111331	7.502153230301702002691399684409
8.355615008016902933718483836856	6.785199469040954056708869757131
9.261452064630573133285906806123	12.118694925711315235616893914994
10.139636260997930250482568226289	5.941371394915446302320560789667
15.255078800836031405196990817785	9.404233551108379884908572421409
13.456711771262975574359188613016	15.583929729705870315115134872030
15.629839151743052383380927494727	9.312670912998092020984586270060
12.614351138906181759580249490682	12.032915150418755700911788153462
10.419758567832307250000667409040	8.695496481331694837990653468296
8.103249093621263554609868151601	9.572206017944461464708183484618
12.734445744367961950160861306358	11.554543007712460678249044576660
9.464063316040201456758040876593	9.080033773445235212307125038933
7.896014753292779353444075240986	9.617280027649295348624036705587
9.833891023705005451915894809645	7.875283801808862449433945585042
5.878613953667963798466189473402	2.755007971246778541996036437922
12.652939978540981513788210577331	8.885683733240792747665182105266
14.020684558689541887588347890414	8.450665541914021972047521558125
5.178271361572303277398532372899	9.636368402096538332557429384906
9.079466136621912042414805910084	5.634469583151957117195252067177
8.133661289868744148634505108930	8.162499465300449230653612175956
5.627410604219218903665478137555	5.101391224571877991422752529616
3.729452734755341669625750000705	7.179686321359515233098136377521
5.711543675730557545477950043278	14.284571822651482619903617887758
9.183334806461274979483278002590	9.258275030657523885224691184703
8.812371617970612192038970533758	10.554198515932467827838081575464
10.521933314299152684156979375985	9.626301084664063978379999753088
7.486165061378068585895562137011	7.971433361331898836965592636261
10.025997772015118769672881171573	8.015615392840446773448093154002
14.234165383236335955530194041785	7.981632696602291687781871587504
8.081745711286572486642398871481	9.334093322518198121429122693371
10.836964862932271458362265548203	8.910832863401443759698850044515
8.517767826548276133280523936264	7.641530038334892083184968214482
5.164399133853809331640150048770	10.057996231805075737497645604890
9.444885157294040212150321167428	12.869028801913575676962864235975
12.018391319073430167918559163809	5.850637045847617123683903628262
5.876815250358458975199482665630	5.648142607435140405414131237194
11.457003364547649226778958109207	7.087903406557916063945867790608
14.204502301463712399254291085526	13.885003493708140354101487901062
11.243588987560755754202546086162	9.266441039079539976341948204208
11.783044883073639397252918570302	9.508988969039400274141371482983
5.938402414098150394750064151594	8.027509274828350527286602300592
8.092741990340293511962954653427	8.592667928076796357572675333358
2.818206140369413859048108861316	4.560117066256223594677976507228
7.042416638964969166636365116574	11.940626105410068191758909961209
5.185600868981323330331179022323	5.338618250135994003358064219356
12.730501521636451656149802147411	9.262447860012320788314355013426
11.534460666139590756529287318699	10.833954839795293167981071746908
15.741271795801301536243954615202	13.967430395978869483997186762281
10.474761485722567044831521343440	9.252157834296770744231253047474
8.712177511537175789158027328085	3.396844430172819340185697001289
12.043487343934017985702666919678	6.694448635142974168843466031831
8.797602673989132426868309266865	11.261304887596333301758022571448
8.315061743886161593763972632587	2.192235514076842584074711339781
4.703607142219411230144032742828	6.699168353199149272825252410257
13.220647177310487663248750322964	13.266377905022864069906063377857
9.095062017736848858362463943195	11.122197183167831013861359679140
7.905261457948470571466259571025	13.606897151703220671947747177910
8.209069366062195172162319067866	7.265422948586973461715388111770
11.210442249728108876638543733861	12.420093477023691264093940844759
9.273178238861072841814348066691	12.390249914193805835793682490475
11.269805414707978030719459638931	9.999802122428224748773573082872
8.587223944376747297724250529427	12.399825673357847577449319942389
2.250026616342974516982167187962	7.553921114153618887598895526025
12.017551804367386125704797450453	9.200037706988879904201894532889
13.070111821639567750708010862581	6.493352703666406711136005469598
14.824090651435293253257441392634	8.503442070316571843591191282030
7.393833161526219832637707440881	13.193719697940599289154306461569
8.979798250855948182902466214728	6.818215439216043449732751469128
8.954374899269758714126510312781	13.383265691182653966961879632436
6.594606901326742764979371713707	9.283091806006385837690686457790
14.313168384099554941712995059788	5.692015958875843217867895873496
10.866979870987309553242994297761	10.346377254637337372855654393788
9.667502649046273432986708940007	13.528860691011900030389369931072
9.852253184345038050651055527851	6.857256410913397104422983829863
10.159156689969275788598679355346	12.035022525127004655587370507419
7.181151925624311260776266863104	11.466296697962222950195609882940
8.661605679481750641457438177895	11.030292806311990716494619846344
7.463623618115621027868655801285	11.664630664294808326530983322300
5.036293131900105635168074513786	9.058704706975291287562868092209
4.894534581771610604050692927558	10.698104260311289692708669463173
9.383830993290288802199938800186	8.578354878096755342653523257468
15.234704419370689976176436175592	15.677502082970557140129130857531
8.279939504603619937483927060384	5.939697497999122610679023637203
15.716690312961183906281803501770	5.274753368750972448708580486709
16.189491175540403844479442341253	9.189396646747510999375663232058
10.410498351135256456245770095848	8.755971074284211397298349766061
11.136375514431117395020010008011	6.167967389368170572083727165591
13.818716302918804927912788116373	11.235390118705389284059492638335
12.495228950723264560451752913650	13.716926834926033151873525639530
8.039729264636235939178732223809	11.699676133465661820309833274223
12.871412006222907820074397022836	8.951147805191066453289749915712
4.608127343693543487290753546404	8.180075093453027079704042989761
10.905242173723422638431657105684	5.484549458979484093390510679455
14.347310574803445959446435153950	6.585042347617807934057054808363
16.135335976445144723356861504726	11.987469392369286325106259027962
8.551645453600002610983210615814	9.702887317783755349864804884419
10.037589927570987669014357379638	10.726882924764757021307559625711
7.213087174881190222208715567831	13.009216758662459412221323873382
11.267021129772096799115388421342	7.953602878530110942278952279594
11.125885362615079543502361048013	5.406598420607251931357950525125
11.076300350660782001455118006561	11.493725381450111910908162826672
10.260606003281699472040600085165	10.123890593761625922297753277235
10.095757177585308994594015530311	6.615110064630329134161002002656
12.795081433630635103781969519332	9.560019807224206189744108996820
7.547901636480165876719183870591	11.777192708711943680555123137310
9.876377629584405681839598400984	11.762886865363945787521515740082
11.132885107246934808244986925274	11.532773770901016519019322004169
9.005922196063060880533157614991	8.243425545937936860241279646289
12.366278776391679272705914627295	8.524063964508844293277434189804
10.417121138130641000429932319093	13.383750189329024493645192706026
8.064314864579372965636139269918	9.886119656852029535798465076368
9.185903458517966413410249515437	5.662770942159866649490140844136
10.444094654928505860880250111222	8.844925938719249813857459230348
8.432144464594761856801596877631	12.968990994322604493049766460899
7.888542566450064796867991390172	5.423014461583973933045399462571
10.299908788691192640385452250484	11.953948213197460148649042821489
15.759854065797092914635868510231	10.777601560330577257218465092592
12.315540507281752979906741529703	11.335844194706833576447024825029
8.822491967983770777550489583518	13.489920731753890947857144055888
10.690743176906895683941911556758	7.611123917234175806356688553933
12.864373870928524468126852298155	6.207112213127487621022737585008
5.298024651688010955297158943722	9.368234551150571576272341189906
8.633438679313762520450836746022	7.190248060629766513329741428606
10.937936945998595561491129046772	11.154606407470126328007609117776
8.680073184366994709648679418024	13.140003518453314157454769883770
6.734669836110446894394954142626	4.805353836275329193483685230603
15.751729357572552103761154285166	12.502533616959919271494072745554
7.042658679432337365255989425350	12.594745828557623923416031175293
6.529199745098452467573224566877	10.525435178051349538463909993879
9.454472235341611963121977169067	7.398676612358297433047482627444
9.099027256036237076841644011438	15.025587037410792490277344768401
11.361748527264605712616685195826	6.142837246771719605931139085442
9.135326263071238628299397532828	11.234791820094031322696537245065
10.688405851245164512874907813966	12.402154483848015331659553339705
9.169997729027427268988503783476	9.039432064051595716591691598296
8.774360664824792266358599590603	7.182140916241407602171875623753
16.156402039629213618354697246104	8.586430538823561775529924489092
11.015857539502217576909970375709	11.962789054730018634131738508586
12.286103903059578001943918934558	17.484320235738596949204293196090
12.258607208281382838777062715963	9.520149461615355690469186811242
11.399913916886228903990740946028	13.174150995895484328457314404659
6.550446332916532554691002587788	7.190874605506238914642835879931
9.042978571807818610750473453663	8.308085272125396159026422537863
4.962356054037129204914435831597	14.468503453480396458985524077434
10.273509702059262949092044436838	11.547512848651395600541036401410
6.248720444838953724797647737432	12.374051514692487430124856473412
4.883543450519652218133614951512	15.654278940888087134908346342854
9.381007586889294813659034844022	10.810367835946745884712072438560
12.797638993821180974919116124511	8.459472736151584015829030249733
8.366515501007366850672042346559	11.579887955169850144443444150966
10.831296471630183830825444601942	7.962876230077232442283730051713
16.330918403954409967582250828855	10.782297051782059327251772629097
5.751409085070735116573814593721	10.960500375811053075381096277852
8.676178708372177084129361901432	12.847082151848139730532238900196
11.982504762125198993771846289746	8.866346721498393534943716076668
12.539981851468807505511904309969	10.002455051344114167477528098971
12.858707351194015089390632056165	16.068835547415886821909225545824
13.659487280843606527014344464988	7.529991075762564101125917659374
10.867740128125134901893034111708	11.643695943382390112219582078978
15.434940488205304731650358007755	7.330106793353667882229274255224
8.797150322091813023916984093376	11.488565058210182812103994365316
9.608899005973501772359668393619	9.032089762993033232874040550087
9.486899225469073826388921588659	17.678228122422780188571778126061
13.432624518602189311877737054601	7.355179134295241283325594849885
6.969813640227974005370015220251	7.270101360650771837867978319991
9.876588909974596930396728566848	11.073366483707793861412937985733
5.172200589581133378658250876470	4.271896052949943012322364666034
10.760834579733201010753873561043	12.607050730392877824215247528628
8.241567427172867610352113842964	11.050927045148624117132385435980
5.468664217724283460597689554561	14.063787087496258720875630388036
7.443647175731355147831891372334	11.733562081259870879534901177976
6.218680180787817590726263006218	11.939056567036006484272547822911
15.171332605069054011437401641160	12.651918807667831501362343260553
7.466073338320578400839622190688	6.637364952412148966232052771375
5.877034362520338284241461224156	11.139853474298535118691688694526
3.905904302633683045087309437804	10.508578109981367987302292021923
12.258472238085825978259890689515	9.341301281056541228053902159445
15.094042627171456061319076979998	16.182640995576221598639676813036
3.686284528747472144516450498486	9.772058595682445059082965599373
12.437982118163569467128581891302	9.629234605002432445530757831875
13.370357454040851408194612304214	10.515818158557815209519503696356
5.774084352506050343833976512542	11.024223927296221248184338037390
8.412221408362016816795403428841	7.559955273764084715537592273904
9.585895987153005393111016019247	8.435538498274507190899385022931
7.017636787814738319468688132474	5.153143470803605907804012531415
7.651400104068951435465351096354	13.998899630056284237866748298984
13.178457872918173165999178308994	9.332147185982156756267613673117
10.640570827434368439412537554745	8.965656358814539927948317199480
11.309347114916901588799191813450	15.327797450456232652982180297840
11.276168873561061900545610114932	11.211815203108182359414968232159
11.608636641055152693979835021310	11.422886717575186921180829813238
12.227189446535236427848758467007	4.862640466184021903472967096604
14.712595913892588583848919370212	11.121497042568986302057965076528
13.349930550794027794836438260972	13.103228509079720254248968558386
13.888754323149759883904152957257	7.152162861945061678170532104559
12.176657470438732033812812005635	10.839553574232624555406800936908
9.724502762358362417671742150560	12.903327315194841773404732521158
14.153396881393268458282364008483	9.008830565671090084833849687129
