75
10.459524612544537802705235662870	9.759102734575368032210462843068
9.314619949752271921283863775898	9.213898901019627274422418850008
9.631653632340483994767055264674	7.800497765841072350667673163116
9.554509406942322868871997343376	12.339566586995045938124349049758
10.482481976500007903041478130035	9.817224841288718195642104547005
10.256342358514620727305555192288	9.875483095893775598028696549591
9.902964231557749741341467597522	10.238878124643241207536448200699
9.267647891591872522099038178567	9.377395488276999202525985310785
9.320979345584834874216539901681	9.741047265250459830099316604901
10.508723568611959109375675325282	10.115478687534201540643152839039
11.112398834593999907838224316947	10.678018137940217258119446341880
9.508817904873394510900652676355	11.074883122981944438834034372121
10.541930841547319630535639589652	9.515205532777088137663668021560
9.427652786451059085948145366274	9.790238786460522035781650629360
10.153815049529285374774190131575	11.215509101677429981691602733918
8.205371886537474068745723343454	9.495165070436764054306877369527
10.101111407441734968415403272957	11.501416373215363364579388871789
9.428692533673778797265185858123	9.354508151347584288259895402007
9.405960722107186811058454622980	11.040519254391242043311649467796
11.717698055873709606089505541604	10.772586157062582046251009160187
8.357393772879406768083754286636	11.417585484922280869568567140959
8.746246498740841701646786532365	9.608675681697006254466941754799
10.538105579304144043817359488457	8.743668224873749394987498817500
8.589609444626294276758926571347	9.825303627817715934611442207824
8.557337188330942367997522524092	10.343032486329239105771193862893
11.383213557124198800352132820990	10.828233013172074095109564950690
9.515221245457361476383084664121	10.051774257960977010384340246674
9.086309774636447400553151965141	10.376872095540672802371773286723
9.896492088201359393906386685558	9.569369349790012080347878509201
10.812665005054871159018148318864	10.171709456615444011617910291534
8.375782548811711691882919694763	9.563786458572636206554307136685
11.118789898209991306998745130841	12.525286345849295344123675022274
9.388143617135543905760641791858	11.323459998957801531105360481888
11.008610407622324345311426441185	10.625925663250933794756747374777
11.330315074589243806713056983426	9.251487393609821197060227859765
10.741110782578010329757489671465	10.973130603638333369076462986413
10.526118188028000588474242249504	10.420892810090991886795563914347
10.203820558511363714160324889235	11.142501783561742811912154138554
8.133077856686288242826776695438	9.178447760003773936432480695657
9.997760139289457725908505381085	10.388010518196818310343587654643
10.612429484370705878859553195070	8.986928023916881613786244997755
10.068889647714561519364906416740	9.887929491568064221951317449566
12.355224603157775931094874977134	10.283619713161412434487829159480
10.731440965048470559395354939625	7.550508896732796237927232141374
12.746031343783124967217190715019	10.955441153797840669881225039717
10.447632248022721057623130036518	9.625081008225990331084176432341
10.722801047446163025256282708142	9.926121908780265457039604370948
10.685105301626393270453263539821	8.304007632460152166231637238525
11.311126507420818043669896724168	9.527271025356101930015029211063
10.479167192888869664102458045818	7.616077950253930417545689124381
11.714828124173349621628403838258	9.692356186962451047861577535514
9.832058429759481299470280646347	10.415055227438417162488804024179
10.623967768947826684211577230599	11.679822319089117499402163957711
10.208063136363319856059206358623	9.804072833531915165394821087830
9.256168653393380907345999730751	9.096412170863986901281350583304
8.428883227172578429531313304324	9.989685852383766828666011861060
11.530589477738425685515721852425	10.917953135716620849393621028867
8.754495835557371208324184408411	10.815712682242407893795643758494
9.500036045085041180868756782729	12.276459008377935688827164995018
10.079022969363762740613310597837	11.569867384945890620429054251872
10.056096685982133465131482807919	9.306091077845136894097777258139
10.432695931093975971748477604706	8.019549065225071160512015921995
11.423614101080037386282128863968	10.092213582484129474892142752651
10.008895599554980648804303200450	10.749950655471794291884179983754
11.124229020150409041889361105859	11.202053295679432309839285153430
12.115432291528916763923007238191	12.479710842329481579326966311783
9.617263170046250309042079607025	9.204083388305525303962895122822
11.019592447506116883459981181659	8.062096644091607089421813725494
9.864239390625687775582264293917	11.752575735798865608217056433205
8.750627096699908236132614547387	9.715956492055717319544783094898
11.175583884436436576947926369030	11.260399880157457630502904066816
11.180311425667149194396188249812	9.998486959742361790404174826108
11.553486346513274440894747385755	9.988309119174880734703947382513
9.899971238430174125255689432379	8.395870907500714963589416584000
9.623370541710833947490755235776	9.926069339431363047765444207471
9.383131566976128823398539680056	10.439509939578437425211632216815
11.122581664861025174673159199301	9.417146965207587427926227974240
9.368753561928013340320831048302	10.371904093057757734186452580616
11.964895177399839099052769597620	10.184857878144036646972381277010
9.908423683275355386967930826358	10.255468978854207051654157112353
9.860742147740616303508431883529	9.842251414953409494046354666352
10.571314765523126766311179380864	9.319406442893731323806605360005
10.073895741888318156043169437908	9.819629825590642013821707223542
10.233720344290787807040032930672	10.287650204216841842708163312636
11.937504840583637033546438033227	10.725071413796516850425177835859
9.460877846983569483541032241192	10.134326565544608200752918492071
10.855761144466198331315354153048	9.566775520809157384860554884654
10.204598443052743661496606364381	10.692445586909336441294726682827
11.055103200201404689551054616459	10.839362339210566688052495010197
10.064966418890826105325686512515	10.152420358393223764892354665790
10.728035968086492957240807299968	8.554920925855988400599017040804
8.531118976878245163675273943227	9.708581036857886203961243154481
11.502037072992994382047982071526	10.366580190221652557625020563137
10.002317985275174905268613656517	8.487291757662990931976310093887
10.313180708811632513288714108057	8.443145600574446518749027745798
10.408437997792058027357597893570	11.819619444611358716201721108519
9.345205778780472982703031448182	9.744552887676810826178552815691
10.704803548431502946414184407331	10.516039682110047692731313873082
10.978708516237944081694877240807	10.463646283649994828124363266397
10.522924754595207375018617312890	10.045081135569875030455477826763
10.633241173093308518105004623067	11.142184911366040722668913076632
10.580413050476305869551651994698	9.975172968238918969063888653181
10.151495726678902542516880203038	10.822164431243059823373187100515
8.862655001972315815805814054329	10.136453448834931378996770945378
9.279475050988601481094519840553	10.108027706825289726566552417353
8.994455027084121923053317004815	10.759132983299698693713253305759
9.808057595912053727715829154477	9.893726935253239318512896716129
8.910121504717436025089227769058	9.828759676954931023828976321965
9.368295157923895999374508392066	12.255269699969201013800557120703
8.863716784792773140111421525944	9.621521136122611395080639340449
10.062448497317532769557146821171	8.977564480339145447373994102236
8.830705145128503019691379449796	9.082092465340592113420825626235
8.940492443754637363895199086983	10.149007310546208415757973853033
8.415567367375297536113976093475	11.123658332750496313678922888357
11.982211172803470589087737607770	10.607062872477243331559293437749
10.672371203138439454960462171584	11.743766294525816107352511608042
9.858682300100268136588965717237	9.972243071559907079404183605220
9.472260338853750738508097128943	11.813762402412145036123547470197
10.396337096940991173710244765971	10.020794419712345302286848891526
7.918051682369751986811934330035	9.491969121718096147333199041896
11.123916243773358303315035300329	8.287904323732675493374699726701
9.280642179582972772777793579735	10.007050373825860489773731387686
10.642171218945616573137158411555	8.303464570364456065476588264573
9.903127925060028147186130809132	11.880163143438437600707402452826
10.262041871792224156934025813825	9.842255905137124116777158633340
9.781301261954634895801063976251	11.672700956798445659501339832786
9.478192098821445199519075686112	10.073425701643257568207445729058
10.770212683892680161079624667764	9.691194661966505918826442211866
9.416947681063231101461497019045	9.710195017457500910040835151449
10.521762372060750934110728849191	10.075230726399915681668062461540
11.411096130631099399010963679757	11.542285857511455304802439059131
9.525938577322552447412817855366	9.413796848619458756957101286389
9.557481513815110574228128825780	9.952024454250041785030589380767
11.866443698372290072029500151984	9.116912318409827520326871308498
9.424150782357639144493077765219	9.812837880761064113244174222928
10.575983220733720102657571260352	9.131521553693183079758455278352
9.559929822207550387247465550900	10.517683328251672847386544162873
11.728943282020656724284890515264	9.037083380261639931063655239996
8.890225206739930996491239056922	10.914252393385858397323318058625
10.179672057338811086424357199576	10.599305639481674035096148145385
10.753155645893281544545061478857	10.741242290943858961327350698411
8.938737178560071328092817566358	9.257885406074544576426887942944
9.346436677172668794355558929965	9.407236676344954418027555220760
9.787007650524696344973563100211	9.516520136456597001028967497405
9.154640918150539263820064661559	10.401399722858872820552278426476
10.323502194398711750977781775873	10.268302198820613568841508822516
10.168593876297416400689144211356	9.312766998289541575672956241760
8.915658260517453470583859598264	8.828257491197701867235991812777
10.662648720806792823623254662380	10.101957552024082076513877836987
10.985959026856871645350111066364	9.611622698882563042843685252592
10.169338558619543277927732560784	9.314095540985576349157781805843
9.534322548044876555195514811203	10.118782277394748447818528802600
10.491960572385643502002494642511	8.361561400567589785737254715059
9.876778830484589377647353103384	9.247748556905259320615186879877
10.811931801182812051820292253979	8.399362901007263459973728458863
9.098357641747220725392253370956	9.476426632802676053302093350794
10.579191336622184138605007319711	10.547839874327573639334332256112
9.042455227348963120448388508521	9.741422002727130546873013372533
10.652920184983367235531659389380	9.935949500931586797491945617367
10.688336391311340278775787737686	9.152980237827840426234615733847
9.092499112665496596719094668515	9.768232179412114746241968532559
9.776418746972026951880252454430	10.216162068299073695243350812234
9.315092869063546388019858568441	8.913948776896006620518164709210
11.124825830547319327479272033088	10.094681330808247921027032134589
10.017010485153535981339700811077	10.040450265460016510132845724002
10.807138999792144318234932143241	9.238867471997354030577298544813
7.931041593234569475612261157949	10.810137620692312765413589659147
9.656911129309232677542240708135	8.872995169574119600497397186700
9.404875492267288805692260211799	7.828931725310296130260212521534
11.480550612427332879406094434671	10.514820200677156947222101734951
11.531812172385624393200487247668	9.281158733441166930333565687761
8.675361688379709335094958078116	8.929666837241283516846124257427
10.556225409836970996479976747651	9.351600256697745194855997397099
10.677742899194683445784903597087	11.001604911222404581394584965892
11.484794354932638782429421553388	8.862539967851910560625583457295
10.065181687423899958844231150579	10.752608287781065143917658133432
10.299609803254080375722878670786	8.808874539487511867719149449840
11.113859514792766347568431228865	9.788961548806408785594612709247
12.697667058781915372378534812015	11.657332547007658973825527937151
10.419414681730540195303547079675	11.010315717685980274609391926788
9.594085632871031776858217199333	8.845277974496475792420824291185
9.544166193813724774486217938829	9.921190148601748859391591395251
8.654788383129405460181260423269	10.597564536291583792149140208494
10.012084642080129270880206604488	9.285339722372807358397039934061
11.112476988415798118126076587941	11.155747142854046671800460899249
11.269619238857142562437729793601	9.121084635572007215387202450074
9.905097463678373514994746074080	9.712500032950213579852061229758
9.188152097633304649093588523101	8.409338082200227049156637804117
11.651668578170429668716678861529	10.924435627262090164890651067253
9.580142100214814604441926348954	9.641101786975649901023643906228
9.429802867052750059428944950923	9.438801277190181693299564358313
10.614258919173627404575199761894	10.395139235012122114198973577004
10.601832767734286733229964738712	10.287679355757477495103557885159
8.557410981857385579019137367141	10.338213145609557841453352011740
10.347276177970123001159663544968	10.032069760233094157797495427076
9.243387509106634425393167475704	9.679932009787657776200830994640
9.412452969020316473347520513926	9.416168987467091966436782968231
10.868623759133429373946455598343	11.064698071893378283903075498529
11.007766590193270417330495547503	11.391442359804722528338061238173
9.672276799546608572200057096779	9.325256375779080286747557693161
11.003165782143529582981500425376	9.675467824373564340589837229345
7.966252701157758409067355387378	10.588357854979282279828112223186
10.800935454407502689377906790469	10.758783702360675604836615093518
9.405115700869375316983678203542	10.133444298431205865540505328681
9.562316849124004036752921820153	10.947031806000493858732625085395
9.984652114083310436853935243562	10.450238249038923399325540231075
9.188806955124201536477812624071	9.889910019948606745288088859525
12.150532560993564601403704728000	9.273956291180374122973262274172
9.826488600903021009003168728668	9.366520216507046470155728457030
10.078541368157589275256214023102	9.304519824230714775126216409262
10.828454432902201887145565706305	8.599581703780120989222268690355
9.801135222319727446915749169420	9.372378886638575323786426451989
11.031780821231031097795494133607	11.501868319311942201466081314720
11.481125635017487951472503482364	10.953274060519175847616679675411
9.307576597298107046185577928554	10.758621335606836311171718989499
10.770292183173246769456454785541	10.386757524209539127468815422617
10.209436094198384381570576806553	9.587029367148076630655850749463
11.120897777176274701105285203084	7.196255371193766237070121860597
10.409345308828660492395101755392	8.336274021859049199179025890771
9.011097760605464301875144883525	10.197731498671092964514173218049
9.102368701143424445376695075538	10.064007446077146923357759078499
9.834004733597916825260654150043	9.256621538546077943010459421203
9.973217066777628758700302569196	11.911499105442192814052759786136
9.355950701013506787262485886458	9.361008505114396527346798393410
9.923202491604676822589681250975	10.182793654285291040650918148458
10.573742399763332855400221887976	9.849967367100772364096883393358
10.186711690417080689030626672320	10.829423296457937553327610658016
9.306801488729540494659886462614	10.135773808253027539194590644911
10.563391501093802204991334292572	9.480314762057897581826182431541
9.759012287797332874106359668076	9.925250137872543731987207138445
9.755800957766162184725544648245	9.629579904199978557244321564212
12.302778224454995026349024556112	8.598215262293752658706580405124
10.398132511616461570724823104683	11.266219792851289938084846653510
10.368939414736162873964531172533	10.699501762114040914752877142746
10.015922264496550653234407946002	10.933964354771019245049501478206
9.060590284057523646765730518382	9.508127084635864534334359632339
11.804979762980458701804309384897	10.310733921410569990939620765857
9.796000938377341427099054271821	9.812000543505146055167642771266
9.977714116394835741630231495947	10.253202956415595537009721738286
8.965415578851100519841565983370	9.445264369064769738315590075217
10.605696629346576642660693323705	9.980092185756582523481483804062
9.733251766372509550251379550900	9.263281979983560177061008289456
9.816494538684183979171393730212	10.338524603514526845060572668444
9.032756214392591687101230490953	9.766432370752015756920627609361
9.345021505910871439937182003632	8.831635366802697006960443104617
10.068039137079763278848076879513	9.745664309918836920587636996061
9.284487472694348042523415642790	8.781882933122505008327607356478
8.298365540094904346801740757655	10.940323747432977086191385751590
10.290576138200702160929722595029	9.105347216519710684679012047127
9.540213463742697186376062745694	9.858705192700849551101782708429
9.688464874927834813433946692385	8.726455529207278516423684777692
10.601437805503907796378371131141	9.255975054925571043895615730435
10.641865087970787229210145596880	9.264607662811492616583564085886
10.611556247222322824086404580157	8.819303432915392093605078116525
10.553138701409356059457422816195	7.868985824036920817547979822848
8.904224680820776782752545841504	10.089020339900466538551881967578
11.519105700529854274805074965116	9.112375377590598901633711648174
10.210981289638437985445307276677	9.589874043628558553109542117454
10.828599441797805980058910790831	7.998456484699057789100606896682
10.011730771008551243994588730857	10.687522227216581072184453660157
10.651393219631929198953912418801	9.072989419369662300596246495843
10.715298693715231692635825311299	10.336017774548253100874717347324
10.510175776072086861745447095018	10.925693682546942397948441794142
10.682320312779379989365224901121	10.978868846937396952512244752143
12.039795440566345874344733601902	9.847446874897567425932720652781
9.764093631665208050662840832956	9.733791942289174770053250540514
8.365475598777306842634970962536	9.460601633866501103398150007706
9.847168094596579379640388651751	10.275020555683319400941400090232
8.352020588873484641112554527353	11.334387539642213127422110119369
11.297739336770749929428347968496	10.054324483331912531980378844310
9.034841665341520666743235778995	9.932918326560709942896210122854
11.208573846622437386599813180510	10.292239813842208207006478914991
9.185369685553972374236764153466	10.496980107896513700893592613284
10.779661480719536115202572545968	11.155497216603810883839287271257
8.294718076380330984420652384870	8.686459491878771643769141519442
