75
10.740563743256251072466511686798	8.830637296770392552502926264424
10.561740073053726973739685490727	10.284658101970997279295261250809
9.869621089562780724691037903540	10.701621405306507739396693068556
8.942088024211820140862982952967	10.238669087289526515860416111536
9.705894663153541657152345578652	11.230700400735335264812420064118
11.293428538172761932401044759899	10.542745594193425162643507064786
9.294790541904424330255096720066	11.295573356974490053517001797445
9.763018194283343831330057582818	8.338198705653226738832017872483
10.661499207496703434117080178112	9.656969878849697153100350988097
10.191832584548306428473551932257	10.130916673260321303473574516829
10.934711348414767329018104646821	7.700204621712169128500136139337
9.454883826081688980025319324341	8.964957143311638176896849472541
9.852706889074402951678166573402	10.244659384671631841001726570539
9.729097646694174983394987066276	8.467759651845694790495144843590
8.382349112657632161926812841557	10.275704714669611661292947246693
8.476321229256795319884076889139	9.323380010533060868738175486214
10.046394370852278044026206771377	9.823605831866652593475919275079
9.815888645132066159249006886967	10.054159588344456111030922329519
13.163556670329914055628250935115	9.984191412494544337619117868599
12.197493833511924066215215134434	9.795639184118705600212706485763
10.862432696539373822020024817903	9.330280813774042059094426804222
10.643049777120083376757975202054	11.131622925879517183034295157995
11.055828535067355744558881269768	10.337073478511857871353640803136
7.896792123841558819208330533002	10.423405950435915556795407610480
8.419467802154217750398856878746	11.092061285652079050123575143516
10.081695485375639975700323702767	8.959345309489037845196435227990
9.020260733721597645740075677168	8.561224215386737057542632101104
9.201752895671360121809811971616	12.337474914824142047109489794821
11.482937655212300143148240749724	10.600983162503881729321619786788
11.228465137679812357873743167147	8.592975457403904115949444530997
8.720279002196715367745127878152	8.680635188756919973229742026888
11.170752673406438404413165699225	9.451535114587882091541359841358
9.022656078530424395012232707813	9.653093428866103664631737046875
10.319197627731790944949352706317	11.357243675855286824116774369031
9.718082125394898795889275788795	10.282669395288907665531041857321
12.256179516657004668900299293455	11.383169684074401217799277219456
10.639466592697104374565242324024	8.843920590767433864698432444129
9.331412546864912727073715359438	11.035997639331245778748780139722
9.319115425119342432935809483752	9.840615591276144158427996444516
10.249679134175531558526017761324	9.862032240848700226365508569870
10.045726451643767873633805720601	10.684952610290205043952482810710
11.017723988359964693017900572158	9.922746696156634627072889998090
10.177108801254405534564284607768	9.898808459659921510365165886469
8.436640815681714755669418082107	10.242804947020001549162770970725
10.260222906525598318694392219186	9.060557084590339371743539231829
10.575144795229153515947473351844	10.587791290420376810743618989363
10.387677133958652220258045417722	10.750517397427186594427439558785
9.189394194513688773895410122350	9.852091010926478986675647320226
10.124411861030461423638371343259	10.994621330996491082032662234269
10.216957446189228519983771548141	10.037770493609018629399542987812
10.706017358184496401918295305222	13.161690374721828789006394799799
10.635981520312846271281159715727	9.569153246871312745724935666658
10.618854697952555099504934332799	7.527283244287653829474038502667
12.179461144461214416878647170961	9.685253310814037064346848637797
11.858608398078233747696685895789	12.037171438409222545828924921807
9.525429545043136769777447625529	10.285099116920449091594491619617
10.080908813499064535790239460766	9.952662522309283943400259886403
10.058690537734275238790360162966	10.767421274870955016922380309552
8.843564553017102980447816662490	9.390454637954450234360592730809
8.070468010930847313488811778370	10.481224440509155471090707578696
8.550072292776730975560894876253	10.163648372447767087578540667892
9.856611774454290042513093794696	10.143738707310387070492652128451
8.990677457947660045078919210937	9.996561025218124285629528458230
10.191046991043288372225106286351	12.528657995155331406067489297129
9.375562468645222580221343378071	11.256381600502114892492500075605
11.406737532031414161792781669647	9.701469241337665749824736849405
11.029401409787853438615456980187	10.243521115613352989726081432309
9.764902047832993758902375702746	7.097732237975112212780004483648
10.045463502318138893087962060235	8.892156144415585217188890965190
10.134256156297032802626745251473	7.915803602140032424472337879706
11.610065774367685165202601638157	8.986324622979084963958484877367
9.012034010113609383552102372050	8.229906807129884427354227227625
10.787532632014359634808897681069	10.323607721809981541127854143269
9.916131045968459289952079416253	9.973239990191478554493187402841
10.344599979995296124002379656304	10.710995268024328552769475209061
11.029358383755770489642600296065	10.721297500320185136502004752401
8.798745731986770124422037042677	10.895815428475881248004952794872
10.766410702961094258967023051810	10.235997384068873827800416620448
10.488568230545702419931330950931	9.840209208510813709835929330438
10.160716648320802235616611142177	9.891936438654125751668289012741
9.180070535011488175314298132434	10.506269211213741243682306958362
10.601395825162580166534098680131	9.074737895657563058193773031235
8.155983140386949159506002615672	10.774111570060066256360187253449
9.292902080694846134178987995256	10.204869889266676707961778447498
11.190278958123561992010763788130	11.567535078731811637453574803658
10.370533127275372464737301925197	9.584473008132805560421729751397
8.682886294143775884890601446386	9.113821049054013911927540902980
11.441923420783474796280643204227	11.602993627437355073084290779661
9.626292939117750080413316027261	10.233520961008268912451057985891
10.736242101362142520315501315054	10.339393013010838018317372188903
9.089976463048772714614642609376	10.852933697813298863366071600467
8.747085481339883727969208848663	9.444847823058335478663138928823
12.190195377041499469328300619964	8.395342577620585444719836232252
9.377980823713995661705666861963	11.427019277256768248207663418725
9.123500950335344583663754747249	8.724825091278873401279270183295
8.560906667880923137659010535572	9.018970392055235762995835102629
9.881163307249224203587800730020	11.508067338214697628018257091753
10.352595855095318100325130217243	8.994907611917719592042885778937
8.761560064396585190138466714416	10.469546439683581340318596630823
10.250014873163474149464491347317	10.830788028860922622698126360774
10.616136660169235739203941193409	9.244289111190159502484675613232
9.506762317228625747134174162056	9.276147315880194810233660973608
10.521603064332975208117204601876	9.369358178307383155924981110729
8.469799422890533335817053739447	10.779171371360520836901741859037
10.744467299264529813740409736056	8.664750770408502944519568700343
11.598566683931808896090842608828	10.728469404055276825715736777056
9.424315240879451494038221426308	9.744570558096572909789756522514
9.633641577031415437204486806877	11.565441819747817930874589364976
8.542574894605543533998570637777	9.098657426313941698481357889250
10.001774286238894973166679847054	10.896935420688807383271523576695
8.627665848959390260120017046575	10.413483588472244534273158933502
9.455895426304122608485158707481	10.086905678084374216041396721266
9.945158637325183903499237203505	7.572081218030986882183697161963
10.663651161330655270376155385748	9.216613715627726577395151252858
10.928472527453285678689098858740	12.063713498560073134058256982826
9.081858524124642784158822905738	8.958076115798956351454762625508
9.831811964999443986812366347294	11.234299621102291411034457269125
9.567397932630392176633904455230	8.698712138247792324818874476478
9.447917498970621608123110490851	9.045710488837990226329566212371
12.582139468394359482772415503860	10.369682668392046664962435897905
10.341967840098170938745170133188	10.541800687206686504282515670639
10.576277356578104971163156733382	11.548435445313716130044667806942
10.191354086319210026090331666637	10.703332404934846167066098132636
10.609701395021817305064359970856	11.602516681201235471121435693931
9.676534848285234247100561333355	10.517287181048168065444770036265
10.081394281853693684070094604976	10.937821521194114993136281555053
9.275046901060459703103333595209	10.608886737465210714503882627469
10.046681556134377188982398365624	10.620655537311373350917165225837
9.953813911439572947870146890637	12.266794929738189523504843236879
10.155650193699557348736561834812	7.589358046188786843799789494369
10.983798435372110091634567652363	9.681763641880881010592929669656
9.258794620489487314785037597176	8.026011264703392100727796787396
9.202302185247988930427709419746	11.400838400041909181936716777273
9.769821411216090822904334345367	9.139650004494360047146983561106
9.919783873910136051677000068594	11.072530466000092275180577416904
9.890055629510237977797260100488	7.917662068253330076572638063226
10.735726551215089230595367553178	10.474758640582223279125173576176
9.309512374469367301799138658680	9.992188766310546199633790820371
11.653055407885776872944916249253	11.889197644964633937547660025302
9.846012356620356342773447977379	11.372147021383463894039778097067
10.209185867941013015069984248839	10.828067077769178538915184617508
9.465080452307782721277362725232	10.867531099249132964246200572234
10.832670802103624652090729796328	8.405515726173581114721855556127
10.906233342533635521931500989012	10.311707176860220869230033713393
11.958670851439402227356367802713	9.460146678841070411181135568768
10.503421285502039239645455381833	9.340910372948288298289298836607
9.375700168416315705144370440394	10.964551272995032960011485556606
10.215935806536663221777416765690	10.436062142958489218358408834320
10.298401454144180178218448418193	11.210170806734153003958454064559
9.096691923379134792071454285178	11.080565304044140972905552189332
9.756372727060398375442673568614	9.367744830656016929992802033667
10.401543358568630992522230371833	11.533137555700847087791771627963
8.712182352066003332424770633224	11.806336321953388335259660379961
9.510681534417098959011127590202	10.417551499145151439051915076561
9.071104698388925413610195391811	8.659696484904515045855077914894
9.418854224659467533342649403494	7.658503023822003541454250807874
8.703787483222855669851014681626	9.155732705841142404779020580463
11.126085715988908830809123173822	10.429696627458158175727476191241
10.512233203517499902091003605165	8.862229812359810665611803415231
11.719194587458670042678932077251	11.142989968806217504493361047935
10.069621047098337385250488296151	11.459795267566855514473900257144
11.198663739778700332294647523668	8.027387727101650938266175216995
7.188189753281886140712231281213	11.020269885120306696535408264026
9.744842311946174007175613951404	8.996829771590938662484404630959
8.542798664238652861513401148841	8.593845617334139319609676022083
9.068806428631164706644085526932	9.104976215820524743094210862182
9.328023963330617007727596501354	8.461096356076682312163939059246
9.635806585545449109986293478869	11.408340590399856040448867133819
8.232381429742297029861219925806	10.856452372448668342030941857956
10.727213186177600334758608369157	10.218147590774494304355357598979
10.679041126114146464942677994259	8.953229180851781876526729320176
10.752829494115141883980868442450	9.423280878742748001286599901505
11.952904972331367616789066232741	9.970214366197030386729238671251
9.544248408757708190819357696455	10.362379750546155676715898152906
11.309141447224472898369640461169	10.505862067286226846363206277601
9.279305035880598850894784845877	8.635807627495573512987903086469
9.764973786650473996928667475004	8.653177330368841069230256834999
10.077859263997513750155121670105	8.843455101926895878250434179790
8.803783083433568634745824965648	10.038186943010522611530177528039
11.265202490918053257473729900084	8.886731706004532327369815902784
10.584568866562459987790134618990	10.510770886889643449535469699185
11.788062004444803676506126066670	10.124999766935045997229281056207
9.878247290655504997403113520704	8.798460234036864946460809733253
12.091187427087920269741516676731	10.496014674471737748717714566737
8.480158648699063661524633062072	11.066994745211383488481260428671
9.145694150842745173690673254896	9.703916009571731393634763662703
10.095366196590417118272853258532	9.221196042827132899333264504094
11.578516954566410390725650358945	8.458823488281048241788084851578
9.385794004327209449911606498063	8.904369772354677081693807849661
8.642854237535445349749352317303	9.280218526604212314623509882949
10.240539420230737377437435497995	8.739918129128717794174008304253
9.543420477341307162078010151163	9.294731504896271090387926960830
9.054866003715773103976971469820	9.931527689468547137607856711838
10.130028885735249843946803594008	9.656281293251563369040013640188
10.642801311672863917578979453538	10.249887176879603600809787167236
11.394893532976496430819679517299	8.516809485631966936125536449254
11.014656747930910540844706702046	10.843046786362437572392991569359
9.877765780831987640908664616290	9.256555021028409768746314512100
10.655388512749983220828653429635	10.163073873485423348483891459182
10.429816063846326201769443287048	7.842361159296007855346033466049
11.893547029658446234634538996033	8.902345852018985539189088740386
12.218131883013329641585187346209	11.377843929705271364127838751301
10.161532363084074148673607851379	11.657378027061854552925979078282
8.996651498664670398852649668697	12.302316489911360619657898496371
8.603962141982021805119984492194	10.538861648807614557199485716410
8.353280066504630951840226771310	9.940040098594653983354874071665
10.667557751058208026506690657698	9.713114570770823519296754966490
10.416224143567681892363907536492	9.776310306313220621632353868335
10.146713208708556308579318283591	8.940928398050006720154669892509
10.668239317903649876484450942371	10.477536005493217174944220460020
9.092176072017947419112715579104	10.444599809748199348291564092506
8.989326500094467320423063938506	8.909656672229170126797725970391
9.565571843147532504758601135109	10.489711707609485458192466467153
9.416098766116540730308770434931	10.464541440361523783053598890547
10.133168707178835887816603644751	8.507762653409619346689396479633
10.244623005572119467387892655097	9.661746005816311821945419069380
11.423849206699433267431231797673	11.160527748458328289871133165434
9.663971797973180954954841581639	10.902875792162397772244730731472
10.339359225513435447396659583319	10.369412305618316949562540685292
8.818704483825927198381577909458	10.105491271748624271253902406897
10.260734720953569976131802832242	10.134290714533420896259485743940
11.616320697908461667680057871621	9.153474852574868592114398779813
9.602536405046617318248536321335	8.620843477332055471151761594228
9.600024618649834806660692265723	10.375049736151430224140312930103
10.207534584251162002033197495621	9.151911946569727618339129548986
9.672618894028191860456900030840	8.773553471921692548107785114553
10.961356095794926091002707835287	10.422467777965762181224818050396
9.816442643092814890337649558205	10.932889374467089638187644595746
9.079848159795758988366287667304	10.450915659965476223192126781214
10.262973883547346076738904230297	9.562609394380652716449731087778
10.432905349369143266358150867745	11.318476747641268431721073284280
10.935433840802932792257706751116	10.680100706561511003656050888821
9.008578395046967557391326408833	9.468738896593892562236760568339
10.280814066004445805901923449710	10.560262141786344258775898197200
11.113557404466071432125318096951	12.817626348773325517527155170683
10.297530259999348345445469021797	10.612486130727132760398490063380
10.377455415884128342440817505121	10.353607841672069156402358203195
12.499458036987311615462203917559	11.455159003727487743162782862782
7.687744074882406408733004354872	10.400291329431722076037658553105
10.064469327804614451338238723110	11.094919296539430320081009995192
8.922345271643667530270249699242	10.445564162790653028878296026960
9.222402857506018847288942197338	8.779053598587774231987168604974
10.519873833919948680204470292665	9.638741034702109189424845681060
10.774269046262118010304220661055	8.383143702927517537659696245100
10.319233794984514318571200419683	12.142414230911912298438437574077
11.364734911916055892788790515624	9.639403838267698532149552193005
8.444990568072677561417549441103	9.174274439234114453256552224047
10.633434746774272028346786100883	9.584207638344562241172752692364
9.998380407851803042262872622814	9.850697715536083975962355907541
9.469661788265090862637407553848	12.055996021555104746880715538282
8.995716610773239807485879282467	10.388810193265582526578327815514
10.616416427299592228905567026231	9.975710219355963914722451590933
8.797462242430373891011186060496	7.350940410776841460460673260968
10.530699088655056883112592913676	9.788039300446891743945343478117
9.907533147316971877671676338650	10.834355351346374618515255860984
11.200445139988215004223093274049	10.484276605234180479442329669837
8.409309553908091316998252295889	8.414853853907034775261308823247
9.009367130043886007229048118461	9.941331920969563640255728387274
9.252757894026228058237393270247	9.533337333817074821240566961933
10.702702814304050349392127827741	9.150639692430608818085602251813
10.443048514521684921874111751094	10.736242286967558001720135507639
10.019201529326489108484565804247	10.470114390030914819362806156278
10.646318723146071860696793009993	9.383873192504502469546423526481
9.612853183217824337702950288076	10.955501186981358330285729607567
8.915094663629858473541389685124	8.714866075172992054831411223859
9.598002850972585875410914013628	8.969880923615283663252739643212
9.082817318873331657869130140170	9.639006016489185313389498332981
10.056271964877810276561831415165	10.890784794706670268737980222795
9.173089607166639680713160487358	8.277036913887087621333193965256
10.525568676886260632841185724828	9.152121892103206590718400548212
11.324808013493317560005380073562	10.203619309000204751214369025547
9.457862243464925100511209166143	8.943239520238456918832525843754
10.703366094550750275971040537115	10.860457198514108512199527467601
11.441679705624174800959735875949	12.338977817232235523192684922833
10.017642580311074240739799279254	9.928564980585509402999377925880
