75
10.019190917520884198665953590535	8.920165878198812237087622634135
10.652079666705326133069320349023	10.858724823758514332894264953211
11.363791460602810090563252742868	9.934394450680953170262910134625
10.664591286769155686897647683509	10.366863217506478989093920972664
8.807734392828896474725297593977	12.227780264918544972374547796790
10.827611006299763474203246005345	10.358701741955448127896488585975
9.577544767158395089268196898047	11.053753013497361834538423863705
9.163188148344930894495519169141	8.141652802082596451782592339441
11.190520457601270010172811453231	8.150109923052962557221690076403
8.991638760568848809384689957369	10.965644575594083676151058170944
10.283018727658598479024476546329	12.312440032373366705087391892448
10.286370451227911715363916300703	9.438346399460760594024577585515
10.210076880679311628341565665323	10.598534326732412580440723104402
9.040027666046295706792079727165	9.854877488448144262633832113352
10.146365406915068163584692229051	8.936448006039496405605859763455
11.345529657177404914136786828749	10.392404005627318142046533466782
10.332149037210303532674515736289	7.444142211885280246974616602529
10.634171930346205670048220781609	8.977920426266958742189672193490
10.446004570155322355162752501201	10.752667812367244337679039745126
9.267716772342026843034545890987	10.513969107932302549102132616099
10.305120977438869900311146921013	9.576242914420674878783756867051
10.306762517124198552664893213660	11.962732697711214058244877378456
9.022032145882349141174927353859	10.068309511567731462378105788957
9.356361776491425530366541352123	10.854628480543135893299222516362
7.575136116761713722667082038242	10.572543424856474914008686027955
9.505394681754635755055460322183	9.798130518658448195878918340895
11.336499404889238462601497303694	7.713685834140663999392018013168
10.116539410757495076609302486759	9.400761905154341846468923904467
10.270317279331043991419392114040	8.075098577894770812690694583580
11.300453997083520718547333672177	8.709918698646349710656977549661
9.210322002358793724852148443460	10.856595427060492298210192529950
11.453931033490462709778512362391	11.841292923794821234650953556411
11.200431299625977388245701149572	8.802143739297040525570992031135
11.670101343569770691033227194566	9.087169748593215246046383981593
9.512027451935750832490157335997	11.113212718224161790203652344644
9.415189173198676542142493417487	8.641887567030151373614899057429
9.664242011208633797991751634981	8.562559601007642129388841567561
10.619987801436003849175904178992	8.531625703517617509419324051123
8.372747800751652036410632717889	10.018543755794937055725313257426
9.505111259569682502501564158592	9.131069242871499014313485531602
10.264646313233358299044084560592	10.929971668190999523062600928824
11.341114196996185725652139808517	8.150686909495012955062520632055
10.802417518507091642732120817527	9.021799170400377931855473434553
10.014720334488270481188010307960	10.743535894435558120107998547610
10.762293325379175712441792711616	10.432416187789533168484013003763
9.298774125377992305629959446378	9.585228935929375637670091236942
10.631463442197018665069663256872	9.988555361193821369170109392144
8.516119116079854833856188633945	8.914912265115281897465138172265
9.691702054146551503777118341532	10.665930656362688111471470620017
9.633105297266416400248090212699	10.393786568281276672109925129917
11.745801384329801919648161856458	9.041610046034932679503981489688
7.959009581170040092956696753390	10.842449555308839137524046236649
10.144859930973842310208965500351	10.904389720462361879071977455169
9.865403407775737321117048850283	11.307307882012667121784943446983
10.099240206813080433789764356334	10.271113469481356617052369983867
11.925871031567950808494060765952	9.973569032496612862814799882472
9.830881713476987471267420914955	10.069907840790534692132496275008
10.577142268976579941863747080788	9.657545248027510353949764976278
7.760516257775384119099726376589	10.425839334055812201995649957098
9.313520433124665487412130460143	10.413793809975208759510678646620
9.500366546457250649382331175730	10.457173902538841048226458951831
8.157748966642049737174602341838	11.542175122006543830366354086436
10.261576406511613512861913477536	10.651263555214546485672144626733
9.582098778390619742140188463964	9.301881766277478646998133626767
9.549491529844994275322278554086	10.360743926203326736867893487215
9.902062444818032105331440106966	9.513732259353229636644755373709
9.144708970749476861783477943391	10.286183381108266132741846377030
9.317925238909523955044278409332	9.969098204372118132710056670476
9.081884137893265318552948883735	10.251429437269024447232368402183
8.751970117404049176457192515954	10.863435668698713243429665453732
11.348971035470770019060182676185	11.119686725623104450733080739155
9.152480268743305558132306032348	10.283233211389395833634807786439
10.604663388031600135263943229802	9.408800636193420885433624789584
8.372700896842106388362481084187	11.073331515824451187768318050075
9.306647362593436056954487867188	11.511846212465213667996977164876
9.975274933165042767768682097085	10.055938097319282675812246452551
9.732236553247332722094142809510	12.060272980237993323271439294331
10.833571819787056966788441059180	9.718303321287699247932323487476
9.715897410268539147182309534401	9.363438953539512610291239980143
10.583060319872974019972389214672	9.967886130120508170193716068752
9.271409150430056200775652541779	10.805283769092691059654498531017
9.778266988977136975336179602891	9.827013502816823731222939386498
8.732028077442338442892832972575	8.309325914409024349538412934635
9.073239027158003011663822690025	9.296710996863666309764084871858
11.490728721506794585138777620159	7.425458238763045670793871977367
8.183845865775477790293734869920	8.925483808391021511852159164846
10.128341955787670158883884141687	8.999367846581524332805201993324
9.493360170626811367355912807398	10.562462073128106254671365604736
9.372900897860866109567723469809	10.631318259291205663430446293205
10.981122172166633887968600902241	11.648181891478090577152215701062
8.793332189838437784601410385221	10.784502914461933542611404845957
9.921512130486451752631182898767	8.143425238399712995374102320056
11.437431347890148813917221559677	9.505434772453806857583913370036
11.996675196179053202172326564323	11.706527117543640059693643706851
10.356573617629331707234996429179	10.117375888584081877752396394499
9.940102918221397132469974167179	8.391279926144601830628744210117
9.173401435139533433016367780510	11.478440180534423831204549060203
11.614178018181711138367973035201	10.640407071770560776258207624778
7.797015648692309675027445337037	8.274608737801351310281461337581
9.281098308764054394259801483713	9.546628581093578702621016418561
11.554547304997734968878830841277	10.216245758561356637983408290893
10.168665575917842147646297235042	10.422288158031165039574261754751
9.426994485332473416860921133775	9.738634819957864507955491717439
10.643555154146177699203690281138	7.891134681634449421494537091348
8.296915430400060742499590560328	11.015503335713326293898717267439
9.858782659541423853966080059763	9.507928537907224253444837813731
9.610759877489508440362442343030	10.379705217814009898802396492101
10.129665111573903146791053586639	9.771732348780785670783188834321
10.431160516025261841832616482861	9.515565289042456242896150797606
10.158579802915340906110941432416	10.329370753322388409856102953199
10.078168394756779946419555926695	9.666740879773865202650995342992
9.988798404947875297921200399287	8.749119544774027090738854894880
10.879832527471045011679962044582	10.274339968503745978978258790448
9.836108232249880956032939138822	8.604283233329052649196455604397
9.703295829634368985239234461915	8.078039361391908812493056757376
9.394138043524622005975288629998	10.785478860234404052675927232485
10.764479076624713371757025015540	8.716486374537010917151746980380
11.787447209718253660071241029073	11.557552993493626303234123042785
10.970072249503537875625625019893	10.110943726128947872666685725562
9.057063224275323065626253082883	9.107107069547707212109344254714
11.016442502753431398332395474426	10.032624908699180110716042690910
10.035827552440879983919330697972	10.413274710825678681658246205188
9.196698220730738171369011979550	9.088129208093343791574625356589
11.350773992869378048453654628247	9.192886507410010565877200860996
10.605301619152612602192675694823	10.978892271364056654192609130405
10.680521572298655286203938885592	10.844495978741221620111900847405
9.541399482482791682969036628492	9.107011881455887802871984604280
11.291874650843938709954272781033	10.719858525959921280445996671915
11.938313334904389506618826999329	9.418461218776304377797714550979
8.928929982665744446990174765233	11.478564178564944597837893525138
9.993653260344919075919278839137	10.114155446996244691604260879103
10.292197365099909234231745358557	9.356637780714459395881021919195
10.215049070762246330446032516193	9.714785940728056345960794715211
10.688640610498840288755673100241	10.021790952662490425950636563357
8.759340535025888385689540882595	10.709205594876920031310874037445
10.679076326855719614172812725883	11.096046062361548223407226032577
10.277132190661374622209223161917	9.175437443494793399167974712327
9.734586493600197343312174780294	9.828996170947229771286401955876
9.543964216071957551434934430290	10.804957173116157775893952930346
9.586929718853372861531170201488	11.122418671348725638381438329816
10.583945181348427766465647437144	10.322157656357820343373532523401
10.681493992772704615390466642566	10.087216127834409462593612261117
9.064951519608619889822875848040	9.772869013956029249357015942223
9.661379872351052000567506183870	8.443601003095940527032325917389
10.065520023060528842506755609065	10.181114513960940470838067994919
9.444425252077296661923355713952	9.990623384997073586077931395266
10.648119793145195188799334573559	8.411562789610165680187492398545
9.145247001381465068448051169980	12.172014635863652287639524729457
8.984544856831814030329041997902	8.677669354516297062218654900789
11.685141494802200767821886984166	9.661264983768823810805770335719
10.866340257494782051139736722689	10.080077259009138757051005086396
9.135659862582185652968291833531	9.703129386435399794663680950180
9.921766632827759835322467552032	11.266769846630110052387863106560
10.406579242282477437697707500774	9.611300398421651181024571997114
10.533745822995783214537368621677	8.110297493208584285184770124033
9.430159991776148942221880133729	10.155345936307215382043978024740
9.996382917823980918115012173075	10.752439491788985392872746160720
10.420314446319890677727926231455	10.629213461052176015186887525488
11.931823745268596681512462964747	9.067043003455250271827026153915
9.223070898404673201298464846332	8.055221129836297677684342488647
9.880534917248290582847403129563	9.961243134028068269003597379196
10.427803492419123188028606818989	10.499675430560728273121640086174
9.981915596722224393033684464172	10.010524002580163838160842715297
9.889617440266206926935410592705	10.038494743306229040058497048449
9.952969956997272049648017855361	12.382924398584890468555386178195
10.509185491835882686473269131966	10.947697564510777468171909276862
9.925386682426044160365563584492	10.066017783774602989410595910158
9.830945281384783740463717549574	9.874799671407451739923999411985
9.359464583101440027235184970777	10.585464412853474058806568791624
11.913750481912463996536644117441	10.180177553671699186566002026666
8.333039784959231255356826295611	10.413699882302701382741361157969
8.029458191246870768509324989282	10.832658982650448464823966787662
11.286335890623039546198924654163	11.073179590878734046555109671317
10.930005992437106243642119807191	10.570915669126542013600555947050
10.541423346159163543234171811491	10.169453151269156165881213382818
10.460191835142602201358386082575	10.661605055158512200819131976459
9.093324012477904005891105043702	10.531917107742287953442428261042
10.299389176337664153493278718088	8.320179841781056850891218346078
12.111341532928463493590243160725	10.593230312924696079335262766108
11.881293100043434307622192136478	10.703322104812794890449367812835
11.111825588793942998222519236151	10.808387138248860992462141439319
10.761630868443527120348335301969	8.629677179585160118335807055701
9.667707109133971243863925337791	9.580951470454690976907841104548
10.128965768681961634456456522457	8.399497897070999030688653874677
10.657205376597111978753673611209	12.071808047684113418540619022679
10.010533895424670092211272276472	10.780644697358090056127366551664
11.494787578505738068201935675461	8.726961542610281341580957814585
10.270531293455292143335100263357	8.815020105805405847831934806891
8.413419657418671704363077878952	7.869944128097515090303204488009
9.814477211878372742148712859489	8.375202319962440355993749108166
10.755189726617091494631495152134	10.071323967853951231177234149072
9.230989147121059446021718031261	8.616331510083419686907291179523
8.227465801231797826176261878572	9.653231512503733569019459537230
10.867207936862691042279038811103	10.993879945032398737225776130799
10.244715414676479170452694233973	8.430643013922455963893298758194
11.530868586551985544019771623425	11.091339115997950415248851641081
9.703475535605260660076964995824	10.455603235091587066563079133630
8.977627665958095803944161161780	8.475558088579870030798701918684
9.533266937099371673980385821778	11.221482540240877767701022094116
9.373146344612118596728578268085	10.542441032954686264133670192678
10.720999740084666385087075468618	9.616401716995987669633905170485
8.525091812409954172835568897426	11.537875709697607007342412543949
10.179248098242537068358615215402	10.731403414085946224076906219125
10.492819424064919076045043766499	8.486609150416002833594575349707
10.141125219606772489555623906199	9.871650674238400924309644324239
8.779375250823413523448834894225	10.482447956531064647833773051389
9.683501004192537564563281193841	10.392679869975786743907519849017
11.547473091312612680781057861168	10.092609188115208240787978866138
7.620151312003120125382338301279	10.317532007288809481337921170052
10.021101194820952073882835975382	10.751592718254944003319906187244
10.040357170332493197406620311085	10.437453931673253748613205971196
10.736166751210433289998036343604	11.047874798523853456799770356156
9.589389283970763955267102573998	10.610937489598615712793616694398
10.856799668646285539352902560495	10.394020171355858650485970429145
9.999175517015867598047407227568	9.212988200651917480854535824619
9.404462818097194087840762222186	9.376794794397909527106094174087
10.382790989132471892730791296344	10.153847488098477924722828902304
9.532590367132549147299869218841	10.429722553200038603904431511182
10.051957307369628225046653824393	8.792714515401657493498532858212
9.562221100452358513166473130696	10.068744643007489614205951511394
9.644195689634383228394653997384	9.383398623020333673139248276129
10.791423261724935045435813663062	10.389321469968711753040224721190
10.215463589109154085576847137418	8.241790618581610772253043251112
9.296117884570174183522794919554	10.380603955374407831868666107766
8.223522807062890294105272914749	8.395453390972855700624677410815
9.518553494791879288072777853813	10.752544562329115152010672318283
9.391669094939292250501239323057	8.242992902778290442711295327172
10.669366023781122976288315840065	9.225618033619488400631780677941
9.855633717091066614557348657399	8.995774609517491526844423788134
10.200656807931322234139770444017	9.653290018013313655842466687318
10.084722999331184212223888607696	10.813897265554793136743683135137
9.452455959698985665795589738991	10.927874054287515903638450254221
11.053981860347397159216598083731	10.083186976092997966247821750585
11.631457613583968679904501186684	9.275860838320884482754991040565
9.130647461792639418831640796270	7.938818370283931891151496529346
9.475588490937429497762423125096	11.563350888102421620828863524366
10.690634912816756596498635190073	9.601461681323760544159995333757
10.448671241787497621089642052539	10.690269507975150631295946368482
8.446587052090356095845891104545	9.363040576575791362756717717275
9.559022312286744593734510999639	10.754519440541089991825174365658
11.352670467993240421833434083965	9.234901171514396267525626171846
9.712516707676391192194387258496	10.166798422618837705044825270306
11.932666370346137085789450793527	10.901574297038594707487391133327
8.908533616962484913415210030507	9.059265985538825560752229648642
9.852600943509886022297905583400	9.333687002918383157634707458783
9.775772818572004752013526740484	10.627653215788750884485125425272
9.100419660062193827343435259536	9.628542749495919039759428414982
10.859630318668784809688077075407	9.839279956223276002447164501064
9.198021565942241295488202013075	9.640632841529837904204214282800
9.533963577632068364664519322105	11.049382482171811403759420500137
9.949295874286761431903869379312	9.564015266153941041693542501889
11.921120853828071517455100547522	9.122112497622952176357102871407
8.930593653435140666374536522198	9.424849340318219859113924030680
10.722920319757621498979460739065	8.197695356927734877672264701687
9.385734973848400386486900970340	10.336256762063753100733265455347
8.340380161182549656473383947741	9.447679322751039165950714959763
10.031850570342633943710097810254	10.352817781120766227331841946580
9.321600086626114389787289837841	8.992700916059110483047334128059
10.300408692811943822675857518334	9.785076003299860047945912810974
11.750797438155496266176669450942	10.369028093223054298732677125372
9.163594540162540269534474646207	11.884399599430057747895261854865
10.696149135484068537493840267416	9.777025266271724746047766529955
8.986315176137155802393863268662	7.946707065283064252980693709105
9.883714361157666772328411752824	9.597737249739566323114559054375
7.381875158154466376458913146053	10.699709442871995435098142479546
9.249350733622632603214697155636	9.994939669582505459288768179249
8.316371564267051041952072409913	9.566003213328633236756104452070
11.143681755555245871391889522783	10.611528201523713121900982514489
10.600006422197429500897669640835	9.828875062937306950061611132696
9.711169076735750138595903990790	11.206982997764908915883097506594
9.534310656586011845092798466794	10.586164389861762558098234876525
8.630128183552324472316286119167	10.665215465234426872598305635620
10.556388291470533147276000818238	10.598322743964427417040496948175
10.065658388596965266970073571429	8.288597792083658433170967327897
10.963890698711036719714684295468	8.869173002596149046894424827769
