75
8.485428771373999978777646902017	8.277516279856723002694707247429
7.796052671328308036891030496918	11.276948356010134233429198502563
4.895283477753777923169309360674	12.573934602300605334335159568582
8.784401154861622984526547952555	12.077191247613344060596318740863
11.718294293281383389171423914377	3.196620612458528576382832397940
9.194897734445682146997569361702	12.230317681088557435487018665299
3.592641018406457664724484857288	10.284596190464505127692973474041
10.855755797914314442209615663160	12.668825923508865827216141042300
13.696468358327461345425035688095	11.430035195341417875170009210706
7.901203271857453636073387315264	8.385432423495789322487325989641
11.318073799070155871504539391026	10.901373989002214770493992546108
16.432597236313398525453521870077	9.733246742456298505885570193641
5.015746492409205892215595667949	8.230793472757648387982953863684
8.263378736134221469455951591954	11.614893288572508467382249364164
9.097304436081191880703045171686	11.449725787613859395719373424072
10.713720094846058472626282309648	8.893318343719201379826699849218
15.995744410065311669200127653312	9.516805379886772442432629759423
11.615268322760929464720902615227	10.409784116714718038565479218960
7.427132997481613152501722652232	10.381006672983184913050536124501
9.174045447743925052463964675553	9.931647322198640992496621038299
6.803042119056004644050972274272	14.794007864237300964305177330971
7.048835644399670918858191726031	9.205883534371865906109633215237
6.106690206972228196491414564662	12.477054113216816233489225851372
13.110092953556673478487937245518	10.727725363747689257820638886187
12.052452358471587245958289713599	9.314146843952460841364882071503
15.713292130620256870088269351982	7.327663861609270412600380950607
5.299832084619456651353175402619	11.266477283800686137738011893816
15.542875574265687887987041904125	11.467661812179928304544773709495
8.110106211914120066808209230658	12.063981023007345427799918979872
11.244465204891676890497365093324	9.122589989476404426227418298367
9.190257765164783876343790325336	10.298362998610530283372099802364
13.762573961935988364757577073760	8.895679557157391670330071065109
4.178379438171356596853911469225	7.524698709311223865370266139507
2.573902597501154687620328331832	13.287518640676669434697032556869
12.645266248325736313518063980155	9.311836946017045590906491270289
4.645824317201118880404919764260	11.025789551777544161836885905359
7.939943998632129407155844091903	9.293630396086221878704236587510
7.460309720654910492498856910970	9.231694129747344490510840842035
10.137408211128063229011786461342	11.037494319643538887021350092255
10.507905782461849142350729380269	11.079852796650772717157451552339
12.765321269916899638019458507188	0.438356729535680944565001482260
11.395451352860611393680301262066	5.827381311109688155625008221250
8.630201952308670598768003401347	5.827518450207896272274865623331
7.981323347312629934435790346470	10.131033708976827867331849120092
12.376137696584558867129999271128	8.912145480706559652617215760984
9.761857299064164550372879602946	9.812441535526456704019437893294
13.457320228348123691830551251769	8.728397190309260977869598718826
12.761865455379819422887521795928	13.749718507236222464484853844624
7.397439474500044909177631780040	4.624371362909993621315152267925
11.744041273335126263077654584777	5.129710892192735016692495264579
7.351499859041261686343204928562	8.188828788171722550259801209904
13.619724358759883742209240153898	9.501476428617577241197977855336
6.304702704019649495137400663225	5.557422142273026999248486390570
8.685220244655432964009378338233	3.042884923375527961297848378308
10.271063260637403047326188243460	8.810392905349729630870569963008
8.501305297993358323083157301880	8.650547578805561244053023983724
9.715044891154509087982660275884	12.138419149148214515321342332754
13.937343811441918361992975405883	9.614407719959238818319136044011
6.771119678929581553461503062863	10.426881434514418955927794741001
7.529818198720414912372689286713	11.438717707421414360169364954345
6.105740648830201955377106060041	6.069123658504942397939885267988
6.574714967304895019140076328767	10.804065913042387947484712640289
17.780468352136210796743398532271	10.716089320159712272584329184610
10.223498811807360198145033791661	6.304974229197467749941097281408
10.016117413938786739890929311514	8.202347832455094689407815167215
5.436524838660547587210203346331	10.526952869813072766191908158362
6.277434888231907095246242533904	3.183612591818612447269742915523
6.519273223144529616490672196960	11.025951345304168427219337900169
7.992937685271023440236604074016	7.520938419594382473576388292713
9.390826176032998517939631710760	9.536573888528359077554341638461
13.210882253620111370651102333795	6.068985317669356227554544602754
11.266880797332202490679264883511	15.257582901360811078461665601935
11.227566769806800905939780932385	9.969655571744521438404262880795
10.041956785662391027358353312593	13.599024838852487917506550729740
7.080350748215193945611645176541	9.967301539495169393489959475119
10.822870994007383060875326918904	10.327351091374938008016215462703
10.466070297015845014243495825212	10.926891137557062094742832414340
1.344084326141515628449951691437	11.970230877258888568803740781732
6.685853991968631504505538032390	9.536956111412127512494407710619
10.194163825230162956358981318772	7.411809037731768690093758777948
10.981253875205487346988775243517	9.802084404550599927574694447685
13.895841219164204005664942087606	9.367139871900253211833842215128
9.201143218003563717388715303969	11.293615860761974545312114059925
10.608293607969073946151183918118	10.559323970471510278912319336087
7.377452738964908718344304361381	11.296472322320800785178107616957
5.105752644571206921852990490152	14.327203133651979172213941637892
8.446559499477446664172930468339	10.707066449024848608928550675046
16.858012326514291601142758736387	9.131713836680027895909006474540
5.210119594947501653336985327769	12.702298675278637318797336774878
9.879466514766461315844026103150	6.749727427505255228368241660064
10.364037513809860158175979449879	9.256284194806696064006246160716
12.871682491595523245564436365385	17.195441532920220595315186074004
8.639029521865250416112758102827	10.801419455729300622692790057044
8.489591820911511987901576503646	8.200942144695247293384454678744
7.293222160838894296830403618515	11.841013932526703200664996984415
6.465370613446329350892938236939	8.233647174987266836865273944568
7.794559722626807740653021028265	11.677863674487644729538260435220
13.309605494239884038165655510966	10.306124723278953680960512429010
6.957974069425159058255303534679	4.083898995397230891057915869169
7.486731882028239581927664403338	9.838874778316483826756666530855
11.593166590319711417578218970448	10.556945752544091732261222205125
7.306297865776229194523239129921	10.993696339821113383550255093724
7.462882646770985672901588259265	13.133224389097840401063876925036
7.673265994608082785077840526355	8.085713775471960573781871062238
10.320981685349520873273831966799	12.037432672554027490718908666167
9.097215386259572156291142164264	9.191880201027474939223793626297
8.506084826904281470660862396471	8.049746291530784247925112140365
5.120621678278585164889591396786	10.666830170362199936562319635414
8.541387205110700264754086674657	10.547157877952232141183230851311
11.346533744834781387567090860102	8.560949842210227700434188591316
15.256003829127738669058089726605	9.308921403155109075555628805887
16.529899092558419937404323718511	9.053285289080266196037882764358
10.648921363903667725026025436819	13.895627882539525188576590153389
6.685966575680438950257666874677	15.663498441693540996766387252137
13.088204938369367269501708506141	9.029108036496998224151866452303
10.591654736744491316358107724227	11.678924208322463584863726282492
6.681601399217769632343788543949	11.223791358779003246581851271912
12.827300796271106975154907559045	15.065714529313201097693308838643
10.481543930347850590578673291020	14.406887109848616645990659890231
10.124820317480311970825823664200	8.572681284010686297847314563114
10.222194601194923180287332797889	8.312861823185729193141924042720
8.041352282999316258838007343002	5.409733976530113785941011883551
11.663573273595122969936710433103	9.703472972012260555629836744629
13.791886790588174349636574333999	7.421905835603303636105465557193
4.917297460665285058212248259224	7.313879384621701618129918642808
8.317937794522558547782864479814	10.639695269167168234503151325043
9.048020661822665289264477905817	12.863335021702663851783654536121
12.585496704373401399834619951434	9.904519669354600708288671739865
10.199538367709919839398935437202	9.586148229608856041750186705031
10.945558114948390482368267839774	14.921675101661037388112163171172
8.907184592434045811160103767179	9.530118768865206035911796789151
8.362896255125123801121844735462	12.157908329050883367017377167940
11.467819551586575954615909722634	12.232703257596735824108691303991
8.970322868773113356155590736307	6.928841531098608008676364988787
13.357263290650250198154935787898	6.665369164098411403074351255782
6.843587521869482159786457486916	8.000218103465316588085443072487
10.708743008663835993843349569943	9.458260994001728150237795489375
10.382892885427949636323319282383	6.145379873765202560775833262596
8.766363097922578617726685479283	10.568314718030789478575570683461
10.869468051086588644693620153703	8.904582537184326795909328211565
9.909906655937190222971366893034	11.677601478418479175047650642227
8.597854389723382340093849052209	7.519882425366626321761032158975
8.501509852004279110815332387574	11.422945275471818149526370689273
7.832823048522906894675088551594	10.822713310419578291998732311185
10.772480476021240036743620294146	10.253201292596582305804986390285
7.162002553711900532107392791659	16.941613035972050482769191148691
7.278188371174208803893179720035	7.190427841415820253700985631440
9.383588674289654818494454957545	15.651046151249625282275701465551
12.747076046755353218031814321876	11.892043984691685665211480227299
13.231200751370565171782800462097	17.053205059867476478530079475604
7.131263101667307147124574839836	8.040991558824677198913377651479
5.471028982176619592792121693492	7.485558350468638266761445265729
12.938147109475863771876902319491	8.891333596126312244223299785517
11.868350784278934639814906404354	12.936162750689977229967553284951
10.046260526043235827842181606684	6.993506224808524684988242370309
10.521161438009217548028573219199	10.586052710788367292593648016918
7.242532122067971478429626586149	7.022795433951110055659228237346
3.479100676875692244038873468526	10.494049714314371612999821081758
4.313085852284570087533666082891	10.425507672152424021305705537088
10.215264467162763040164463745896	8.069529465078574048675363883376
9.898949539359030325158528285101	4.734352716788670534242555731907
8.594199590104190988881782686803	8.623582276066265706049307482317
5.042113567878161894952881993959	10.128829781414223631941240455490
10.016903428148774324313308170531	9.112261802876103544690522539895
15.386795540554299321911457809620	7.059203900760461891650265897624
8.738251776164231543475580110680	11.313369583318751310230254603084
7.255966703422735086803641024744	9.104785210596972433449991513044
4.970535572521411538104985083919	12.515979724110561477345981984399
11.578919149762382900803459051531	8.275616381172136826194218883757
13.581769809237890456188324606046	6.877427849555721728336266096449
8.636759773400301654078248247970	7.830648100536270916904868499842
6.661843659010239449003165645991	7.807840612387850320885718247155
11.394339537330409939386299811304	14.244815692815475216548293246888
5.330429753906576806343764474150	9.117569157007961777594573504757
13.726338142542363840448160772212	10.827008776229313014027866302058
12.646766011841004129223620111588	9.862050672101167592131787387189
11.762895316044311044834103086032	12.464789804103483916719596891198
12.748886209185004148025655013043	7.233463263584778424331034329953
8.701489947710976835537621809635	14.452588982769443148868049320299
13.830334040070800583066557010170	8.171678649478378630988117947709
8.018459713024890689325729908887	7.945038568023049307953442621510
7.542888241707129459712177776964	6.141733923007233642010760377161
9.502407389740540111233713105321	11.282965619548711799779994180426
9.622047308300476942122259060852	8.692912625792196479324047686532
9.904916368328928300002189644147	13.039503534302630427532676549163
12.722318932536941460398338676896	10.796833445540270801643600862008
10.898104559705240390599101374391	7.213705546306703908499002864119
15.306696559360776888070176937617	14.307206751119078802503281622194
8.374250446709510242726537398994	10.156626017943796824738456052728
9.501299474411165846277071977966	6.535045386471542983031213225331
6.813529280000340193623742379714	7.277339471494226330605670227669
9.076733230263245744140476745088	13.853498746060051161066439817660
9.168262603943611921408773923758	5.980534002054304743012380640721
7.916618738200523530679220129969	9.434778390783783663664507912472
9.786050244388281527108119917102	4.577927008674827824563635658706
12.256828249907870898027795192320	11.832064405178403632135086809285
10.041989659270948109792698232923	9.924492359979495859079179354012
9.832618484377393386353105597664	10.667122216416300872765532403719
11.043716213934947845132228394505	15.823293377968408179867765284143
13.039053478410961517397481657099	11.562517169127012550688959890977
8.948952977561306809661800798494	2.908724829928227784137106937123
5.462918556467065478443601023173	11.784020717182755788599024526775
11.375151507711390053145805723034	4.289846263302413476026231364813
13.290378897936474089647163054906	7.358314180977770568858886690577
10.900244217702923066326547996141	9.806122463181193182890638126992
14.032967931070405853688498609699	16.153690717541135057899737148546
11.384494233485861869326072337572	6.905860876571538575774411583552
8.620938205843117430049460381269	9.283248625174591595055062498432
6.255629104109908134034867543960	9.577104108039833363363868556917
10.356578944724505575436523940880	13.027759242301467423885696916841
14.500242464335467929004153120331	6.836708368236117827621001197258
9.697463904588410343876603292301	8.747672214240941102048054744955
4.421934393419428843685636820737	10.954656722300773807887708244380
4.483770282208328517015161196468	12.675202947813172471569487242959
9.179794586399404821008829458151	11.940691787127924783362686866894
6.824711114704761882876482559368	4.828842170305004621866373781813
12.082406263622614162045465491246	11.105473448829796367931521672290
10.856879227972717316674788889941	11.868622762283436600228014867753
8.227088199996634543254003801849	11.127660827306222302013338776305
15.875415252202808247261600627098	12.228586658610968385119122103788
10.283182262172422483104128332343	9.570041515591681147157032683026
11.880277899417247766677974141203	7.392865269687221463357218453893
9.544791497942359370654230588116	9.769839907146131707804670440964
16.385900699522387924389477120712	13.346730919247477231692755594850
11.866481285561736314093650435098	15.760699949485710291696705098730
