75
10.670049121037633810260558675509	11.420045962891959945295639045071
5.988528079556683536566197290085	15.884769141819159443684839061461
9.239609962235070028668815211859	11.632023590294238601927645504475
9.428846806180528616891933779698	8.605387055993766409756062785164
8.481929676038694410067364515271	17.132088889759913286070514004678
4.823452996099930167872571473708	6.158587232271441003206291497918
8.790175204106915884949557948858	3.354490615594573732494154683081
10.147259778926965623213618528098	13.390842179698021041645006334875
12.845756302763065903604911000002	9.439349600701685716330757713877
7.535583822257099662067503231810	10.975210890273380925918900175020
3.902410443903254311237560614245	8.528536064489218304629503109027
4.268719040206736536902099032886	13.333111009905616484161328116897
11.314004852575845205819859984331	8.070355891294221706289135909174
9.492730611235932869362841302063	14.862187569569885070563941553701
6.972358148758069695816175226355	9.035962175502264770443616725970
8.037792069996470445403247140348	11.378276783207846634127236029599
10.196422253653441458709494327195	4.374967244106315433782583568245
12.309196319900017613235831959173	7.022340408086708229973282868741
8.127712374244186577243453939445	9.167427327686484161972657602746
11.826271697649699987664462241810	10.696220218138806856700284697581
6.615209266208459837343980325386	12.139284552056794908025949553121
9.324293659886405905012907169294	10.574910569733340537368349032477
9.823034223795900743425590917468	13.378406310654908040191912732553
10.321024901514912031075255072210	9.352382480081665505622368073091
9.843506234205175786655672709458	10.866724677199341542177535302471
9.340861733800549515649436216336	6.957648073667093591154753084993
10.005668914347262798969495634083	12.763729133302122775717180047650
6.350911780675991380462619417813	10.187227354953598990050522843376
4.578466367364720568389202526305	11.087229219145388725564771448262
13.525040112121740065731501090340	12.168624489357977580539227346890
11.105904578410605409999334369786	12.983214908391333963777469762135
7.450808069863019689194061356829	12.067601647615894933096569729969
10.166353985852449426374732865952	9.984298490333895159665189567022
8.502769925359014990817740908824	4.619440393526927479683763522189
9.603901842352099649247065826785	10.093623443083139079590182518587
5.659383329058779388276434474392	12.057358527270773507211742980871
9.168910497208043963723866909277	10.749524692345859833153554063756
12.784358923712503042224852833897	6.587424347512442324159565032460
7.911702866557966729033068986610	10.242141297445789049902487022337
10.783780142667955814772540179547	9.698790408733334089674826827832
10.636233333958802660390574601479	15.433899008777476780096549191512
10.443811240535229245551818166859	13.835578004648718675184682069812
8.072314435590993042524132761173	12.274013023620538476166075270157
10.715433159803867013692979526240	10.995908343597601941610264475457
12.097256763125955103532760404050	10.026124506329077590294218680356
9.170383953634372531382723536808	14.368458240092412125932241906412
8.726199846593896580770888249390	15.446407702901018055285931040999
9.213035387562644729086969164200	12.025154421039687235861492808908
11.363343496695312850874870491680	11.587737768374731572862401662860
2.245195383487242679620976559818	7.976467256528459337516778759891
11.189842757076979395947091688868	6.764701851174688584933392121457
10.059824407866067019767797319219	13.796611320314509541162806272041
10.314499664058693895185569999740	11.934022477228124259340802382212
12.065402285719203590019787952770	12.414807898455944012994223157875
12.379926312179396319379520718940	10.704071104757247212546644732356
6.969817876778243714852578705177	9.337660212791192293479980435222
11.281320231638277462593578093220	9.973410222584911721810385643039
13.932910281253931827905034879223	16.994240059479594151525816414505
9.502991482359743002916729892604	9.852662856566679394632046751212
10.710981850544737170594089548104	7.802792518716007208467999589629
8.790858639940765328901761677116	13.204713829027857840969772951212
9.109765143405521570230121142231	8.679279268877159836392820579931
17.332825977772181147429364500567	12.851329912112028353021742077544
4.261236756627442723299736826448	14.082592983127392827213952841703
9.074562370228301588781505415682	12.256443417688700492362841032445
13.119403418891074863950052531436	13.398397162763043155564446351491
11.451360975144334375386279134545	12.446598563501733991643050103448
6.380925538887222359107909142040	11.690904526673316254914425371680
8.541449591071106794970546616241	7.014047955967512848474143538624
7.626133559071988976540978910634	7.036949559495220718474683962995
11.025282831947844641717892955057	4.665592302253061873784645285923
7.576031360784204693459287227597	10.134643045389983839754677319434
7.368442925926715680873257952044	12.876733640133856795273459283635
13.016319102650562911094311857596	9.028998174948176469456484483089
14.771392448173799039068398997188	9.984985783379181967234217154328
11.648590642494056623945652972907	7.193901576995346047738166816998
7.836015414366471532048308290541	10.187687707661000402481477067340
6.060234484444074531950263917679	8.515139281088563549815262376796
10.440274934766975434285996016115	7.897465132025311973507086804602
15.884418796345617153065177262761	7.803001916288861750103933445644
11.771867800108346102661016630009	8.100508169633476640569824667182
12.423537006194539600301141035743	11.017633813347954330197353556287
14.320546284089374466930166818202	10.910093732790274501098792825360
10.606266884726521126935949723702	10.988937468888487103413353906944
4.614539625042223036643918021582	5.825341346880752446679707645671
10.750170969055350411736071691848	8.850827835556840383901544555556
3.451372279125539233035624420154	7.732801985366200447913342941320
12.242384195534928181814393610694	10.121308639690203889927033742424
11.065701150788965989590906247031	18.332459188779605341323986067437
10.639197546005433991922473069280	9.877606448337411748639169672970
10.085634093282603629404547973536	15.482116651853500499669280543458
9.461090513787441480531015258748	14.194772902706649375659253564663
4.596163503676576667089648253750	6.927161041019575193899981968571
10.979928692894665331891701498535	13.755161802848910213015187764540
8.287767537183269084266612480860	6.498102861903539029242438118672
9.001224017183675485398453020025	16.209233714477875309967203065753
12.131850182154687800561987387482	12.385384345188988675090513424948
12.110108395713496065582148730755	10.922350187890698336445893801283
6.095979521975786852294731943402	8.663404270435815845985416672193
9.475847436171436655172328755725	8.553092513335824875753132801037
11.174812906899129316684593504760	6.454625873007624470290011231555
8.729477222424993243521385011263	11.979376774547784378910364466719
8.106263012946508084155539108906	8.167753111321946590805964660831
9.838837940127588055361229635309	7.247450438991568155699951603310
7.559282458448743469148212170694	8.897411686031427180409991706256
6.664158325457737674923919257708	7.360187343680808957913086487679
7.449981526286319599705620930763	4.008712877810090446928370511159
8.305579819101229333000446786173	10.175655126483622581190502387471
15.100423392638134600929333828390	7.128011753144795292769231309649
12.614154358463292027181523735635	9.796542049991771250461169984192
4.338477198213883667676782351919	10.698184889047450241150727379136
15.023430840300873612136456358712	9.653507220787982845422448008321
10.381092830265803428346771397628	11.493797295782975709244055906311
3.548895111665561152847203629790	9.634324041380800451861432520673
10.752215228198567231743254524190	10.168019899791117310883237223607
10.376914936240575926262863504235	8.885027907339793529217786272056
10.266246299623132287592852662783	9.505159354277195049576221208554
6.508343256962376699448213912547	11.451624074258397456560487626120
10.538308302880800226830615429208	6.220412834527581757981806731550
11.665908045263869041718862717971	8.320986109341356851132331939880
11.800868636024556934671636554413	9.938200481333595348587550688535
12.200846543660762932859142892994	12.108582431821671931970740843099
8.794174280808874755166471004486	14.031077099932916851798836432863
9.994142804253270284675636503380	0.876980719593692725766231887974
10.150294834910678076766998856328	9.964656902639507762842185911722
8.699748190289771088146153488196	7.285871356350406280455445084954
10.052507798063194499604833254125	10.981801207605991876903317461256
12.247638853710341777514258865267	7.380785380072786061589340533828
13.581271563947030500685286824591	7.924078015264956142971186636714
12.715143307911866088488750392571	15.627402739836359302216806099750
10.074099588524484616414156334940	12.129634644865854298245722020511
12.715195346639550422196407453157	11.909318001775760720306607254315
8.230303942133673444914165884256	9.690894751371263993178217788227
8.934070391376334185906671336852	10.329009294250374395573999208864
8.411507852133851770304318051785	7.357372516834351117154255916830
14.890528404295285014313776628114	13.570805195367979578691119968425
8.136559453374825778837475809269	9.621500433878587443814467405900
8.446554344661349134071315347683	11.873942144983773872013443906326
7.915640413963166643895874585724	10.781655229487478564465163799468
11.333400389537692021235670836177	13.611371357819969318825314985588
6.813445272416965181605519319419	9.894047594217941110628089518286
8.446005319207120720648163114674	10.561039126778368313352984841913
5.440244623991963734965793264564	9.062461318340192306663993804250
15.640335894853111042834825639147	19.028625750286970230717997765169
8.237151698295859247878070164006	10.417973406233711486379434063565
13.129420481517801277959733852185	11.260982317305012756492033076938
12.083187162381864965254862909205	9.713884796294216528167453361675
11.959318053629184319675005099270	9.170661641357023441400997398887
8.760991984863315096276892290916	10.256303673208662985416594892740
9.391144226056951538339490070939	10.627683486749193164655480359215
11.345817713257172698604335892014	1.599631088513023158270698331762
11.925368864323409923144936328754	12.265684515802760756741918157786
8.346242966235633886640243872534	8.717730353284551370052213314921
15.791125611906901227143862342928	7.846755133689867101054460363230
8.854428666596330543825388303958	12.336874445040821868246894155163
12.953398302567261879403304192238	12.279207060879315349666285328567
16.772907361906810308482818072662	15.093575437112541237638652091846
13.676158681865389965537360694725	10.864216977688323950701487774495
14.080439645066599396727724524681	8.495911828448328151353052817285
14.730915189712311175185277534183	16.138098887750594201406784122810
9.126571820896554498858677106909	12.123970291223722384188477008138
10.435964531080420769626471155789	12.955547337451307043920678552240
8.074218422310469378544439678080	9.469861039649478229307533183601
9.677809847143864274698898952920	17.695878319830995906158932484686
14.919822195817587839883344713598	13.255423785460067165331565774977
10.015354835205350525484391255304	8.249371939902946593292654142715
10.588176110596188905788039846811	9.809491987674279656062026333530
8.486736915573477091356835444458	9.546260935526589719302137382329
8.543784600216365987535027670674	6.826057442676750852683653647546
8.684855554250045628350562765263	12.532203270522984439594438299537
9.703886061898467474406970723066	8.330427055938713465366163291037
13.880730863047807233101593737956	13.776015991770702129315395723097
8.148191269055782726127290516160	12.310464984648152864110670634545
12.443832360004963177857462142128	13.527428821994073260270852188114
18.505702201040264753828523680568	8.361345478195424618661490967497
8.182962663835663619238403043710	14.483844782708027665307781717274
8.865148104545260920872351562139	11.358021801398971106777935347054
11.011085047343398102270839444827	10.681355825357886857318590045907
7.278851420078169986993543716380	5.746462644402077657446170633193
9.814308357413683125969328102656	8.299697737304272848746222734917
10.323345680179681238541888887994	11.129933418535557620998588390648
9.783455977346006804395983635914	5.269385433702534982103315996937
7.823000606821945979163501760922	12.267867302499952941730043676216
10.822131238087880689136000000872	7.237649066784641149752133060247
7.661473709527023778775856044376	6.607145472161348287443161098054
5.937625252266315989402301056543	8.720308426497837217539199627936
10.975173696342942264436715049669	6.684598424490311607826242834562
6.801378873046672879354446195066	5.597923218472274697887769434601
8.552564722716995859741473395843	5.514698228231437404645021160832
11.993351149734388982892596686725	11.383325328078083060745484544896
12.626563706930262753758142935112	10.170379698586975436569446173962
7.432321819579044586134841665626	5.142227122216117329855933348881
8.022726712846285579416871769354	8.329686600809152352553610398900
7.433896273679612143325812212424	7.665965445563829305797298729885
8.963579651887993549053135211580	7.510828391698700201573046797421
5.936941982020360164540306868730	7.125821554612397079608854255639
7.523909241646856038698842894519	11.386079215036312817233010719065
15.297573349659129959832171152811	8.126866837939770604748446203303
11.659169765489792780499556101859	12.548797860546343940768565516919
8.120812459430608143406971066725	11.701211631226371423508680891246
7.953955277044605587377645861125	15.556004891657780220270979043562
6.796676342132915493721156963147	12.502861535327111752735618210863
12.668227428380909316274482989684	7.499092981814027503162378707202
7.256807208882340987088355177548	8.832186038609554756817487941589
13.446175672573936310527642490342	11.434266110925847215185058303177
8.368536284037647376976565283258	6.151832553043773188505838334095
7.029718192820516797780783235794	5.868556509021214395716015133075
8.652856560814555564320471603423	14.207790896401983005148395022843
3.994716949031546171511308784829	14.938578957028298077602812554687
9.429810259361833146840581321158	10.199028272525668015191513404716
6.811513825734866856009830371477	11.422353765935261193931182788219
8.542467472181600740555040829349	7.890371246654168224665681918850
9.453780899568000606336681812536	13.213363553750024692590159247629
15.054257948534543132268481713254	15.430059677181580113369818718638
11.815747715567038511608188855462	11.497093566343016490804984641727
9.243310128460159091901005012915	10.312004703850663034359058656264
9.173029571028601836246707534883	6.832258352156055813964030676289
9.542891339401371908479632111266	7.971299439581093437823255953845
9.094466862886974922730587422848	8.565195454463639279651943070348
11.262937841385747717026788450312	10.838863239544275884895796480123
6.567477730213020947758195688948	10.381005011451948760736740950961
9.242662702568924970591979217716	14.635592663374842103962691908237
14.074608543415987327307448140346	12.528880544824875897802485269494
9.745912929663177237671334296465	11.924830378387365925618723849766
4.356240692815265269643987267045	8.123904319963330067366769071668
