75
15.940759846381137521120763267390	4.562641310779188330570832476951
16.181666162784260620810528052971	12.324602811338817076602936140262
12.250868485329467816313808725681	10.336798110553276686118806537706
13.629666395048278815238518291153	17.036706078270029252053063828498
4.608300352024527590799607423833	9.598244239212343487110956630204
11.407264764497851317059939901810	16.665972875364804650644146022387
4.376246570310476258214293920901	8.891507687243425550605024909601
17.511492384140044720197693095542	7.279580699642984598085604375228
11.330175070035739537388508324511	6.183253441070430511672384454869
3.944774966374100522159551474033	2.329197204232349438512983397231
4.387942824973324107418193307240	3.406093090454198613059588751639
15.366522811970400042014261998702	11.186149339401707081265158194583
12.949802554830624146120499062818	5.129530319099410817784701066557
4.998760870917644538735657988582	12.201918058857950555307070317212
1.757593296997114418189767093281	8.310430474303556636073153640609
9.740757497222658045643584046047	19.799299722478028940031435922720
15.974777464373973501210457470734	15.196056773382620619372573855799
13.524745028034546479034361254890	11.383561876261088841033597418573
4.573987953803282380249584093690	10.002339597312804642115224851295
1.385765103665805852983794466127	16.397173642816241567743418272585
12.871653406681593523330775497016	16.557715041892720364558044821024
8.173043149318884204035384755116	8.716718210569027291967358905822
12.684734641209546524009965651203	6.295455645609609796053973695962
9.550854898990726482566060440149	11.256416940633862111553753493354
6.871132446441967189798560866620	0.724557644852462434670314905816
15.347530394315565871465878444724	13.086721488904595744884318264667
4.582135030331587088880951341707	2.594913702460170057406685373280
7.547447838940249731365383922821	10.807483834807227296437304175925
14.540039945725798276043860823847	11.090642387838373750241771631408
5.513094536092252084813480905723	8.396125363524273410575915477239
3.564153191901027195598317121039	14.560769644336268413553625578061
8.648210581847557421042438363656	6.161924590288624159484243136831
11.988076739237051526743016438559	5.172273241062888438079880870646
13.991552246538434545186646573711	8.210958983430810320669479551725
14.091901321552246173496314440854	13.350235812701479076736177376006
15.264066368035624776666736579500	3.744925274161044814746901465696
12.928578668249592453776131151244	4.858213092263776289314591849688
8.750905151742198739839295740239	9.972784311930752210173523053527
1.313012362197913507344537720201	19.032785904611468907887683599256
6.276023871192986547384862205945	14.617026464337897095902008004487
3.696515946954369802313067339128	5.975752803616547481624365900643
14.583040324600732517978940450121	8.778421175277966170824583969079
2.970092196836541464932679446065	9.341679806735369240300315141212
18.029283866899774579906079452485	15.974600974961445487565470102709
8.682916577419625525635638041422	14.953018297004071257561008678749
14.579500505230175377846535411663	7.632226558726920018216333119199
6.768704288702505067476522526704	7.426489358737617507699724228587
8.527930783941620518362469738349	15.267463781480152817948692245409
0.730498508661101997319065048941	2.426606389910903160966881841887
13.109739128419803932956710923463	12.486641424761687702016388357151
5.765466687047421601164387539029	15.356896972601076001296860340517
9.225404833386521730176355049480	16.162393772908256295295359450392
13.827697723404721585893639712594	2.892075223040677212082982805441
9.700914802101305411952125723474	9.959693469185161518453242024407
13.496876143914814605295759974979	9.044005947054001737228645652067
14.672539802772623929172368661966	12.805424451814388930870336480439
5.125768184918403136407505371608	6.260703915319078660672857949976
13.579228654056535674499173182994	11.791738335151491057217754132580
13.829390914419938951596122933552	10.972552806224031840542920690496
6.479725109860418719165409129346	14.100402703382956204336551309098
7.257154902541163465912177343853	10.464564132132288420962140662596
9.388759579946318822862849629018	13.182820573673632580380399303976
12.865300499242628973206592490897	11.895904871526299828587980300654
8.493600886897954893584028468467	3.758946266399212365882931408123
10.879146066208104315364835201763	5.525584844934712691610911861062
11.536181205729354459776914154645	16.244871843739129957384648150764
11.545129060166793522057560039684	1.611583733555354669420012214687
7.081579596386164965338139154483	14.273243962047040156448929337785
13.936441290230135336969397030771	8.195131564749530639346630778164
11.916206512798755312587672960944	14.639402466296079552421360858716
11.490992212077088652222300879657	10.200142411584469215313220047392
13.997775964990079700100977788679	18.255708257310910624937605462037
8.059811059603012139973543526139	11.422325564506220274552106275223
16.866033337201727704268705565482	9.720628154566069767383851285558
11.407972538135428663963466533460	7.165301975450448779270118393470
