75
19.115153173399569652701757149771	3.766191983011842214779107962386
8.994177781712325625562698405702	13.073033510464707518394789076410
16.403143866491927127526651020162	6.670218361513896354608732508495
13.865948108906605895640495873522	2.862679123748175236130464327289
12.530306650946869240215164609253	1.738071980636984648072029813193
11.106923954929122544399433536455	15.784607111597235729050225927494
16.990943541144886808069713879377	10.912718604985098380666386219673
10.475057205870749399423402792308	2.338649147297116481780676622293
6.517673077723825869611573580187	5.396940658049606653889895824250
14.406232696759619926751838647760	3.940863250077356827461017019232
13.934198799773170662774646189064	17.956042527556643761954546789639
12.639516728405201462237528176047	12.962078321987640094903326826170
4.674231957445164731268505420303	16.242276811653731272144796093926
12.490143233448996795686980476603	10.554278971437264900146146828774
7.865427714456668439879649668001	16.943724711251260117705896846019
14.892974883405944552805522107519	9.020557667246484001566386723425
8.498968077692323319638489920180	6.106425858758495195388604770415
15.864313791966431210767041193321	0.137492183957570679453397133329
0.865274245815546905191695259418	14.770024981375046380094318010379
8.200213334871129688963264925405	11.798108648618359950432932237163
8.783952137720312691726576304063	8.012542628310669101665553171188
9.100045649619504573024642013479	12.974409281841943197832733858377
12.040129632055737829432473517954	6.647348072527610618465132574784
12.302513730045014028746663825586	11.613434458097790624719891638961
14.588871620396101747019201866351	5.319347876091981675017450470477
1.008061301684377353282684453006	14.731013338039595339523657457903
11.954707244900102836027144803666	13.095577278085638539550927816890
5.307780093688304390298071666621	12.488946961796854040471771440934
6.033780657374097522449574171333	7.733214699661546731590533454437
4.952290649744131911802469403483	12.613349300081971193776553263888
17.578184529220013843087144778110	3.134343355520123441948499021237
2.602972550906869741993432398885	19.527679791215287963268565363251
13.171817124435266421755841292907	1.494608283725097797045577863173
14.019621496535641824721096782014	9.940508305295923108246824995149
8.477326701683514542651209922042	7.387470979025976269838338339468
15.661360882865448473921787808649	13.491337503806200004419224569574
5.378086156829180453087246860377	15.154631048899926071271693217568
17.222090450473345413229253608733	15.951821781183975090812054986600
0.401985755166919700442917928740	3.987412984972226404067896510242
13.474608306926285195004311390221	14.062337817079397339625757012982
9.983900237979600689186554518528	12.054847383420439044243721582461
13.235020107279030554536802810617	14.193822140921458441198410582729
8.490058904064955669355185818858	5.319959363173069277763715945184
5.129097797113735701657333265757	17.994863222466605634508596267551
2.307049640370422594060073606670	2.761792306941626584659843501868
10.783256232035668631397129502147	7.678996941960908984015077294316
4.225192817035985370921480352990	16.127695348199658553767221746966
5.369667049113488133116334211081	7.691894365123462584676872211276
10.687433522278894315604702569544	14.153888085518829598186130169779
10.822489629165819025047312607057	10.164716094815791080918643274345
10.795190203761418246131142950617	7.089247455964361677160923136398
16.141014698764976742495491635054	12.541028173444074056419594853651
3.423967655948136012966642738320	8.187338659330986700979337911122
5.162809776336958478282213036437	9.731840648633252044419350568205
18.941431475432665365588036365807	8.550641719272997320899776241276
9.095060081071190793977621069644	2.476671656000332788494233682286
15.177587680130150360469087900128	14.350506369124218508659396320581
5.251573138346574687318479845999	16.937906892124804159038831130601
0.685462300055718731783827024628	2.717621523736163169360224856064
16.890713652269958799934101989493	8.456924113256928166038051131181
13.236763432428272579954864340834	4.288768931983153009923626086675
13.440057408645627035070901911240	10.279360075267005569799039221834
15.814846634729800456398152164184	12.130450754986236816534983518068
5.431638785801309765588484879117	2.434904738938704404915824852651
15.065013627551435249074529565405	14.064335131292761360555232386105
9.861125618781406032553604745772	10.763643776015795694434018514585
9.085354209196905728163073945325	7.285664188000332330830133287236
2.770484456042439980194558302173	4.872942344120051672007321030833
2.104738357041067153829771996243	16.148618432252803245319228153676
10.722406770411243570606529829092	11.270225309270214708590174268465
3.784540021739526416411081299884	11.051818975669515765503092552535
7.053777389261189689761977206217	13.965154985011245969417359447107
12.569223292269791514286225719843	11.168988241031531316593827796169
10.850930990782684304463145963382	11.717293936372728424544220615644
12.362230184562905677125854708720	12.612491575877369243130488030147
3.189823449533150778734125196934	10.232196858526133809164093690924
14.967849714465188526446581818163	15.659693752241370390265728929080
17.143316372878295794635050697252	16.541171704943675280219395062886
3.042131478237915853668482668581	8.213917486577299698069509759080
11.900926521616231212874481570907	16.595071110931854718728573061526
9.072932248467648008727337582968	11.833404493575438110042341577355
11.547977775190057414533839619253	1.691833280469187128502994710288
0.068134619711544663900326668227	6.251254473557454005572253663559
12.886374610365153969837592740078	6.670443217772918487185052072164
2.465168968683136618835760600632	4.666591591511046743789847823791
11.463977288187278347209030471276	11.457913972357873788610049814451
12.390124581922270508016481471714	6.268788870470352492247911868617
13.344308068048214011014351854101	7.833112082698223233023782086093
14.602684153542833556116420368198	7.404840049548326419426302891225
3.288625136830062967163712528418	18.723126663314534567916780360974
6.895209365716952198965827847132	14.645189944750882204971276223660
16.688342693207374622943461872637	12.462889321445933532572780677583
6.602324107420741050589185761055	7.777098744646163908100788830779
6.803364921264969389369525742950	13.216100529013358411134504422080
9.833169982497976135960016108584	11.462491697751136854321885039099
8.237846236525598442312912084162	7.638802611172885725920878030593
12.023985667914507402542767522391	3.586245440329495437481455155648
8.485723091890532643333244777750	9.126800503970635247696918668225
9.266481702815974941245258378331	18.313521352524425367391813779250
13.521379891008283635756015428342	7.883547754006540841942296538036
14.730732913915437265472974104341	13.032574352785875504423529491760
10.068624026325251108460179239046	18.970934282248489211042397073470
12.381024529847310944319360714871	16.242472669474242508158567943610
19.638466397098106597240985138342	10.573492935180246021786842902657
5.557015847171877354071511945222	1.917920987921779563123436673777
6.035044707348859560624987352639	11.472172848618594542813298176043
11.068029479586156682557884778362	1.439463619806188310334960078762
2.631130299198143340788647037698	14.023778635546209514473048329819
5.482311560548801310233102412894	6.813391578565830997149532777257
10.566808288318474851052997109946	11.553462722137131990507441514637
8.658355393986242987125478975940	17.209350811134143555136688519269
8.329269509868995058354812499601	14.134635702010077906720653118100
7.576464788296764396591242984869	9.301126459731564821709071111400
16.888255320356154953742588986643	7.180594438754249964063092193101
5.413812123179296165176310751121	16.739520460087213393762795021757
8.337570308834921561924602428917	13.759625664173343650986680586357
5.297473098573638239372485259082	6.430658687395220063365286478074
10.148416438598159672324072744232	10.315856994874076590917866269592
4.086179468033991568631790869404	3.441278842459325026936767244479
5.921589535402222104210068209795	11.777819155151190599895016930532
5.391181544807374770300611999119	9.101390877633010134672986168880
15.354694650468132977039203979075	13.189241137874471831992195802741
18.991818536059199118426477070898	6.398131276623416852089576423168
4.691722059017956247828351479257	0.091731183157548468187769685755
17.705260328884392606596520636231	2.291516519951195540727439947659
2.305662304181615329667920377688	11.886314661325450003914738772437
18.903820420012202419002278475091	11.762659021965378158824933052529
1.214378082197294039801249709853	14.199999463563228729867660149466
3.437024804190307314399888127809	16.692642146704248062860642676242
16.492928744296630583221485721879	19.104214991369897091999519034289
17.628355610299241362781685893424	11.307012407610073978503351099789
4.412892419205208582866362121422	18.486446302341114744649530621246
2.575649107501657653074289555661	1.967978569513738618113052325498
7.983860513668266989384392218199	11.294526814191565122769134177361
10.518942155736784371811154414900	0.598470302012100718869191950944
0.456753395044871002284025962581	1.900199572203534748027209388965
2.757540490629925677978917519795	9.092934927501826081197577877901
7.172028801348653281877432164038	13.089000883319563683926389785483
8.620512630568967438193794805557	0.018569072135532271872193632589
12.686656663988360449479841918219	2.788908834527166202832404451328
9.397293465461743267042038496584	0.520388956187789908369722979842
13.271677406004071642087183136027	16.389558188463336563245320576243
5.030262201306391567356968153035	13.871154319563096635192778194323
16.408906994458398287406453164294	9.585204613138104789982207876164
12.691836959505181425811315421015	18.320380268159336623057242832147
7.516513291221930792573857615935	7.771820545807353930456429225160
9.833727153824526112657622434199	15.549488588046939341325014538597
14.734474526070309607916897221003	6.716690043381023045299116347451
13.798560662964243661576801969204	19.002462391805611474637771607377
13.035342654985083044039129163139	10.995822469231921303389754029922
8.521751202940631486626443802379	8.139800635253900296106621681247
15.355543315516632318917800148483	6.251334204466140853639899432892
13.390148658063209197166543162894	12.384404514715910750055627431720
10.092622147363941920161778398324	16.033336350312474394286255119368
2.429681436698287733122469944647	16.230362237631087651834604912437
1.494135111796490056335073859373	6.183260539833502988926738908049
19.206735953127896721071010688320	10.229904478504458609222638187930
6.703826885270874669231488951482	16.644457445173578946651105070487
9.907567945015156141153056523763	7.040305773867737926252630131785
8.343372836576074647041423304472	18.696295444596355395106002106331
13.054960873032886325972867780365	17.690647441587049826239308458753
0.701477538756779317452583200065	12.004318931837786976757342927158
8.778279856387026569564113742672	11.057446330010730406456787022762
7.745124004852228516426748683443	16.593849780090103251950495177880
3.538874061317684560634688750724	0.465263126131951532116204361955
16.568245485947855399899708572775	4.507362746969037381461475888500
11.536309303191266906196688069031	9.730640164205512476769399654586
10.905234334002280149888974847272	15.188625131255664157947649073321
6.927820845021485318682152865222	11.255200596048464234399943961762
8.532939305438063115616387221962	8.329085771314058916914291330613
8.261294356468036781393493583892	9.267259845348711166934663197026
4.550996436830048175181673286716	15.179186497490171348090370884165
6.114263372047599176539733889513	6.942778418108775717598746268777
9.485823091542005869314380106516	12.208588060260799679213050694671
18.775570297131139341217931360006	0.953464325245263699670772439276
16.434204445771474212278917548247	2.499710321830593162673039842048
13.606656128606289257731987163424	13.780307811547906737814628286287
13.551803354328987083476931729820	9.592506973067189690596023865510
14.018888887353247341138740011957	14.046061115115870521208307764027
16.767910590977226803488520090468	4.792189094636389867787329421844
15.558322044133861439263455395121	13.019820894460725213548357714899
15.128997324773756361082632793114	5.514681293778310511299878271529
9.386707659724640606668799591716	1.210402142795497404392790485872
9.977339832845727229937438096385	8.519281467732023216399284137879
5.934494483876487258555698645068	8.851508654132031139738501224201
11.906189979993524019619144382887	14.253857287295295108719983545598
15.113685630214451549591103685088	15.790369842756172502618028374854
7.620286651613425554785408166936	9.321059811619804236215713899583
9.364475277426363319932534068357	14.874705775854842215721873799339
9.428826146541299024761428881902	9.439270243820667261047674401198
8.164869851215200924343662336469	6.044811187017194775705775100505
8.425576285120188302357746579219	9.400266984825904614808678161353
6.475134358251079191859389538877	18.353585557091637525672922492959
11.477946044185667773263048729859	11.495695269206700928066311462317
4.091675496989156890492722595809	2.045613260216520679080076661194
5.315446857147454018388543772744	13.403919447424856414841087826062
16.163135659884328987345725181513	7.251553547602585858555812592385
1.373571568898108719025685786619	10.490798447249240155088045867160
9.060527900657415756313639576547	14.084425027684494224899935943540
8.610961630818609435777943872381	1.930443665412526321745190216461
16.304981881392340170577881508507	11.495851117205372560192699893378
14.735995497336476844907338090707	15.287060244297993705231419880874
8.012490188947941405217534338590	7.833712439998010701458497351268
12.425444170337517135749294538982	12.445449676528800964092624781188
10.486824364864814285169813956600	2.601800048179982116636210776051
16.539043450961269599019942688756	0.547671156124114544283543182246
8.942566266028904919949127361178	13.113523343440691704131495498586
12.003196975840609184160712175071	6.160825369950858387824155215640
5.709584900857919365080306306481	12.666501568620931905684301455040
10.191681544906094458724510332104	12.366105699916557725259735889267
17.458475935523100730506484978832	13.745213299945293172754645638634
10.947320505140824664636056695599	10.112685190925633449410270259250
15.802475106678208760513371089473	13.569818771717800487408567278180
8.062971506184982928289173287340	4.025428799857172279530459491070
14.723221194960579794042132562026	13.024803090526223314782328088768
11.292456327043865371706488076597	15.233428466882134699744710815139
8.796930019218191176832988276146	5.781088879445340111828954832163
11.064617449152613914975518127903	4.883643009272884860649810434552
12.296743523482366100552098941989	9.315327925309297540934494463727
17.604014322694272465241738245822	4.170902214034885702176325139590
17.543131732521409560376923764125	7.389741404582623296448673499981
4.448450883069964945093488495331	7.281201893487369680713072739309
13.720370456964669614308149903081	7.586397527901485915435841889121
9.461685950655514432128256885335	2.785605541188098221994096093113
5.970862209924012731221409922000	17.539201633573345162631085258909
