75
9.844535490673637312397659115959	9.926072985481381394379241100978
9.452710400882969210556439065840	10.544993761843695523339192732237
9.149213583124529591827922558878	10.182396755255682663232619233895
9.454305460300345131940957799088	10.226836972175586737421326688491
9.994846429769083329119894187897	8.168089809030371739595466351602
11.429250347710965485248379991390	9.681876187598239980047765129711
10.038360106374083713376421655994	8.407528054663885086483787745237
10.047543764763165796694011078216	9.657044156268431933654028398450
11.295956724104767587846254173201	10.878441166512089921525330282748
11.553383322729670723560957412701	8.966854250043398977254582860041
10.426315510469185809938608144876	9.698333692760378710318036610261
11.124591926913200978788154316135	9.722878409547741185292579757515
9.788467499584838193982250231784	9.322826030609542513616361247841
10.088802242300968003974048770033	10.193151644774770758772319823038
10.156807410244322653625204111449	10.122940301049180078507561120205
11.455521724084420043254795018584	11.035221727270073444060471956618
9.301827046619861150134056515526	9.722977008276192378843916230835
10.223731464964627591029966424685	8.225352041311010609092591039371
10.715666898922174610220281465445	9.249851776127234970203971897718
10.993930792172161403641439392231	8.485078311015852747800636279862
9.674173492195915713409704039805	10.430280902369050366473857138772
9.162725353708815134723408846185	10.100085049033793893613619729877
10.396926674061445439178896776866	9.316613164166334115634526824579
10.447264285377787729203191702254	8.584466195428477774953535117675
10.276033520074982163805543677881	10.161689113713501697588981187437
9.392792172832752584099580417387	8.015452235911853406946647737641
11.630853084729062985047676193062	9.391856042234122625700365460943
11.111473930655353825613929075189	8.470919020413097300092886143830
11.434719304468336176228149270173	9.246760989824968746120248397347
11.531364939054391527406551176682	11.599641006138853072116035036743
10.332597015610424762144248234108	10.824739920802592507698136614636
10.965940036915140964879356033634	12.233796343840356968257765402086
10.996596443514510710315335018095	9.214697930763719568858505226672
9.687983216796697050199327350128	10.518403978383023655851502553560
13.059077642519291373446321813390	9.901388971670620264831086387858
11.044819962330771900838044530246	9.669800725417726283694719313644
10.718874281572924545002933882643	10.465254972379209874588923412375
9.060939267622142523350703413598	10.232210868678546233923043473624
9.464305916846294408628637029324	10.308148506890040252415019494947
12.005625515746634945912774128374	11.528188665884396613137141685002
9.961414420782473300164383545052	11.722730812666110722375378827564
10.889235849810638967483100714162	8.275935020694632271442969795316
9.834723268610439106396370334551	10.962569616059006705199863063172
9.870777163491711192477851000149	9.984904663199374752480252936948
10.044758273553858529680837818887	7.532858547948210414801906154025
9.753453554046448203962427214719	9.814950601042205846624710829929
10.091303412395017602420921321027	8.878056071948236649404861964285
9.716068146364685631510837993119	9.908852565529961964330141199753
10.618707849626998651615394919645	9.427335796971288317536163958721
9.804187444920287930472113657743	10.289521290251283147654248750769
8.597555482386733061161976365838	9.527477762854342557830022997223
10.461874339535393474420743586961	9.233627536792308632129788747989
10.209405724409537086216914758552	9.656551048044974550066399388015
11.531501317027196051867576898076	10.737979345352753668407785880845
11.555518659912268120137923688162	11.235722507770059763743120129220
8.238743245129990455666302295867	10.141167476856951523700445250142
9.783482335005125207771925488487	11.515911515905193240882908867206
11.387436526197973307716893032193	7.932670070980944565519621392014
10.644768598368834489065193338320	9.894850327642171095021694782190
9.406231667896099324366332439240	9.579639823162414913326756504830
10.712831291148818380065677047241	10.498889271837043679624912329018
8.401947467049158291274579823948	8.346124210171820934078823484015
9.906160473020456436188396764919	9.265544063289238962966010149103
10.144543436246566514569167338777	9.889110910291392997351067606360
8.650143558892011697025736793876	8.813369689751342050954008300323
10.434689509386831929305117228068	10.201154910395835884173720842227
11.041453316776806303778357687406	10.853956052829056844188926334027
10.296009505768749292542452167254	9.840451007893465273923538916279
9.715958497728397702530855895020	9.300729677242248527591073070653
10.558446328761688093322845816147	9.659727888316206545482600631658
10.063828530488116541619092458859	10.265225567341131451826186093967
9.081791958282693144610675517470	11.119420011531385483749545528553
11.973977922097503778786631301045	10.166362108215713178083206003066
10.933230992891184385484848462511	8.062320910675978780091099906713
11.416244656497454457166895736009	10.005325845278466800891692400910
8.715523028204184896594597375952	9.611997432909735294970232644118
11.719705181417406691934957052581	10.715907329397301950280052551534
9.783562623527055635008764511440	10.764195686239524718530446989462
9.278473249491833385604877548758	9.174361920901539235728705534711
10.168290879049960651059336669277	9.662992158606327208758557389956
10.091070844398617012416252691764	11.073175064043006443625927204266
11.182067457173392455160865210928	10.458638512262249165019056817982
12.744172619226112885826296405867	9.851841491481414081476941646542
10.633773351767612069807000807486	10.492374371798236509789603587706
10.344096120589480136686688638292	10.009514768057481859386825817637
9.156341978458707231425250938628	8.752120751945581034192400693428
9.279856331024697979614757059608	10.135580932500083406466728774831
10.740666039558195876679747016169	11.743039521734406349651180789806
10.881169178054733492899686098099	11.630191875604310780545347370207
11.467996819674247888087847968563	8.659943588907960787537376745604
8.733117091195852665919119317550	11.076254398899505915210284001660
10.294576901268357005392317660153	10.779233074980202999881839787122
10.935415349590588363071219646372	8.735170227858578329005467821844
10.793799992389786268631723942235	9.615996480639280363789112016093
10.314249399422987352181735332124	8.858694936833407140852614247706
10.250470376615783862916941870935	10.405278378521282789392898848746
9.828723694309692504589293093886	9.528005844776542332397184509318
9.906509219044661307407295680605	10.063511831554031061841669725254
9.928511886926040475032095855568	10.845197199208566729566882713698
7.936613196672496428618615027517	9.599213193073762084850386600010
8.638108320847328158720301871654	10.138153551449194722522406664211
9.102570761573790747434031800367	10.764753476583720726011961232871
10.796694742184987703126353153493	9.428411482104515073388029122725
8.035045946319762322218593908474	8.685194360008837932696224015672
10.001908107845682849301738315262	11.017213516540088846795697463676
9.236617638269823515884127118625	10.666090313440861336857778951526
10.791056235354883341415188624524	9.999669674936521701624769775663
9.301853460986912125463277334347	11.286364344485511068683081248309
11.241160690982555436789880332071	9.740624304512957465362887887750
10.295720197643024818034973577596	10.436758598986674684283570968546
9.847177860016332218151546840090	10.863039867378221359217604913283
9.069817384182927710867261339445	9.536238099236026499738727579825
10.115890810448211922789596428629	9.115098945579939382355405541603
10.205852827704262608676799573004	12.649904746075193884280452039093
9.452071482222441645149046962615	11.154343327199891078294058388565
9.417509435920015548049377684947	9.920498187960909319826896535233
10.860937510525163318675367918331	9.966767313986665044467372354120
11.294673189161454018858421477489	9.951345964713199876428006973583
10.343572963895152128088739118539	9.993910855548735483466771256644
11.057654374566521227052362519316	10.882314741450386463839095085859
11.288436835812795777655992424116	9.485167348779516061085814726539
9.139935057054788813957202364691	9.802165454996643489948837668635
11.188839099560972556446358794346	11.247059415152394379333600227255
9.512588478199424102399461844470	9.137611484675929318655107636005
10.275426346319363801740109920502	10.961999636804236502030107658356
10.262407434296752839486543962266	10.964806988246426300293023814447
9.391381107058748511917656287551	9.542521446910464888446767872665
9.447106477430132542849605670199	9.540975417869837826856382889673
10.375990909438378650975209893659	8.326422941349607143024513788987
8.234958975058209063035974395461	10.614810255416362139158081845380
9.745235644161418520070583326742	10.861876288109263199999077187385
9.857342595897598869214562000707	10.762541838086937318053060153034
11.006839772159709767151980486233	9.518746195314420788236020598561
10.218255304497708024769053736236	9.021337919275380201611369557213
11.101921033874802446916874032468	10.483796651853854342562044621445
9.419397360530743057438485266175	11.404838830123450676978791307192
10.100149406563353693400131305680	9.932243819172633436664909822866
8.985904160751235991710927919485	9.027957593510324230123842426110
9.917156920366659633714334631804	8.983002631388609771079245547298
9.748747360089625502155286085326	10.792223823278471073194850760046
9.516454221361140497492669965141	10.082247497281647596878428885248
9.726559813880808036401504068635	9.768459101294865831732749938965
7.274225862574465573118231986882	9.245051778750694282393851608504
11.397086206591833246193345985375	10.200913832814302750762180949096
8.902978000854979256928345421329	9.075639334439349781291639374103
10.319852283149478111567987070885	10.463833231198025330854761705268
11.278825837674641974217593087815	9.931711738041348880301484314259
9.802642101743707314653875073418	10.328878012049129253568935382646
9.606980430416097505030847969465	9.496291446085617593553251936100
10.805367043752470479489602439571	10.710266596643132075428184180055
