75
10.078120114356771352959185605869	8.921733376007605187396620749496
9.081006527924001758833583153319	12.072587034931268945570081996266
10.216545325729732951458572642878	9.014306780029560428602053434588
9.133544124329691982211443246342	9.673006256656957901896021212451
9.997193060913831530456263863016	9.640746714480190604490417172201
9.185879690055712032403789635282	8.005776218556926338010271138046
11.169411283053538141984972753562	10.492033079212596646812016842887
9.647079235346446068888326408342	11.151632678532577003238657198381
10.747754762822125940147088840604	8.585356030840850749541459663305
9.301853576099784248754076543264	9.562566735042151933043896860909
9.170291967441560387896970496513	9.783453806935408891831684741192
9.069404292123817157289522583596	9.905265169271196157296799356118
9.046666208592945679356489563361	9.060871910507506399312660505529
10.576864688662958258191792992875	9.722067424878312991154416522477
8.726472011001327189205767353997	9.817782960031415484536410076544
10.175475000014124304925644537434	10.499577013534915792547508317512
9.721127098228240726029980578460	10.197154130540958760775538394228
10.133028838850144381922291358933	8.523495701247570721648116887081
10.643687713927766580468414758798	9.197891320539270054723601788282
9.592618888642201468996972835157	9.762564066026328646330512128770
10.457490064178761812740958703216	11.512289063540572797705863195006
9.886388973915961386751405370887	10.997246459458986933555024734233
9.360800839654334737360841245390	11.231857899282054802370112156495
12.680226594425469954785512527451	10.370766867796351817787581239827
10.688270371082854381938886945136	9.154072315777254331692347477656
8.214660708310505654594635416288	10.145962474899516081450201454572
9.530189790760672963187971618026	10.688667698912512449282985471655
9.478830026382190965250629233196	9.673227720087925973757592146285
9.861962157758616953628916235175	9.769465809845609527428678120486
8.859263084630644158323775627650	7.866591468049473512280655995710
10.272895795163474730316011118703	9.367621144648079933858753065579
10.425752730113222455088362039533	10.771361965910971392190731421579
10.300846872811789012303052004427	9.392194169698745653818150458392
11.120771220125529765709870844148	10.351436805005853614147781627253
10.331033967285211616626838804223	9.928283947882372117987870296929
10.297129405406501234665483934805	9.858022363739086912914899585303
9.621993363515379371619928861037	8.155516225037874988856856361963
9.338204597861647471290780231357	8.499932488280224518462091509718
10.067613762710243108244867471512	11.036446005426682859251741319895
9.570995838857882631600659806281	9.596753981016522772051757783629
9.175517068564003508868154312950	10.307939633272562574006769864354
10.228133514529865522035834146664	10.823857091512428141300006245729
9.650608998912318270413379650563	10.728370810981164851227731560357
11.021423565067221872482150502037	12.031794857239587415165260608774
9.476536011641021772788917587604	10.817847053356990372208201733883
10.078101634993624102776266227011	10.492779314465051854199373337906
8.807508352910291549164867319632	10.640865853305728094824189611245
9.052819672663959593705840234179	9.605845911267021364210449974053
10.004401589996481547473194950726	11.674355083678909394961920042988
9.757179798131694781204714672640	9.561809088005759349471190944314
10.209771660234348900075929122977	11.195742352199253843991755275056
8.522781100923928931933915009722	9.508522768782466272341480362229
9.845846734576284120521449949592	11.282868076266163726018021407072
9.953086564873824926280576619320	10.096375984118990842830498877447
10.836479157993592181696840270888	9.636306942289952104374606278725
11.245993292314395262110338080674	10.164854084625870811464665166568
10.244572716411619595078263955656	12.658794067961760987373054376803
8.960215308545544488083578471560	7.662594685384485515555752499495
9.521244993077100815526137012057	9.251647528193704062005053856410
9.731114842159167110935413802508	10.968074337265667494989429542329
9.742658737565772497646321426146	10.151621257296488565202707832213
10.734512313007190442704086308368	10.812504959508936863699091190938
9.981944279453665913592885772232	11.115295201201432107041000563186
9.388631733677240021052057272755	10.581521637540390656795352697372
10.737729456179776477142695512157	9.756799987035838839233292674180
11.889095040537082326181916869245	11.402823251189888154044638213236
9.536314700065116056748593109660	9.160965187358218742019744240679
9.241431714469523939214923302643	10.622865951686158325628639431670
7.807153129118654000251353863860	9.828135816252421719241283426527
10.146578717879432218751389882527	8.715702470113509292559683672152
7.550286994639380466765032906551	9.061533264861273195833746285643
10.638924238464536387027692398988	9.626802344065474414946947945282
10.700361924191023277330714336131	9.666688296425151705193457019050
9.817181767788756729942178935744	10.632678042914220029047100979369
11.165584419916394054439479077701	10.682094358483137597204404301010
11.619670651030649111135062412359	8.552791309935214414394977211487
8.016619946801450069528982567135	11.080225728835243259595699782949
10.273515340806394391393041587435	9.230992081720334141436978825368
9.926679421491419574863357411232	8.752556352683207308018609182909
10.530356068356830689936032285914	8.805346904626880188970972085372
9.356797590387222030017255747225	8.053841692676936503403339884244
9.208690712051671667381924635265	9.444747991322934410618472611532
10.314518870866745459125013439916	11.547598300875181465130481228698
9.859307863492929868698411155492	10.555329956451569017872316180728
11.275068125545825381550457677804	9.709621420990041329446285089944
8.233921540546596418153058039024	9.244618879905715402856003493071
9.010955814569141963943366135936	9.705202768385438716336466313805
8.957868397277634286979264288675	10.737593707463076952990377321839
10.138216387722923883529801969416	7.856974979591372587606201705057
8.859848545085879933935757435393	8.636489138204431981193920364603
12.739402164891933111334765271749	9.042118813201190263839635008480
10.210346619896606412680739595089	9.319103496427432631321607914288
11.163526285534272730615157342982	9.471100926517284079864111845382
11.054837878288042318786210671533	11.428939931322330991747548978310
9.373927842073399574474024120718	10.201076411937492594006471335888
10.338919938754068894581905624364	9.701296940837423221637436654419
10.830994966914509802791144466028	8.777972764206239730810921173543
8.921108323392791916717214917298	9.280150451000814371127489721403
9.209195889432265857976744882762	10.569184611674005580539414950181
11.455512560806367261534433055203	10.251532463567903263879088626709
9.113088668357892885296678286977	11.320208966881907031165610533208
12.576909444838870300031885562930	8.475567860664497743528045248240
9.905521213759346466076749493368	9.994538297656864855866842844989
9.090169676309072244180242705625	8.970313129850712385859878850169
10.487121728372713391763682011515	10.129169467539703930469840997830
10.828673547351609585120968404226	10.363750354109217965969946817495
10.819040967161880573144117079210	11.377745406053639598553672840353
11.262530106228991755301649391185	9.992210711140359080673079006374
10.408887452469848255987017182633	9.302126472204070850580137630459
9.591160931535936740033321257215	9.359425217696585974636036553420
9.642935071212354714020875690039	9.981241075374542859321991272736
11.595903300312739858668464876246	10.328064590021572399791693896987
11.432020213465335700675495900214	10.826047679952514712908850924578
10.465988951060369416268258646596	10.886050834799572584188354085200
9.220225899484974618758315045852	10.176282696438425645624192839023
9.896406072386927377237952896394	9.873340935816065311314559949096
8.304895089234532790101184218656	10.654599197701525525872057187371
8.800122241842121439958646078594	10.074984213102347041512985015288
9.706047481740677440598119574133	11.086548211396106466963829007000
9.242412378121578342415887163952	9.925206554184379470484600460622
9.504571105205691594619565876201	10.534886787688252596240090497304
11.487883975223917687458197178785	9.626255323992085166651122563053
10.044811563754516114954640215728	10.172587886820901204032452369574
9.347917073015036493188745225780	9.930395873050299471174184873234
10.199185015938153853198855358642	10.793004770269194025900105771143
9.009942455461120047743861505296	10.845640708499422188992866722401
11.285116678822516789182373031508	9.748483923923723537541263794992
10.731045646269659954441522131674	10.181309845566348215584184799809
12.568763117476672519501335045788	9.864649410680380370308739657048
11.254130034401656601517061062623	11.769205519884803123886740650050
9.438293549588733455379951919895	11.136873929415605388726362434682
11.216941380038392139795178081840	10.320451494348189314109731640201
9.862406635510701846669689984992	10.040393503833675126202251703944
11.518959924180963483308914874215	9.678531174503046230483960243873
9.284364134215168817831909109373	11.268986193459685551943039172329
11.568013629103594652747233340051	10.429398842223159604714055603836
7.886832948146012434165186277824	10.000483025805364079019454948138
10.795503387633868186412655632012	9.363055531343944082323105249088
8.289420897029511792197808972560	8.847333162387194249731692252681
10.240445674349693661042692838237	10.486437397405238058922805066686
11.337630543435933461182685277890	9.932948729814356170209066476673
11.542627918597430536351566843223	7.928319833888673784372258523945
9.149089703419486241386948677246	10.770673419253364855308063852135
10.401535308391510525893863814417	10.542802471069636638389965810347
9.296481951102695262534325593151	11.567550091592909922155740787275
11.032539913136549358796401065774	9.230523675907667424667124578264
9.570001804229029573889420134947	8.926037265784760421638566185720
9.396381782697401874315801251214	8.711350695279982403462781803682
9.161740352030857792442475329153	9.103022918459640067112559336238
10.959633597864941734201238432433	12.634953724390863172288845817093
