75
9.200976252932996146682853577659	10.532689490194879766704616486095
7.869499879067889835937421594281	9.762813285718015876568642852362
9.109191418191695532868834561668	10.205471936086391693265795765910
11.102616315513540001802539336495	9.157057166930162139806270715781
10.786322195138584589813035563566	10.535797773100350482877729518805
9.348563602020462326436245348305	9.274596919998758792758053459693
10.188447725358924955685324675869	10.183275713145999219477744190954
12.147106414555373987695929827169	8.607761946137353348262877261732
10.654452634406982980408429284580	10.266812818207888824417750583962
8.103392287714928698960648034699	10.370115999939859108280870714225
11.908014418848777538073591131251	8.898278693873731270969074103050
9.831707469157226597644694265909	8.660409943250179765072971349582
12.378361122149689421689799928572	11.199735959102227411676722113043
11.254586361840608788043027743697	8.815707601810464311142823135015
10.202681228523365675187051238026	8.786359119776111725741429836489
8.229703336170295813190023181960	9.677016374986306956884618557524
10.415944585384659504256887885276	10.125173427698564765364608319942
8.099064919178282195844076341018	10.026900708683514906738309946377
9.325652332654669862677110359073	10.948352708944371514121485233773
8.969840580607382207745104096830	9.929940871875986729833130084444
10.862415530912421957054903032258	10.090589430086412292553177394439
8.707469835170357441711530555040	9.596192966009210678635099611711
8.994855566820161740793082572054	9.232414930127649910218678996898
10.993466230634282965183956548572	10.217113006675285546975828765426
9.625670601126808278991120459978	9.757641250869943050361143832561
11.709925480146850418350368272513	10.144877239878175245735292264726
9.126616141036848262046987656504	11.855194012875992726208096428309
10.362244732762384558100166032091	9.553605634230823540065102861263
8.360123341831958043712802464142	9.701960782347777367817798221949
10.030829208163734023173674358986	10.557843171267347059938401798718
10.954349957858809716526593547314	10.626276990836872826662329316605
7.341763103122895373076062242035	9.834484821129498399727708601858
9.194271257116003681630900246091	12.047201213996549640228295174893
11.219481956403528855048534751404	10.119197705228572203850490041077
10.763949230860159644862505956553	12.258788318348114998457276669797
12.273592927757849935233025462367	9.930325436302716468617290956900
9.759706868259259593401111487765	10.437484954060490593974463990889
10.514799628121846097883462789468	10.541316848438739839366462547332
8.508584543024301893865413148887	11.098470447711022757175669539720
10.127736095187117371096974238753	9.736172323568624165091023314744
8.730414710640431508181791286916	10.896287425935460291270828747656
11.525890846489065921787187107839	11.787160205066980367405449214857
9.318052952880272243874060222879	9.558733612686394209845275327098
8.730138072219219225189590360969	10.251802061665951981694888672791
10.518564674395442182230908656493	9.212821979071307509912003297359
12.462846655242451276990323094651	9.604929423222628770417941268533
10.946428311413001210894435644150	9.829221645345771918300670222379
9.988591410117034996574147953652	11.086410729985741951963973406237
9.190990681166958609082939801738	10.357982215514466517447544902097
9.854767405574536454082590353210	10.583573602041102645898718037643
9.625677124036958076658265781589	10.276375382966076443835845566355
10.860324075033691570979499374516	10.562284269778997369826356589328
9.045587414229341760574243380688	9.108644344402279102723696269095
8.253124973630797001078462926671	12.096089853497812072191663901322
9.422883754116485377494427666534	10.621074579008627836174127878621
8.514104274073973854797259264160	10.089912027558989748854401113931
10.325202307520553901554194453638	9.451259483245863179945445153862
10.895343337118479354330702335574	11.484438954300060231616953387856
11.349206702567151694438507547602	11.007612236213381251559439988341
9.771904406915982832515510381199	9.451843777342970653876363940071
9.580532241092745593391555303242	9.534773102666834532215034414548
10.916569537131380229766364209354	8.964479458338082906720956088975
10.713384580699393922031958936714	10.235329547818844631024148839060
8.392271078254333716017754341010	10.880440840879144204222939151805
10.691656232489862077272846363485	9.371892720985053770732520206366
10.282296344683274469389289151877	9.214414816053153600705627468415
10.045072024029380486354057211429	9.635938171559455867054566624574
10.789263843255094244000247272197	9.519495854290004999143093300518
9.027291617259486145030678017065	10.086570006274852673300301830750
10.517919362910898684049243456684	11.378149684996488488764043722767
9.477654895577090954361665353645	9.349344313571164022391712933313
9.409395534300529106985777616501	9.895992724368442239324394904543
10.620105072547332270005426835269	10.337302671103362428084437851794
9.887815943738111457150807837024	8.537458056832168296068630297668
12.830047743069712851138319820166	9.809402961017704924984172976110
8.868323541583565727819404855836	11.348484243120031678131454100367
11.002929133706590647534540039487	9.955900307846636820841013104655
10.309137153706693368349078809842	9.581882914964268138646730221808
10.865066726921599027377851598430	10.425327809979112458904637605883
8.924746605720242698112087964546	9.442700983927201363599124306347
10.427827596902716322802007198334	9.718107347027766351743593986612
9.653289447180984694796279654838	9.588551227859403169873075967189
10.831673793358174151535422424786	10.413956390252609551794193976093
8.638773718486490338364092167467	10.139050637486580086488174856640
10.021688492812812043553094554227	9.125244986563753712971447384916
9.752086260280169227598889847286	8.335204332463714393952614045702
12.125258569568877931033057393506	8.981350785780504608624141837936
9.147969891605166381509661732707	11.298660600098818562742053472903
9.636847750318047189921344397590	10.103286936985325539239966019522
11.450440115927767337211662379559	11.251106839848663554448648937978
10.425780202844718402843682270031	11.378901466429303113159221538808
10.872426197685314264163025654852	12.406298914968271418501899461262
10.678723440767445396204493590631	11.474647000407129482368873141240
10.722521555252304992222889268305	10.664109408822536551042503560893
10.444130905345797799554929952137	10.983307292368381880010019813199
8.225876383752051879127975553274	8.975888786670989105687112896703
9.927294958762331589241512119770	8.685686990030937693063606275246
8.953332300326051651495617988985	9.160646013366269713174006028567
9.921924897040572233208877150901	10.748872289490808640266550355591
9.044460336175863091057181009091	8.357182957933417810636456124485
11.024838964964869703067051887047	10.730481387288822503478513681330
9.614094045094182305888352857437	10.276666946559881665734792477451
10.248888493787342568452913837973	7.801743716988523758004703267943
10.761962424213857403287875058595	9.083793857026329021664423635229
10.005880505116131473641871707514	11.321917510461698697099564014934
9.104744522141976048601463844534	11.305513030967002663373932591639
8.629549182583058808404530282132	10.289724450305575587094608636107
9.206700035505683388237230246887	9.976269933682113233430754917208
10.874677849976261967412938247435	9.535989830725348781470529502258
9.127066732103457979974336922169	10.912063422699276316052419133484
10.945144141410706239980754617136	10.136539138230284962105542945210
9.345724828056987121271959040314	11.259426092279772646520541456994
11.128747991889639479268225841224	9.152922460442010077485974761657
8.237146827821829830895694612991	9.269569337672082909307391673792
9.903369130380259122148345340975	9.495616160745679934507279540412
9.659786480586907586598499619868	10.126492932565350102436241286341
10.422887039265312125735363224521	9.681496284854741674053002498113
9.050458915743591958857905410696	10.239790877234909771686943713576
10.282342550805875447395010269247	10.635383798091064377899783721659
9.712859723698883840370399411768	8.958993886754813118500351265538
10.592410105385642538067259010859	10.371941104693474855480417318176
10.109967113220692525032973207999	8.921507484520846631426138628740
8.982834966489731343131097673904	10.368625742650184662352330633439
10.518455635327413233426341321319	7.603890416147489617060273303650
10.414666362011482547700325085316	8.479990684284702595618909981567
8.683354109010661403544872882776	11.333117716811477393434870464262
10.928508685251943077787473157514	10.965312738974617445819603744894
10.374292161802507905576931079850	8.363724548608722386688896222040
10.514884853797260788610401505139	11.129229862723541089053469477221
11.078471905681233522500406252220	10.069425097092860710290551651269
8.995616967565917221349991450552	9.795141304308149443613729090430
9.742894872070449352463583636563	11.587757753707126795461590518244
9.806772819439558475096418987960	9.887715245920071893692693265621
9.027898907335920597461154102348	10.578433749752081283190818794537
11.393531517206877623493710416369	9.777370727993991650350835698191
10.726347926889802764094383746851	12.227923252713265966917788318824
9.992549256445792948966300173197	8.727019220310491931513752206229
11.262739596524083296458229597192	12.087327442342330030555785924662
10.445752300933856204778749088291	11.715417895278090298916140454821
11.240710216224311324140217038803	10.088204551867999470005088369362
9.201064565175164133847829361912	11.504728649421743114089622395113
9.721374685007917904044916213024	8.690183023396615524802655272651
9.587416640551341018294806417543	9.817729829871559843468276085332
9.767293404699232794996532902587	11.056022880202796443427359918132
10.200012690114833802113025740255	9.602518531382983724142832215875
9.774685960744180945880543731619	10.430217785734633650918112834916
9.663138159444720542978757293895	8.064696888773527305716015689541
11.272500692531595589684911828954	9.981541327979854827390227001160
11.337716618745719898697643657215	11.103670967302338823401441914029
8.813542268893160169795919500757	10.487170988066004895244986983016
