75
6.095849950440028308662476774771	14.538552896507088263433615793474
13.302159557055373895195771183353	8.776360181115556713393743848428
5.909484485506599327209187322296	16.279162336332106519876106176525
10.802069305820063860323898552451	7.545376938170006653194832324516
10.763347323231810648280770692509	10.538881093274808264936837076675
14.077956852279537969252487528138	8.053269453251472143051614693832
7.903896619818384650102416344453	13.669463500502558872540248557925
10.647819893263802626393044192810	10.597027230582119372570559789892
6.737591519798742822899839666206	7.691225572070012006520300928969
10.934827348798510371352676884271	0.847815353687062511767180694733
3.445931167945491147008851839928	3.005106117616493044408798596123
12.858049277761811168829808593728	7.817529148233960611946713470388
13.173798768644084944412497861777	6.910852638708531614497587725054
4.958202552084744141325245436747	10.525099497209621901561149570625
15.148246643254495324981689918786	14.742997644355920527914349804632
10.043524614540300987641785468441	11.695662879478781803754827706143
12.578994153211723983076808508486	15.438224269938402244406461250037
9.858751923565646890779134992044	13.948587431078834697473212145269
3.784323289815554325343782693380	5.505431061449710838928695011418
13.886582947519539033010005368851	3.863981480133968915424702572636
4.007420736369883051963824982522	13.822934719788744217794373980723
10.047780881043799183771625394002	3.934982250524533320401587843662
13.090895131367844328451610635966	7.423221441221311778235758538358
12.370001912462138093928842863534	9.493259946880737487617807346396
10.832076835946804038712798501365	6.636603909856924055077342927689
17.711031850200729564903667778708	8.895974160334771951852417259943
9.223441078038964846541603037622	10.357333069573147810160662629642
16.563304393294828287253039889038	14.451653026563395343373485957272
14.819348572020093257606276893057	6.465686216755916149168115225621
10.711634138545644390205779927783	2.146935151291152976682496955618
15.786375977685727534094439761247	10.577186324419967533572162210476
5.958014559384450237189412291627	8.474596548617576274864404695109
17.893147896052177259207383031026	8.582958215006655677825619932264
9.840059992110553821476059965789	12.276735249553560436197585659102
9.146214396222919873480350361206	12.295426608285719538571356679313
18.566712306591984571468856302090	15.922902139813945865398636669852
14.073595218845388998829548654612	4.909951078638346899651878629811
12.315326601080105461960556567647	3.407822571978754488952745305141
7.026954468024444011575724289287	14.019767779255349893219317891635
9.942476415617671037239233555738	13.519147844621562271072434668895
7.496726787252978141395942657255	11.785836288828916096349530562293
11.663086963309824639623002440203	15.616677923323056376148088020273
6.040739580245496398447357933037	6.700399596050147010828368365765
9.680580630450878132364778139163	11.194240968108740474917794927023
4.229326461337548082042303576600	7.061321220713834279081311251502
9.013587226945961816682029166259	14.490789972559337428492653998546
4.029545605932287166695004998473	8.280663605286129325122601585463
7.361120182787459498285898007452	10.146112480985262749300090945326
7.219621370947741922918794443831	9.266688455138048396975136711262
5.444665025162196414498794183601	5.981075611158844118619981600204
4.036111860948351726108285220107	9.197842376860640101199351192918
14.783675215548491621575522003695	12.066416791396150642867723945528
5.835103428630196376047933881637	9.406432020615358879922496271320
6.619101967080801784959476208314	5.081874892035929569544805417536
5.990591815070984260671593801817	6.234853286751324219494563294575
11.559473775776867299214245576877	8.446060138549972506893936952110
7.930068126307819653675323934294	8.118184913361590204772255674470
14.444620152859794615096689085476	11.948671137001316111536652897485
10.567731717992451478949078591540	9.232188604054767822049143433105
11.471227677791697274756188562606	8.283655255182607035635555803310
11.710661662119004944315747707151	10.622931211548145569167900248431
7.881504566072743855897897446994	18.688991864698188294369174400344
3.556111576058106571451844502008	9.711847784511068226720453822054
8.849648630406324656405558926053	14.925321796271381558085522556212
3.367851032139245859298171126284	4.182526046134586117375420144526
13.736189744737377083083629258908	10.580358359670151813247684913222
10.486516030935574050886316399556	8.276844971392293359713221434504
0.901793784439391288287879433483	14.655830086673919510076302685775
8.345867965100625340824080922175	11.494097329880739621899010671768
15.117396969435166198536535375752	12.472406205276964641370796016417
9.041841801581167459289645194076	13.822992465071394008191418834031
3.950377748192280158434641634813	8.020801461016837663464684737846
13.140844841911182072635710937902	3.445448238090477843797998502851
2.198559092641571233173181099119	15.567896608402250535618804860860
5.840066119984029135991931980243	3.327378541720423577032761386363
10.078476245237458996939494682010	3.819001241874474317228305153549
3.809479795594527651303451420972	10.890920389050467775859942776151
10.408508147330021387233500718139	7.782350551867506460723689087899
3.980034605352193111116321233567	15.138917195351389466395630734041
5.688763517703473659992141620023	13.066330572331997572632644732948
9.479451546654782845280351466499	12.267383212386553381634257675614
6.133594072375027295151994621847	10.622352445817446309206388832536
11.544082950037793722231072024442	3.345101095952137448819030396407
4.940148670294973065608701290330	7.906782290454978934235441556666
14.085068023857921559738315409049	3.077130192107418338309798855335
7.683855551250333704160766501445	11.871286809128518413558595057111
5.138161102351956444067582197022	8.113596016531554155903904756997
13.299569253772748567143935360946	8.094335917456820794768646010198
2.139023629392579728403234184952	13.452149122649249335381682612933
10.343589100718787676669307984412	18.619536214369880156027647899464
4.787426402978186779080260748742	13.143356100117131290971883572638
7.251730848118112859879147436004	8.944715307240850066250459349249
15.870610508329701104912601294927	8.397835725345883517434231180232
11.026148251568262281807619729079	11.415071228367560607352970691863
16.373615122151782941273268079385	6.520802224401563762512523680925
9.226384297652966637315330444835	7.803666248049373699302577733761
15.189516490757231537145344191231	17.519587211357443123915800242685
10.765360463067048968355265969876	8.839571611118593352784955641255
12.704947740642433373636777105276	10.022474054476147031778054952156
16.933072281542351333882834296674	14.335517072082367917573719751090
10.194829751344899548826106183697	15.280256643975988595229864586145
11.144683510037030060857432545163	8.951405893146038295071775792167
19.235059525317815598555171163753	7.285566551054227346639891038649
11.788930672644630348600003344472	7.579032585206172178970973618561
14.724923117345085188389930408448	12.244999260883993486004328588024
15.770793313808894708927255123854	4.839482701249028018253284244565
17.783136299375406963463319698349	9.963281904079984485633758595213
7.156126094340804044691140006762	4.185932446244573945648426160915
12.933159109651066742685543431435	8.550895109329188059632542717736
0.416396404431241151655740395654	7.565797655310595892785840987926
5.643337961118173318197932530893	3.900578021506187376132857025368
7.436460780658206815019184432458	12.185893060674674259757921390701
16.357413610337040665854146936908	14.778123549561792415829586389009
7.158112304745117171478341333568	4.498054249933425730034741718555
10.379051423233759621211902413052	12.686014776894435129861449240707
17.355108081758718441278688260354	11.513236787792271442754099552985
11.058891017081435848012915812433	1.273913017228611721520792343654
16.488715134438212572831616853364	17.313000712179118067979288753122
11.127161138864027023487324186135	13.691943158566491689498434425332
8.076136129897149018574964429718	6.541614804938701510650389536750
6.335056472084279910461646068143	7.038951792448804312130050675478
11.722625311957004967666762240697	7.263123908141427165219283779152
10.064317437956589174063992686570	2.627608500475372643734317534836
0.514420203353971317028481280431	8.741769407342632192126075096894
12.607646677917383470912682241760	3.560363598119629102711769519374
16.920678995534320421256779809482	5.691016868407081652492252032971
4.519874175934344151528421207331	10.821335366379237541423208313063
10.847330079780718392612470779568	10.106307067050220638293467345648
5.193914370690873028024725499563	10.259519041114343096410266298335
15.231703993835475685614255780820	5.601656353656595754841873713303
9.286659589447905815973172138911	10.710817361368794919940228282940
7.954345515228534502227830671472	8.759281904241094096619235642720
12.503836129449094727306146523915	12.185719305771307574559614295140
16.876448221401034288646769709885	16.675144603376146790196798974648
8.312833409780234106278840044979	11.329746584938256148689106339589
11.222837596103261148527963086963	6.557404752718829499258390569594
6.327669314335821582062635570765	10.748927655540832404312823200598
15.225054071777785580366071371827	18.715815478960358575477584963664
15.916572496884125342830884619616	13.474230010933222700941769289784
13.499027612628033523378690006211	11.273657770503334063505462836474
7.959877772573255683141724148300	9.329321784232076808507372334134
10.784673901050243927102201269008	13.332830872960437673668820934836
18.376200194486617789380034082569	8.468826595315031013910811452661
10.919277545413070384938691859134	13.859972249150320777744127553888
11.781730226303540831622740370221	15.793914555277467570704175159335
8.513127463518028292810413404368	16.229867506286016265448779449798
10.194796284835723199080348422285	9.269203432411645238175879057962
5.411306000270873717283848236548	13.297917408779399650597952131648
6.552907628192432554214974516071	8.312658376984087382766119844746
8.655733101060766543355384783354	8.842895944228914117957174312323
5.582938772363799984077559201978	9.023097703999448881972966773901
14.108981614209856303432388813235	5.284998743798031917151547531830
11.767148251472583808663330273703	13.936114438590063713263589306735
12.871937678296486495810313499533	5.914159278816771170284027903108
5.028280256849111395922591327690	2.449289624276365984201220271643
13.079829811355367041869612876326	8.488287653698680657043951214291
12.826273537315513451062543026637	11.597780586209481157311529386789
7.484473741601786578314658981981	8.658130450611331241361767752096
6.811157413691097062269363959786	15.278817819130853905562617001124
13.134196626115203443418977258261	10.744999448252034568440649309196
12.678748611760362052791606402025	14.786732992452673585148659185506
17.297943654373458599593504914083	14.505342348874076918718856177293
16.107983156861710227758521796204	6.554623964154355775235671899281
5.450917740766382024730773991905	15.868794608179442207074316684157
9.713820205772906390961907163728	12.572604771109324062194900761824
11.769358416483868268187507055700	6.333162246866811173617861641105
6.969494472699178544417009106837	13.322497831185788896846133866347
11.027633811308930944505846127868	8.392032241197435737944942957256
14.960572910853642270012642256916	8.485624016849765638426106306724
15.696306624993439982063136994839	11.913178802966429614684784610290
8.929192535505670491602359106764	8.779990089459440483210528327618
13.283800307189070011304465879221	13.023242216410086058431261335500
12.675138530593390129297404200770	15.106911298486249251027402351610
7.636414457255510157551725569647	18.354596225593972746992221800610
4.442135797257615870137215097202	12.905410894531865295675743254833
10.259512137920673069402255350724	6.055409509032985582166475069243
9.519025400708112982783859479241	7.940537084065646844521779712522
12.583503254491057887776150892023	6.057128432040222776322480058298
5.855899959088930017969687469304	3.609111063965167787159771251027
11.858708006513529298331377503928	8.658268256371966842266374442261
11.050620069153634261738261557184	8.862160094458266357264619728085
12.413413958661143610129329317715	15.969756685078561275759057025425
7.436751608792299350625398801640	7.520809038504793875290488358587
16.673757422919841530983831034973	16.921536513957125436036221799441
14.405288477961923021553047874477	14.054776431085150179001175274607
5.427980026187188222763779776869	5.284896149252340080693102208897
9.872511963682855551382999692578	11.620916727958196190684247994795
11.296053573643085599087498849258	9.747641449343735331467541982420
14.230025199088990106588425987866	7.956418424058853133828961290419
18.734163910255333007626177277416	15.580660428032608422199700726196
12.589957261670615906723469379358	16.953998888229051544840331189334
5.705345965562167442897134606028	6.214479826589927924374023859855
4.692083468721730987738283147337	6.510355301977529762780250166543
10.842186129520895221389764628839	4.523293873290757716176813119091
10.392936704092326394288647861686	11.767862936070791590736916987225
14.003643018197461600493625155650	10.810784747073833855779412260745
8.364105569528460293327043473255	8.170641423870835140519375272561
7.737389604258881448117790569086	6.732098574932781076540777576156
7.899237962295876158691498858389	9.195437932959281468470180698205
12.153872110860447719460353255272	14.275088323512431287554136360995
