75
8.842067133785231902720624930225	11.824293422227706074068009911571
13.464447818235814935405869618990	10.715207485031040590683915070258
11.932596667441680793331215681974	12.827550516896742749395343707874
9.770581278733112995382725785021	10.248763322730122027337529289071
8.847963673913843862806061224546	9.281238438348765384944272227585
6.160432845554910663565806316910	9.916830642025638908876317145769
9.694386017707028457834894652478	10.705959005531337169259131769650
7.300417904988179884639976080507	10.405135527065150213843480742071
7.134924680440720479168703604955	10.246962075734037611596249917056
10.449004904709804364415504096542	9.427232870772321859931253129616
8.300298299166668059001494839322	8.899579446075307487262762151659
11.396725160153653888528424431570	11.115435236481561176447030447889
15.098888567252483738911905675195	6.926004591110530128617028822191
6.651190125481116766081868263427	13.051298709142157505880277312826
12.832218327686335967996456020046	12.654288708802246432583160640206
6.773363045658106429414146987256	13.756275650687463496524287620559
9.783459862951200847192012588494	12.311578725901886954829933529254
8.498373411678178612760348187294	11.784489328251430251270903681871
11.650333433149166140196939522866	12.341174938366837210423909709789
11.055456088221363941670460917521	9.919946421264361546832333260681
10.692202578231334797465024166740	6.310443350258097439109405968338
9.244196303647550294613211008254	9.215003597634012777461975929327
8.207696440098329659917908429634	12.190792039369480193045092164539
12.093144548796031401138861838263	8.103045880445463922114868182689
8.522614756999198348808022274170	6.143159103825295730416655715089
9.037675981291458882083134085406	9.910279071750803581153377308510
5.258044677048157922172322287224	10.604601768236626924135634908453
7.220657785708196385598967026453	9.386537770838666361328250786755
7.618353865238876032606185617624	6.149436446727422733715684444178
11.416386416256925073753336619120	12.129347000996634875491508864798
6.818983845591505499328377482016	10.166640501010308028639883559663
8.169831061796676507924530596938	13.009368261124588883603792055510
10.010536819991717294442423735745	11.381188091718618338177293480840
5.420322712134200138223150133854	13.798041664444959053525963099673
10.021436978438865494922538346145	10.405296291419178444925819349010
11.527017823912300897859495307785	11.384402832925676563036176958121
9.001215430176454646016281913035	10.459207169644294310728582786396
9.476127025019373206760064931586	8.461814721015903373313449264970
9.982399571198111942749164882116	14.034846289846671041345871344674
9.765184164829440405242166889366	10.966790075952497218736425566021
7.004682472888980271363834617659	10.255578644714859137820894829929
12.187856711888141347799319191836	9.241308167880408319661000859924
11.187273312999382213206445157994	11.489444804769101793340269068722
11.397775165124992113874213828240	8.074070044793366207613871665671
8.418534698331063381715466675814	7.462763096366240134216241131071
10.064016061244497990401214337908	7.705633666379670287938097317237
6.512911141956895022531170980074	9.141553823866670924758182081860
8.399614540076441926430561579764	6.419267510473159354944527876796
12.786341199229836362860623921733	12.525890521108633990365888166707
14.134714374999996167048266215716	12.452568431135883741944780922495
7.902931412431323465739296807442	10.376723037493434276257175952196
12.491216723632048157810459088068	8.245170667396450880914926528931
9.739506454413342950715559709352	7.263524745722049758001048758160
9.409370363629550482187369198073	9.661849806851014577091518731322
10.331363410667604441073308407795	10.120462290138309668918736861087
6.591516627528968719218482874567	7.931880446456510469488421222195
10.117264219894515520081768045202	11.450936280529546706929977517575
9.293272579925814014245588623453	7.880620094083358395664618001319
12.494185798050372326883916684892	9.243412012649685038923053070903
7.148255524567184160389388125623	11.708006590646684585976800008211
12.786246626923956526411529921461	12.621417074044087414108616940212
15.179239010229657935724389972165	7.310326693437645850792705459753
9.215499475542802798599950619973	9.114935661321933224598978995346
8.419547715865327575102128321305	12.361304698345081831689640239347
10.132951159048923628347438352648	11.012462353478749577107009827159
7.301221967145592017800481698941	9.101330303236073504535852407571
12.863950934883527921215318201575	7.701486321238983023818036599550
11.366154942373835723401498398744	8.142684552811044085274261306040
11.118472468857897084149044530932	8.609171406444792395973308885004
9.668597580484378894993824360427	9.769916316562760272290688590147
7.813832726755471469459735089913	6.482086068111613030851003713906
10.426356500153136863673353218473	12.448927711764588011078558338340
6.946536138536696824985483544879	10.152458151924424356593590346165
11.863483190051526960928640619386	13.601404267700010208841376879718
6.566702699574561208351042296272	9.379552851093691856476652901620
11.444440263956170866777029004879	10.836308590687991681988933123648
11.896961782110292205061341519468	6.319489287163369439781490655150
10.799300408544011631306602794211	6.033634562561488223764172289521
9.790504343221945404707184934523	12.837096848383115599290249519981
9.240990377340294159580480481964	9.571259438214969605951409903355
9.963951397835945300585080985911	8.840439857162580850058475334663
12.624407593348045963921322254464	8.237596664069085861115127045196
9.116824718370073910023165808525	13.104093990339137576484063174576
9.632498934215600883135266485624	7.869118116104837135083016619319
12.823104054268412710371194407344	14.169554403401569686593575170264
10.318908629346021044170811364893	5.965873605874139506966002954869
9.133760324055190338299325958360	10.750859201575496015834687568713
10.369590913688774946876947069541	8.707564712971562315146911714692
8.452703436093798927686293609440	12.080019467212181893955857958645
7.439044648169054418929135863436	11.418215121986909466045290173497
11.067378903233377585024754807819	9.003332361039671383196036913432
10.021543528741711170937378483359	9.961204542873751677234395174310
10.173275326839538834633458463941	8.621100043698229242750130651984
10.976732340851670599590761412401	6.040794188171704881540335918544
9.725796876152910996893297124188	10.152396819940950223326581181027
11.084442830274285896052788302768	12.645839602948145241612110112328
9.469798960563620582320254470687	5.837537318656844220754464913625
11.473848838861579579884164559189	13.925622438852398587982861499768
6.581294064063261117780712083913	7.494392486662265540076077741105
5.668078472928904432137642288581	9.873744220977583196940940979403
8.453624496014720435255185293499	11.164224719814646036297745013144
7.056494170950887934168349602260	8.651875474203306382037226285320
9.610414115643203913919023761991	6.092441552396127946167325717397
9.098363642258512129501468734816	11.527582328579299542070657480508
9.896891638377343980437217396684	9.999682501809077805887682188768
11.969673589647738864982784434687	10.675977619422118536363086604979
11.859868291714841248563061526511	8.867132828581468118045449955389
9.698987899685318936349176510703	12.385568393223451266749179922044
9.307696673585761359959178662393	9.036540117397409588306800287683
10.959487628270357717497063276824	10.715138099136064298022574803326
10.806245371771423080531349114608	9.034879769424792428367254615296
8.856776846011069181940911221318	9.927609373343480925200310593937
12.467456772027283307124889688566	8.529279542565443961166238295846
8.659889640104958985489247424994	7.851737544547884084522593184374
9.425536458085206348300744139124	11.474530182065635131039016414434
12.690948690802102305497101042420	11.750384717207875695521579473279
5.708803640761490605370909179328	11.219187693075769018946630239952
8.867652459034450984631803294178	11.462437150538754337958380347118
8.897322282864992715190055605490	11.736449030459416675853390188422
12.532884735546556242979931994341	11.778914386836117245138666476123
9.346246281000173183883816818707	11.585610433587163470292580313981
8.729078798313652853835264977533	10.826132391610764571510117093567
12.830744137936152426959779404569	10.318732855947025939258310245350
9.902574914350518398009626253042	8.787327500163574001135202706791
10.949189321984491130024252925068	9.053380672287630659411661326885
14.722958327071847151046313229017	10.696638414683853568476479267702
3.934241828359651194091384240892	10.689386856921217372473620343953
8.407015148781306734804275038186	5.572804899507597831131988641573
12.559134813975738609315158100799	8.615003547066033107171278970782
8.706995488669868166198284598067	10.967648822304084887946373783052
11.542016271499983659509780409280	7.828305550646952326587779680267
9.225680590297859140491709695198	10.551127134189870915292885911185
10.691212869693545783889021549840	8.138796727030472411001937871333
9.875577034238327556181502586696	12.539687811233310554825948202051
9.908439463593223806014975707512	12.580286239158757766176677250769
6.983962843269859277484101767186	12.395560935517650591464189346880
7.206742289293276648720620869426	5.372531895383673372634802944958
12.997820467009352896070595306810	10.659089647133340506002241454553
10.200774669271156724903448775876	7.612960086472186915784732264001
12.092340591750474487753308494575	10.465700196947999245367100229487
9.675156512465674651934932626318	9.082160507874672106254365644418
9.662622434921285474729302222840	11.414253526607508248957856267225
6.567703285518067701787003898062	8.775344223194469606141865369864
10.435145131360945569554132816847	10.510125785557582034357437805738
8.230716224774424105703474197071	10.600399380887770561798788548913
8.209039560318993622445304936264	6.826298635231175637727574212477
8.184451212080356086175925156567	8.275320812791216340542632678989
15.515614800762712377490970538929	11.078713772660055525420830235817
10.926128512498744171921316592488	14.557544562391537823486942215823
9.742425079952543143235743627883	11.929311000731297909283057379071
