75
13.947079643328770259813609300181	9.010296347382649173596291802824
7.064514776777039095634336263174	8.328867215535417756200331496075
10.178228474322787988626259902958	12.785263452401590456020130659454
8.747383753747385526366997510195	8.928436858022473998630630376283
7.568999535548651458327640284551	11.079312382963296457205615297426
9.111428541237987843715018243529	7.365521165835302141999818559270
10.230473887310337133271787024569	9.838243957388682403575330681633
11.663934379703260191263325395994	11.433216705841017457601083151530
8.806272486932531506909072049893	8.638451879430078861332731321454
8.515262297135620883636875078082	10.223396833387679905058575968724
8.986483875328797665815727668814	10.879385774997786029416602104902
9.236464533481097305411822162569	12.366858350827143908645666670054
11.484586336429515540658030658960	8.455634550431485152444111008663
10.219790664845177730057912413031	11.039444097654145693354621471372
8.590091631618138379167248785961	12.437711877752375855266109283548
7.177553036975468536695643706480	7.331428740177135416900000564056
7.121927723936314791330914886203	8.615410942651060111074912128970
8.891556370517022855892719235271	11.023795414831962347079752362333
10.353521090027596684990385256242	8.773286951111019860150008753408
12.611436667381871856719044444617	8.088261606184088847726343374234
6.609026416309105478319452231517	11.379560976564402352551041985862
8.309854736718573775533513980918	8.443340926730684259382542222738
10.379037120903339186384073400404	9.109331217407937941743512055837
10.613553476218489990401394607034	12.414582991771942133141237718519
8.944497135967383272259212390054	8.121929946017807822045142529532
7.795255381371022807002191257197	10.436967928515709758130469708703
11.055061848057906814801754080690	8.522702565555565712429597624578
8.205157160526631798802554840222	8.278004271577792394509742734954
14.433746451161084678460611030459	9.220002063514460388660154421814
5.837607401593734479661179648247	12.103546847976470957064520916902
6.594235395215394035517419979442	11.699940982807495615247717068996
9.393881829751723699928334099241	11.351582300579671880313981091604
12.139348014983454504545079544187	10.566954771281418246076100331265
10.299199592425404503615027351771	9.095363170314776368741149781272
11.627795911990675747915702231694	10.187539916728836075776598590892
10.316700498034428790106176165864	7.373732930244299765831783588510
10.754373150002695780358408228494	8.844791608235802016224624821916
12.700893661261590139588406600524	11.590108175420930081145343137905
12.539890662138398980118836334441	11.847132104354193060657962632831
9.057650287225081697783934941981	11.496697143077694747148598253261
10.795490024872345102835424768273	8.771112616335846823290012252983
13.930321375913338854957146395463	10.702917587093217832716618431732
8.952225913728968365035143506248	9.506275382589105760189340799116
9.349337860122187038314223173074	6.463218517648551042498183960561
12.340321257680423983060791215394	8.156832133953123786795913474634
7.786625354390483089161989482818	7.687330372460525751421300810762
11.098586347929677131673997791950	6.669195717937357770210837770719
12.229619231885841657003766158596	11.447893630160859146371876704507
8.958696197406105454774660756811	9.603136463863764404891298909206
10.502633066483355150921852327883	8.019255977715873839883897744585
12.699727099954051467989302182104	12.817569505135038454568530141842
9.401530564265355494057985197287	7.293602568016894771574243350187
11.734176537675379492497995670419	6.497652835941956084297999041155
9.574073107061130016859351599123	9.514613405477188479153483058326
10.351354052347003786849199968856	10.664266175973112993347058363724
10.900943049050336952632278553210	11.899112093025735248374985530972
9.804729917798844951448700157925	8.860736175791171120863509713672
6.312144078136297409287180926185	12.511262859790511114965738670435
12.189613768905061874647799413651	13.905211708836592521265629329719
8.610334020796017284737899899483	11.061747568218319059951681992970
6.921829343466797901385234581539	11.986105083315687025447004998568
9.981887640129336602967669023201	9.475237672216163531402344233356
11.297793429631122208434135245625	13.488082008355666729926269908901
9.110057467871175873597167083062	9.571822356080344817996774509083
11.606728392552314588215267576743	13.160584814749284987556166015565
9.562158489484168910621519898996	9.966172379001497105832640954759
10.398848442740305841880399384536	11.238499415737784659086173633114
14.676310718643232888780403300188	11.828831591223075037078160676174
10.135120513773189898643067863304	10.366528360830432831107827951200
8.431049225399483759701979579404	9.444658372547905855753924697638
10.541582217535353294124433887191	12.150886646305677274426670919638
11.863264280566449215825741703156	10.074511141380478207452142669354
10.158644083589303264147929439787	8.798445462041501130556753196288
11.913791121947603812714078230783	9.728271976239671658959196065553
10.625785769010834158621037204284	8.068117377684053792563645401970
8.452344700230453256040163978469	8.982902278900411374706891365349
12.792582223095777749222179409117	8.446058960525411052344679774251
9.909746887499499834461857972201	11.133552139677737713441274536308
9.943967962094781398718623677269	10.600768459913698649188518174924
10.183869725251506466179307608400	8.747542489409418919876770814881
10.078758873694429354372914531268	12.499176563171726428436159039848
9.863564571623365750951961672399	10.580728193433341033369288197719
8.107581645680451032376367948018	8.970669308457855706251393712591
11.238670599367530655854352517053	10.177323260030185281266312813386
12.297416825859386335650924593210	12.750313643323933021633820317220
9.385617541862782076123039587401	6.261234764708602185123709205072
10.935825870918355562366741651203	7.169332685231500690292705257889
10.039644369187843864210663014092	7.999615290186676830330725351814
8.869276082931605742487590759993	12.277043933605611414350278209895
6.728144201339558705399213067722	5.222885328895419121408849605359
13.292191836764695622719045786653	11.969833847203940280223832814954
8.670725579914437375350644288119	8.811797945428411438228977203835
9.798738846657458978484100953210	9.950762536921674339396304276306
11.494659361428876565014434163459	8.982928155686659366097046586219
7.324917448750186466099876270164	10.392978698780668267431792628486
8.050666840448780448014076682739	9.838045407852952450866723665968
6.687269407815674249206949752988	7.578631912033939599382392771076
8.789213189655857405568895046599	7.869001995251530878761059284443
11.055548880156489843784584081732	11.242541827270908783020786358975
11.097504086370394205118827812839	12.584672554186170145840151235461
12.912606249623390652914167731069	9.360520175312656121491272642743
10.402729621717179853135348821525	5.668739002892179357218083168846
10.251992764802897895037858688738	9.894905026213113075073124491610
10.728161871404445548705552937463	8.771393036461295977801455592271
5.739875607122213452271353162359	8.260769062492000713859852112364
9.780654109135864970880902546924	10.103478553785187443736504064873
10.361697344124186415115218551364	11.599652627503312274370728118811
13.725173874974155197037362086121	7.788602596984564030435649328865
7.996064562341204329243282700190	8.430367906897870966531627345830
10.057376772686042798454764124472	8.576235705181840529576220433228
10.335214984660778370084699417930	11.680445362010171805877689621411
7.205684776665389534855421516113	9.561758310778920133543579140678
9.878689681622507379188391496427	12.215746272730591215349704725668
12.837466778414967194521523197182	8.550690143663576492372158099897
11.618092040436732048647172632627	8.846509439701279120527033228427
11.582270315273268224132152681705	12.924026046171446679977634630632
10.757681501635911303083048551343	11.101520233600956188979580474552
11.508598417434438232476168195717	10.915803093286204017431373358704
7.920604531234163303565765090752	10.803088249074750848421899718232
6.959134876615568288116264739074	6.977571891524567249120991618838
10.060115790773817678882551263086	7.474190739386928683529731642921
11.049796122111207097304941271432	11.211548243403106184246098564472
10.761145097136731507703188981395	8.507295109454325654496642528102
8.061084542898740323835227172822	8.235506667845250206028140382841
12.892528679812462755194246710744	8.966193266286929031139152357355
10.550242669498569370034601888619	10.394146537164527188679130631499
11.736949188437145963348484656308	9.774484830785970856936728523578
8.543043674897061734441194857936	7.270181289486290054924211290199
10.717046158679641720823383366223	10.033814113390320699181756936014
13.162779909895022001364850439131	10.332681846054866170447894546669
13.121885105678016358865534130018	7.785865798152686423350132827181
6.376854883952418617809598799795	8.390397880433672739286521391477
10.680887702518536030993345775642	11.461629211891407820189670019317
14.794503812016365884574042866006	8.400998117229930173266438941937
9.158676443499617292332004581112	9.384279460286176544059344450943
10.688443037486187847662222338840	7.515022427196988985542702721432
11.205645686946240857650991529226	10.576100594576669067237162380479
12.566272492943573624302189273294	8.132920391278766203413397306576
7.971532069785620677748738671653	12.161049908383329665184646728449
8.433403285931015957999079546425	13.358636042734687521260639186949
9.408821316220395303275836340617	7.281567976261332120202496298589
5.654932172291033509736735140905	12.067155093877079963249343563803
8.337567826415966720787764643319	12.515851837218457731637499819044
11.124053624567739717576841940172	12.760051330842820505040435818955
11.639206724738988540934769844171	8.335600576384200266488733177539
11.273901225868316444689298805315	13.980618589518400085580651648343
10.323821076577955224706784065347	11.627236808234615139667766925413
10.697772359748723758343658118974	9.477499473567180032773649145383
8.952609254193925281128940696362	8.643274534599051150962623069063
8.390837791499022202401647518855	6.710770723768854750801438058261
