75
13.398032341803773448418724001385	8.800634466616401141436654143035
7.062894699372827211902858834947	12.064477090264523084783832018729
4.677843114929902235132885834901	12.862837547226718015735968947411
7.058397220157281992669595638290	8.324220775861423504693448194303
7.355541337760200804041232913733	15.277829913772373870983756205533
12.686741184755252476179521181621	7.636884604924407682347009540536
7.226839869293866236432677396806	11.977936730508112361803796375170
12.507876820294526964971737470478	9.421356039884742017420649062842
10.802009517850553521611800533719	18.211564807474761806815877207555
4.006675935911585106907750741811	14.181597012059835805075636017136
8.031987937144839051484268566128	9.008684276633079690554950502701
3.811336521038047209231081069447	4.886857736340794566842760104919
4.814714141926580204255969874794	9.531778089106985873968369560316
11.374781012184323358837900741491	6.364195556111699403345483005978
3.283344636564841323433938669041	8.348052217576391598186091869138
13.766114245185733011567208450288	7.945660673715964961161262181122
13.908904013094490537127967400011	8.758448709199434745187318185344
8.870682823490078305894712684676	8.982229545025548489434186194558
5.784669068571819394719568663277	8.253669876187929688171607267577
1.274190548023526048382336739451	8.755614282074073884132303646766
12.115141173788416040224547032267	2.548206370216316685173296718858
6.299283832116147507917958137114	9.425106496073775375066361448262
16.511328091532327277946023968980	8.751254055524851693803611851763
8.155554349820739901133492821828	7.315917443757973259721438807901
3.642443357521213620486832951428	17.051801082574662871138571063057
9.651780488422378567747728084214	14.550972087353908790419154684059
7.218209387595800663461886870209	14.384825460219614612356053839903
9.693992424014675535204332845751	9.700514697959148335826284892391
11.623856404084861537739925552160	19.252936046333758213222608901560
4.058117218159721595327482646098	18.899965305444077046104212058708
11.052656786541438904691858624574	17.219386745803468841131689259782
3.051626697164826040875595936086	12.306787078330081897092895815149
17.789787896452732951502184732817	5.668274793418517809584500355413
3.410247467257176090527082124026	9.106632737521898945942666614428
13.110268248661581580449819739442	6.781422559014957052170302631566
5.302929239087266211072346777655	8.446842062451443311488219478633
13.549311022981802565823272743728	5.181429772811729783654755010502
6.480867202313339348052068089601	10.934724308321372987506947538350
8.005136199860103829450963530689	7.501463671191835658191848779097
9.458616769017384129369929723907	15.037502216738026561415608739480
19.017589936308667120101745240390	17.029576070047482971858698874712
9.326556403509272286100895144045	3.669782382520704544504042132758
13.702285467497521409541150205769	16.501535152807917938844184391201
10.330443964413506208188664459158	11.301487310733740798696089768782
17.621670444412089295838086400181	10.703256972024311366453730443027
15.618116736604971350743653601967	10.092409225852900789277555304579
7.628720300873386150897204061039	8.006525230940500392762260162272
14.319285333601946774706448195502	8.099541282814692877423112804536
13.454326081536409631667083885986	9.473649999994076864595626830123
10.501297690677990459562352043577	5.429920686468308055339093698421
7.440943865315117200509575923206	15.732162851850640450379614776466
10.925956099163574464228076976724	13.875481637590976191631852998398
9.176748020444096098913178138901	12.464352288992131434497423470020
5.438558593608744828884482558351	2.046444613845738835777865460841
14.378631654152989938211248954758	4.037136889039012466184885852272
10.097769572746722488432169484440	3.126964428869245971043255849509
15.101168117530875178999849595129	2.231814304838017015697460010415
3.147873408085511748311091650976	13.611748629264084797796385828406
8.533319315186188802613287407439	7.891322751473382801634670613566
9.512520399329748244099391740747	16.768355525890822121937162592076
13.168855148587320869069117179606	9.351307318607769758500580792315
14.166689444337880132707141456194	10.312262041885679408892428909894
9.545424591836567884683972806670	4.216311751618577297051615460077
3.469205627440878458855877397582	13.326005002802066456979446229525
5.122381283209408664447437331546	9.035535331193102592806098982692
14.380233961648531959554020431824	10.265425386201210145031836873386
8.906249882329372979938852949999	3.963072199329606526418956491398
7.823521369807433956111708539538	6.758790078991243177597425528802
7.299606350519100672613603819627	5.939867516544928172095296758926
13.704358727049484656390632153489	11.387612372385996550860909337644
11.017401510337789360960414342117	5.621883268429979096936222049408
16.109521065497002467736820108257	10.918227551150017973213834920898
7.903000685524544266513657930773	5.080936446415969420797864586348
1.435900337920696046012380975299	14.352924738103551405288271780591
9.970317591716122862521842762362	2.850039256759765216031610179925
9.645440758461633734555107366759	13.301546361958649811185750877485
8.744173399774350485813556588255	13.855213717837882470007571100723
8.978161302115864828010671772063	16.239906166921706187622476136312
9.563868423081050451628470909782	6.649312175987569517587871814612
13.000813001325782991557389323134	11.918553720848962029776885174215
8.046334166592757242142397444695	10.742164313638131289962984737940
4.552706846625682146623148582876	11.281916288052372010497492738068
16.929835223758825435425023897551	15.520453061039114928121307457332
1.749211264535484033899592759553	1.176456202122333039028490020428
11.121651652665374143680310226046	8.884385352186185969003417994827
11.046829046142061514501619967632	2.168625750316328648636954312678
7.300018670422838695799327979330	10.867924562197581295208692608867
12.678394924402066834545621532016	15.286721835793480650522724317852
10.731777522531853463760853628628	17.146232636303601282179442932829
5.765241220907069141787815169664	7.471915971386759558470203046454
7.721949071351405180507754266728	17.127232559303209313839033711702
9.116681562643972114301504916511	5.912150345464254108662771614036
13.948570805335004152425426582340	11.392841956711571071991784265265
8.664225625264307950601505581290	7.626193827673617420259688515216
7.396041651326316745951316988794	7.412518642098363308434727514395
10.529356810400075872280467592645	7.083205572258026272436381987063
12.067486314758586019024733104743	7.589834956731927206874388502911
11.195330367812486471734700899106	11.313122190945064104994344234001
10.926846565371679531608606339432	11.006299657521463331022459897213
6.826678614581108028858125180705	10.251883791000425460993028536905
10.486495375183920941708493046463	9.342051594113865320423428784125
9.716705184146244178577944694553	11.934271425141240285938692977652
10.260629651987015265035552147310	12.520682387633064180931796727236
7.499240344657215118218118732329	12.652433274296726040120120160282
12.808085394271371271202042407822	7.161533206041458043955572065897
6.290264943390548424417829664890	7.741864678096947116614501283038
10.842798712727649501630367012694	15.826057890238597991583446855657
14.922900273024470862992529873736	10.605949233198982639692076190840
15.947803258389264158267906168476	7.718679872962009191894594550831
12.922431587916937800741834507789	6.957402928029406297127934521995
7.379767576669520323662254668307	7.295472684358987436326060560532
6.741125036072808995868399506435	5.819579625543161327527741377708
5.450767206057664182594635349233	10.580305319269305286411508859601
12.279865954584639808899737545289	10.959766368266388170127356715966
8.496023800929854985497513553128	11.334514964294461591975959890988
9.363246791693613957363595545758	13.625540477826644902847874618601
15.009620487785589659779361682013	10.994216205727697754923610773403
11.063654111714155803269932221156	2.706597152866430100459638197208
8.308799800724832707032874168362	10.653729575156695830173703143373
14.757974166430411600003935745917	12.000797185786652221395343076438
9.601119294999174158533605805133	14.146034307314153011247981339693
13.221229119863444623206305550411	1.515898738050086791417925269343
11.966824789528232031443621963263	10.573172994231603283310505503323
4.811382151777608306986167008290	7.323650179183518460490631696302
8.917833885855454667535013868473	11.337465251142180733268105541356
15.868606882672462887740039150231	13.802101883298849571701794047840
14.861420804488112423769052838907	19.443338902853664507119901827537
9.327680800150313089602605032269	6.980147136009897224084852496162
9.952841057775641431248914159369	1.483393135912594473779790860135
15.013398806449485434200141753536	5.618985599537290376304099481786
11.930164091121339353662733628880	18.247966952148289010438020341098
7.812934707080568585979563067667	15.643944741857641389515265473165
9.802862076138357139143408858217	5.849958897436790650203874974977
13.203869731167436896157596493140	9.273183295355956090588733786717
6.873650860220255509602793608792	5.611335478197730708416202105582
7.712654285133929477069614222273	9.417822917033749519077900913544
11.199701462046313338305481011048	8.448191380543256912005745107308
11.571966894260389935311650333460	9.395619479939403717594359477516
6.633253450325417688304696639534	5.838707881270316590871516382322
13.183870450216385705743959988467	9.318440469610488108287427166943
8.462960427841540678173259948380	8.758317454600598850333881273400
12.280019014205862504240940324962	11.755874286152307561792440537829
12.126564815532518082363822031766	18.632942628700199350078037241474
7.351288004459499703102665080223	13.389637353690467591604829067364
5.166771106211395903073935187422	11.820971001358572038952843286097
15.210979925369660037404173635878	3.950955936288364611641554802191
5.757081801529412068418878334342	7.350077995514061157678042945918
14.375542915222197848379437346011	15.341328030177061592098652909044
12.136367735598190265022822131868	15.511973374222144173018023138866
12.014204249971673021946116932668	4.545695293865156472179478441831
6.571729131208098095839886809699	12.011502619794148571941150294151
15.297423523455510263602263876237	5.126183620729239720503755961545
14.443693509347586001467789174058	5.320183572896261203766243852442
12.781898663343728372865371056832	8.102467241778116502359807782341
12.393102838830333922714999062009	7.907844795609099364241956209298
11.189221039729648765614911098965	11.588627805980728169288340723142
14.510054320688329454469567281194	4.624536787003678206531276373425
12.990694897647713901278621051461	2.809782054368872294958237034734
6.478341198468377193364631239092	8.247086650723080225589001202025
14.359075094085003598820549086668	10.691050757613757227204587252345
11.518804921741899960352384368889	14.241927106286137671986580244265
6.836744402539956411146704340354	9.729857375435837951727080508135
5.389458648976358290383359417319	8.146856177110649355199711862952
4.909093429725904123017699021148	12.396979119065029806279198965058
10.337271479893395564886304782704	7.273616170131472102866609930061
6.989844551703551900345701142214	16.999323772869960436082692467608
11.415306386009698158545688784216	6.363633336404102891492584603839
14.117916764301829957162226492073	8.141990104421768847942075808533
14.878720711815564214930418529548	6.590840908045878521193117194343
7.661421003109118998963822377846	16.642378460870737910681782523170
17.349883200439162322936681448482	9.795348044440357782036699063610
6.404500344880568185601532604778	5.366284608251485011010117887054
12.173134597381437771446144324727	17.615135925805780914288334315643
15.412508291020703410367787000723	9.982077634050874337390268919989
9.107589554671573495170378009789	13.092677122727289784620552381966
