75
17.316105131349317503008933272213	7.761980704139701536803386261454
15.906724507760079845297696010675	13.045138699543228355537394236308
6.091431015639267698702497000340	0.273768219681833624434830198879
4.198399801738399439443583105458	13.999775292537222526334517169744
11.593806194904697548508920590393	5.491893996405721622977580409497
8.686049428020478302414630888961	13.222975311628262673480094235856
2.541722809797939408582578835194	8.645591617024328101592800521757
8.332484299639588698482839390635	10.852020402404811250107741216198
10.438273604369900482424782239832	7.354533701356991137743079889333
15.254672576250925430940696969628	1.344580799824275363363312862930
0.710769450686921100412973828497	8.405186791967507176082108344417
17.933885003416285996991064166650	5.551387010593382242973348184023
3.446186493953062868200731827528	18.564167886587522815489137428813
3.364465091651405170836142133339	7.496810734270511034083028789610
14.580310206729842903428107092623	5.218480169552035974334103229921
4.596990555873626149718802480493	7.953344678631082409481223294279
15.747296291936503820352299953811	18.219667063250128080653666984290
0.625850558195475414891006948892	3.302162547438405315602949485765
19.172025782938149518486170563847	11.855825830979366486417347914539
11.028205383076395307284656155389	16.270873585679893835731490980834
0.795665960568896490912038643728	0.276725023459496455302542017307
19.349880994031835257374041248113	16.571413711453622852332046022639
14.947635631165372416262471233495	3.114015402897334361398407054367
9.532078460865200497664773138240	18.745870771316951675089512718841
18.671991912479093400634155841544	0.184942139590575926888504909584
15.049828180123148158031654020306	0.124755328934207376789800036931
19.686034553411133174449787475169	8.339344039913969552912931249011
19.470375159601992720581620233133	7.354936180612750007412614650093
5.863745811468428215107451251242	6.325839276692097890020249906229
14.613581332771801157832669559866	3.993456678603939380423071270343
17.281153835853015010570743470453	11.811453872534848130726459203288
19.398220518985393567845676443540	19.741698069722971808914735447615
3.703640026042906985281888410100	19.115641071520354188351120683365
0.930769727583673489590410099481	0.557274482462113418534954689676
18.877291546571036917612218530849	19.247934748999867338170588482171
2.944953453439793644719202347915	8.848316307779962031077047868166
9.881850559763648789157741703093	17.205624730366089636390825035051
12.558344863923380785308836493641	15.491328484032308665518939960748
9.701936908625818034579424420372	12.968274044836565650484772049822
14.708187200517173209846077952534	14.757625678346027342513480107300
0.034756535693447609958184330026	1.998161474601212184154519491130
7.273208822088319536192102532368	1.223948942070836043427561889985
7.659794047354340662536742456723	7.791336969443845461569253529888
18.404670745554795985299278981984	11.341437097893818375382579688448
14.127025610673165090247493935749	17.743973641724569034749947604723
8.842586412986346289244465879165	0.039242891947643965266934173997
5.706720492508274844567495165393	16.283174000749738752347184345126
18.036823396001494757001637481153	7.030191622364421633051279059146
5.879825059580968016348379023839	18.490104221374668469479729537852
7.021474719655600438272813335061	13.044903761533166886010803864338
5.606184701011267534909165988211	1.958375975814830027843527204823
10.024726235720269329476650455035	18.464636742363353505425038747489
12.372815078546100409084829152562	4.176532495674686984443724213634
13.648591467352259698486705019604	15.367222881952651292181144526694
6.415211238299177054500432859641	11.184188028620772215049328224268
13.639062629346449639911043050233	3.207062907609763424687798760715
19.282018795449250347928682458587	9.025039228996838858165574492887
19.593287809441328306547802640125	3.791477316889901860719191972748
9.675470926192888398986724496353	3.317073073516754178058363322634
0.203616447678773848650735089905	4.757503451504055291820804995950
8.063746741361669023717695381492	8.622614754484715149374096654356
17.730103102084090238577118725516	12.713545277616837836376362247393
8.688833104370603521715565875638	19.759953992196255256885706330650
12.284486632533713645898387767375	6.453259299699432460784009890631
13.826217624215892953998263692483	9.913998453660102683215882279910
17.623353881363442496876814402640	17.930225241266423807928731548600
7.347008002423391914703643124085	11.246781017202883035110971832182
5.315468880926108141693475772627	12.532735034850999156219586438965
19.846939246393496603104722453281	16.651770356443677201241371221840
7.328198006056505064975681307260	1.907607039869849696600567767746
19.333639747470282799213237012736	7.791695573554404674609941139352
5.867617865336303140111340326257	6.326707858111351612251382903196
9.798467332776933602644930942915	19.135027974980012288597208680585
19.732446426669827843625171226449	5.922534547047910713502005819464
7.029374154949701747341350710485	10.236131201320739947391302848700
0.163745772594718896897347804043	3.496731264882182443898273049854
18.721180410096128099439738434739	0.588704741227223937727330849157
2.019525594410875868334187543951	8.412940340674374795071344124153
14.629004983180241339368876651861	5.377564607806970542469571228139
6.119311811077818852311338559957	6.109459602487734564135735126911
17.452038535072130542857848922722	4.521952124548358042943618784193
11.248036520263806181674226536416	19.998622940376321821531746536493
14.569309897860362568167147401255	6.727013105938519643700601591263
15.309179406648190990836155833676	19.078314147712177373250597156584
7.470756143051686670730759942671	14.160224801386611659381742356345
1.516085262387782961468474240974	17.905936735082836008814410888590
1.925134492486240134212494012900	7.458501925231892926149157574400
10.850116857244714196895074564964	5.271552849004377705455226532649
12.985386519743551403394121734891	11.088574547848228490920519107021
14.343704805962120829576633695979	7.082787302443216859160202147905
10.920277793053468684547624434344	16.243708003624579561119389836676
16.213926920029113176724422373809	14.284799497037630189311130379792
10.838717792299588538185162178706	13.465222015489906937091291183606
1.737605802241015684472813518369	9.426344014214651068073180795182
17.202870006092979338063742034137	12.147296434532846021170371386688
18.833662116501798777790099848062	5.243570425881618035646170028485
1.926036042215508725661265998497	12.532268712077732075726999028120
1.818518596407607823550733883167	15.642707268488319272137232474051
5.134848162981144881200634699780	10.775037168873131676605225948151
16.227540806032251907708996441215	15.760707374005999525934385019355
