75
6.967727706884597083103471959475	11.756328282343355695616082812194
8.093516339957515626224449079018	6.590072320928898719216704193968
5.319466100891241389092556346441	6.260909443730162671215566660976
18.483240589842118595242936862633	19.193458628988743441823316970840
1.976611932942484717301567798131	14.708277657382923919726636086125
13.155253752587181992339537828229	12.619373308083158491399444756098
0.656866914074145658020142946043	5.469078312354000992456803942332
14.922057401852566016486889566295	9.916136579743248802287780563347
0.477766903976433177092530968366	10.530311098324991903041336627211
16.956097617713453473697882145643	17.568405077615171450133857433684
17.972519098358151978800378856249	10.546647696730179433188823168166
9.339351793962160641626724100206	4.886892565333329940813200664707
17.321551446270468943566811503842	15.997143506436554361016533221118
17.271497282867947831164201488718	4.518899313852287491499737370759
1.958058643293241196658982516965	13.968901366811049769012242904864
18.263023540879050443663800251670	18.331535310013833850462106056511
10.572629423988246344379149377346	12.842104381072180885325906274375
2.241623857004060305087023152737	5.505755707811310628585488302633
10.755019550555156016002911201213	17.615377718069971990644262405112
9.682794563813219568260137748439	11.854164881470385495276786969043
1.110728707513337631951344519621	19.293079856701435659260823740624
9.848544455146608811446640174836	3.205408574083532524667816687725
6.779419447081867389215403818525	10.266146798118050753600982716307
2.770286181133225777983852822217	3.932936490491096837018858423107
18.317938094509479185489908559248	17.451051803439771248349643428810
2.446042158682368850008970184717	5.579958108051341625355235009920
12.711686834058204098596434050705	5.195072954627226735624390130397
0.041677575271596989381350795156	14.024291332456424896690805326216
3.861571475268332775954149838071	6.499110866508481798575758148218
5.678728710209350438731235044543	3.047383958051843588776819160557
2.713702099271371181998802057933	2.898269905286809944300330244005
19.349833706146753797838755417615	14.537017666345805722016848449130
18.801507567412684807095502037555	11.430798606477745593679173907731
6.620175183218830028408774523996	3.278537002962789159710155217908
9.667125909156686347500908595975	9.867970208249346342199714854360
15.549396538801524059181247139350	10.568789670559260329696371627506
3.897006925570467572583766013850	16.283814055688139887934084981680
2.958320280956803216554362734314	10.578280216025024884629601729102
0.849383954129114826514523883816	7.383618881984586046485219412716
13.437463426421452084014163119718	2.774170162130686900781029180507
10.497599842568041239587728341576	10.776783376916839074510789941996
18.187102249285580057858169311658	9.332587473998408711395313730463
1.567017684986202752384087943938	2.918745878262496429300654199324
5.512172802598385601413610856980	15.979080351177310959087662922684
5.102166571347670043223843094893	12.188585835624037301272437616717
1.567633794038776340329377489979	4.042908391729083561472180008423
12.382856516267491286953372764401	1.962775076592351286564053225447
14.310851803509363477928673091810	8.982004051435037439432562678121
5.591505027716840992013658251381	17.478005045293091512803584919311
13.463162938366959764380226260982	1.283687647082365490547317676828
13.403952757843809351356867409777	3.967584731820941179591955005890
18.405178251273841993906899006106	3.074639789305837478394778372603
12.333791126082982003708821139298	4.848130083139703394579100859119
18.843329640903146326991191017441	6.489343910541542470582498935983
11.792731261684066268458082049619	2.590187525723857131509930695756
9.587441115170561189984255179297	12.176725784221781978544640878681
15.413923782046524024735845159739	11.141349876556832398932783689816
14.071977041586606560485961381346	17.181630094595035984639253001660
5.971134897955414189141265524086	6.803338678610561629511721548624
0.591477023130155821206699329196	11.085236257308391571996253333054
19.430618566930924373536981875077	14.722053986017334281655166705605
19.851710409945873436754482099786	9.087041527146396902026026509702
14.949471569653329794391538598575	3.224165445243420968779446411645
8.440129289822033697987535560969	12.872277454349049463644405477680
9.006241160860248839981068158522	0.594443682438547948976292900625
6.336852190139195428741913929116	13.521355140611987621923617552966
7.903874411583076131648795126239	8.968098891726551613601259305142
17.123583524676121214724844321609	5.387816606889835213678452419117
12.318632290565405540405663487036	16.915411136767716016038320958614
16.143012539039158781406513298862	4.774473328910302072358717850875
1.021795413152608578144509010599	5.536555806670508950162457040278
3.528068104652146708133386709960	0.554214989962804605028168225545
6.087232869715135663568617019337	10.416227799780591212197577988263
13.006379572195799099176838353742	7.557904659360379362453841167735
4.085658447927227321372356527718	11.386120663903053440435542142950
15.047326117528198707873343664687	13.899033755581356786024116445333
17.139691139337976721890299813822	5.277340492453966191988001810387
10.060196644401619536779435293283	9.768748074890647004053789714817
6.431651657569776858736076974310	13.728419732441142997458882746287
2.684684096295317790037415761617	16.102982654288702235589880729094
0.732383483265941492845740867779	7.763596979654685981131478911266
12.146406911305650311305726063438	8.487281741303881688054389087483
13.113842913581606808293145149946	0.776012298262958033490122033982
17.343210152789023226205245009623	1.553142538465328570396195573267
5.754926442323617941099200834287	5.867378317120151010044537542854
0.236272743429308818008394155186	1.880477610328568083275513345143
17.037678582641465396818603039719	15.516296955256382972265782882459
14.759869589275949053330805327278	13.785924062188714245280607428867
1.490601679461582840247046988225	5.973148685597340801223253947683
0.131465553012208857808218454011	1.210420415655497627938075311249
0.757751915802755693363224054337	3.978680086541694915780453811749
1.125670942673433483349754169467	0.337675688580116872827829865855
4.898294632466764220168897736585	15.977078471310665719329335843213
1.126220093580543313294128893176	19.690984686356994615152871119790
13.151664728163087403345343773253	17.336417611931391746793451602571
13.214019151543965335804386995733	15.537474797265179660143985529430
6.015577094229326959862191870343	5.146493976472101827823735220591
13.288499553778624573396882624365	11.263087067919490991130260226782
10.113265153822105446579371346161	3.545104911006238257442646499840
4.612970464099901413135285110911	10.994502244828412429455966048408
