75
7.495870621652834131509735016152	8.573719616258987485934994765557
13.661132377920331748555327067152	12.018955790496267610478753340431
1.409659589956240299812861849205	3.149557181548139350724113683100
1.411113738446923004943300838931	0.691802515085335745226302606170
15.520098358900808577232055540662	17.019178153259716168577142525464
8.323556644522327019330987241119	19.376815690447749318536807550117
17.271954044726619770244724350050	17.207700877501594050045241601765
7.343687998658737114965333603323	19.086943262086990102943673264235
14.978596912677275554415246006101	7.073848582154489861295587616041
17.776657878899214892953750677407	0.082245999302577033063244016375
11.431820824677661363466540933587	10.403455860043848701934621203691
1.635798810605237907367381922086	17.247129790053733700005977880210
5.634223352250002925245553342393	7.527001589060972719380515627563
9.503068288588181644627184141427	16.338696609447975305329237016849
11.898760615459178069386325660162	11.279144070549136813497170805931
7.247551518511783363862832629820	5.593693435834392602146181161515
9.562404638743554841084915096872	5.114670640631715059498674236238
6.790228764085641799397308204789	8.807526698936534614858828717843
16.870017287872610012300356174819	18.610212334930775313068807008676
16.594827391119700621402444085106	10.513994297862129911891315714456
14.231145065885508316227969771717	6.704172184213734730917622073321
9.183938451085642995508351305034	18.809793126944093444308236939833
7.098949599898309870127377507742	3.459713545147580227023809129605
9.441881140359560831143426185008	13.051832375831761368090155883692
2.530285196169916872577232425101	2.442028373452211909011566604022
6.073897818788001501388862379827	18.152982027966672262664360459894
13.492077019859253894651374139357	4.438683127602200961803191603394
12.069751212438372789392815320753	13.204796676238238717360218288377
10.461093598156898210049803310540	15.187649210746574368613437400199
0.494779773183138260606028779875	3.822344542079070262019513393170
19.327434888502384779940257431008	9.954800035136642577526799868792
1.530295967870582973802129345131	6.163593804359894789968166151084
0.035447723468133851554284774465	11.588284837712286901023617247120
19.989565001991362436228882870637	11.801989950421425845661360654049
12.201458576288896296091479598545	6.554532254561578064055993309012
4.740650912056196375488070771098	10.163131440802386507016308314633
17.995723339547808450333832297474	0.195022082294018517245604016352
11.393016844836949985619867220521	8.570221425406369775146231404506
12.423586119879811207056263810955	16.799160524160299701179610565305
8.980878252532365380034207191784	4.353655632414112908179504302097
7.532139738623215841073488263646	3.011027433016870702431333484128
1.697984284216778050335960870143	7.517526988063270465545429033227
12.513970992229371148596328566782	5.256706721751007727050364337629
18.313683189383887395251804264262	13.779025989060034618205463630147
13.726269062037985690949426498264	13.834213705132757610272165038623
0.033689964568850427895085886121	16.260135068318017914634765475057
18.352172558867604124088757089339	0.387959674721767289184981564176
11.965879807704752124664082657546	13.531515402549572968382562976331
3.924851618986826551349622604903	16.764225259985817473307179170661
12.516628285781765228534823108930	4.501101466590085031782564328751
19.343802334351064331485758884810	4.317312493480402579848487221170
13.571756138663831237067824986298	9.477795577198467213975163758732
14.465696451182783022204603184946	1.955182478410693036607881367672
19.050905110667084585429620346986	4.089780616158229520351596875116
4.407678784735054478005622513592	11.080570709844677068645069084596
6.994665268417419312640959105920	8.842593713024392343413637718186
0.741969930524710719055292429402	4.697688904012549571120871405583
15.470662334837737006409952300601	18.044303080509326520086688105948
4.669548858767235799405170837417	15.466979994296732314751352532767
0.578933861588322162816666605067	0.894485601140406760833911903319
7.860184367730851384692414285382	2.958222914693013905207408242859
3.322771372873776218881403110572	12.547940496336032367707957746461
17.163285377436242384874276467599	15.579344835461030882584054779727
6.729876167148473697920962877106	17.504319340468175170144604635425
16.826918407321727499947883188725	10.484233936476572424112418957520
9.517521253300555983400954573881	1.169248373142537378299721240182
3.010501393128570679635913620587	1.708263990564937717664406591211
10.535450041472280702237185323611	13.532769924645176473632091074251
12.375640208936985686705156695098	17.457704872616041313904133858159
13.174048078762938374097757332493	16.594153820311426272837707074359
2.808503691473873686845763586462	3.432961492244370749205018000794
18.368245554361266158593934960663	7.094093639586329658186514279805
4.339975334914882409975689370185	18.241384705828494361412595026195
19.402090487776639804451406234875	12.755392917301746180669397290330
7.766772022228016325584576406982	13.767715107972433585814542311709
0.311157538056203719634140725248	2.894245735635265770469004564802
7.374288882347146412143956695218	16.644490028265554570907625020482
6.086318127431509239499973773491	1.157437834977514956591448935797
7.574705466677677634379506343976	4.825083049636374354918189055752
1.121198761415065359159370927955	7.978485150945044956927176826866
7.028427838802031146769877523184	14.676799618784212242417197558098
1.264096424338319035740596518735	7.581088924478221358072005386930
6.848670456292933472752793022664	12.936430498686927847984406980686
17.758415420865631517699512187392	2.859795802553224408626419972279
16.325075027996472698532670619898	12.194468055025325270435132551938
0.584853880279525562002618244151	15.337773583324871395916488836519
10.753760660678517879773608001415	15.998576491602493732102630019654
8.177360657388927478450568742119	13.310055875761030108606064459309
3.976084107710771142762951058103	3.836891494959775439355098569649
6.805248162512302911864026100375	10.388810126554295365508551185485
14.330535811586544880924520839471	13.336096455446552866419551719446
16.426891263367032536280021304265	8.527938315661589996352631715126
18.250585088916693621285958215594	2.183354482004506991188463871367
3.744066176088136632671421466512	13.674351505798970407568049267866
5.075453601243474111015530070290	3.291810924068412358423074692837
17.729874898657143944546987768263	1.368016929643225410018203547224
19.829422148714243689937575254589	17.251786227402138962361277663149
17.365154947046054445536356070079	12.574261250915494514401871128939
4.497113596698881110569345764816	15.961831094544384868072484096047
1.076011303486130721296376577811	11.642306898956899630093175801449
