75
3.874428453924830151322566962335	15.133506155195354025977394485381
5.756049487444203194286274083424	12.587671582218572297051650821231
7.529567591790124581052623398136	9.691524675173058156474326096941
12.930724691850825180949868808966	11.168847153863254106909153051674
17.367823101163736509988666512072	15.624557813771074776809655304532
10.370632031461306965525182022247	3.232339047753332028634076777962
18.745151707106330718488607089967	13.598518959883014289857783296611
7.923929356085082531535590533167	2.170942999937799378074032574659
13.900465859759265185857657343149	7.588534886481428820559358428000
16.506268171231035069013159954920	13.477544091833239647826303553302
2.119804954201261804058731286204	10.581651460385707252953579882160
13.024425794925614141561709402595	10.454898296027023363308217085432
12.112702880188681575646114652045	12.653200413145661684666265500709
15.999821461953136036981959477998	10.884832572946818274317593022715
17.360307378543531342529604444280	9.145463984200372209443230531178
11.297668419977153320132856606506	13.589384204495988939243034110405
11.162330535967535993790988868568	5.044669952620421504718706273707
3.551826283698548358813695813296	9.184469112332166673695610370487
3.017606397707414789266522348044	12.114495959021834181612575775944
5.184245065442125266486073087435	19.740005277035709951860553701408
14.574745609823988701236885390244	4.298955750317401403037820273312
6.335041174099440119960036099656	6.197457357550737455653688812163
3.945822170338794787625147364452	17.228619445799562726051590288989
17.481162025654256808593345340341	9.807381577610810197143109689932
15.435121210742828168349660700187	9.128676798172717710144752345514
15.187331027092460189464873110410	19.548517351875453584852948551998
15.471128183263175515094189904630	12.674938499846948758431608439423
9.758652349918783386328868800774	9.912874834578488503211701754481
13.577026728269178335040123783983	19.048022840391269028259557671845
17.932175064532248853765850071795	10.318013350384081405763936345465
9.731055711458997947715943155345	10.800680426737915951207469333895
7.458436113079606855080783134326	3.333570095200709904048608223093
10.062674257055707727204207913019	5.521025742386023615893009264255
8.299134599435419090696086641401	3.434380459613357583492643243517
5.389130818937752032127264101291	14.676247399138691918096810695715
9.115686704056622957637046056334	3.092848215938372558042601667694
14.491294093491960737196677655447	15.402060633613997353563718206715
15.328168490543603752485068980604	10.055291438981166507460329739843
4.097217280938129313483386795269	9.480777146259395493643751251511
13.340474892588138899895966460463	16.845950910499965402777888812125
8.003052395537803676006660680287	6.999761397447167965424341673497
8.889548496263870447364752180874	12.209168733185887134595759562217
17.691052477428421241256728535518	0.859612168911683127703327045310
8.233180948590966607980590197258	5.260833096032577316236711340025
4.578827954885515083560676430352	12.223204537380008005698073247913
10.160235415742310038922369130887	10.579902246437582036264757334720
14.718390096631216223954652377870	14.829094162033680248669043066911
15.836882950613770049130835104734	6.767819438970816392497908964287
6.929090870572949256711581256241	12.909924893865504458290160982870
9.319992401620240229931368958205	12.311289439222775854432256892323
3.865271612923030453146111540264	11.832259784047344908231025328860
11.330437998870538152118569996674	3.485787203026613045864223749959
9.333061548551194519518503511790	6.215487222926167731884561362676
10.452330463201448651489045005292	10.415832817136214671904781425837
14.241997562031958324268998694606	13.927330629894331792684170068242
1.779859116950349040564560709754	3.152943900293447843097283112002
4.781201885958820341215869120788	10.417177254502091088284032593947
2.635314936573251998197520151734	13.993394593933382807904308720026
17.268136347042975842214218573645	12.054384780560022605300218856428
1.989519803357830518564242083812	18.933475252620560524974280269817
13.106178081820310410421370761469	11.783657630718716191609019006137
6.615953710959480815745337167755	6.312331869278684060020623292075
4.696117031793725082877699605888	4.966449431688343629787141253473
8.209102830126957073275661969092	3.146664527381312304044058691943
5.211637808903624602407944621518	2.518017553635952143764598076814
18.452550092466807996061106678098	0.795272836983565767354775744025
7.076030188879013138603113475256	5.678567751329606672072713990929
8.543251834836485869573152740486	1.747684935850635667975438991562
1.514576144375905819572381005855	4.001000675259761329982666211436
13.754631395199250931682399823330	12.250249168028350510439850040711
6.707104362172132461239471012959	10.776486971498078659692509972956
13.224343001410101550163744832389	17.966284368185068132106607663445
6.333520573174654444414954923559	13.037841782978134119730384554714
2.809409725180505468244973599212	13.926607911158866315304294403177
8.718862934148626564478945510928	17.570575741731857988270348869264
16.691445141427760034957827883773	13.159178781490268761444895062596
5.465697278270093661944883933757	2.010550127836963962835170605103
9.583360555376797762505702849012	13.262885348353618653050034481566
16.510774074141583156460910686292	15.472263869302567584895768959541
4.167490923700383653738299472025	8.661407381441929231868925853632
3.043584991839227260612688041874	4.958823605029963665913328441093
3.153207032192846703821942355717	9.888221069132136165080737555400
13.994788619318748956743547751103	14.353892840703080580055939208250
10.547808184439338319293710810598	14.805657501786237517649169603828
10.789442933327402229792824073229	19.196086141771218080975813791156
13.986478717616412481561383174267	8.434811293477631366499736031983
6.934476155289919674373777525034	13.185768263747613460168395249639
4.645861489483532835720325238071	15.122138933743766386896822950803
9.584333599248589408148291113321	9.187045125525582278669389779679
7.786119352210339350506274058716	18.297897130198517601229468709789
9.945864212284886818338236480486	0.700327927588207721498747559963
0.197236131208212484011710330378	0.728673247241733879064895518241
8.987148930253178846783157496247	10.631014131173694536869334115181
1.257314731833835796948051211075	8.489625419605328460193049977534
7.219028687323682191845364286564	15.833960678449837899961494258605
3.443824353234194557416003590333	6.630816947286612972334296500776
9.029563207506473787589129642583	14.860405971437286254399623430800
8.163691403530835444257718336303	12.066215678851522241643579036463
0.816950364104854109825737396022	8.660463815427251077494474884588
10.615518057343431124195376469288	6.568396670713420704146301432047
17.320026624688040328692295588553	9.167584575042347694306954508647
10.316786930022898260972397110891	15.835270080327859432145487517118
10.004898676725524353514629183337	12.555428783399793957187284831889
6.846722153256653342623394564725	2.440477648142528988017829760793
12.544388460251877148721177945845	5.488613270242212571758955164114
15.436512436379738133496175578330	13.174046065048464981828146846965
2.689594137759552694433295982890	13.162294472110577459034175262786
6.721929309390775486576785624493	8.328998512541309295897917763796
1.913443554111031730258218885865	4.450715873683239287572632747469
3.543066010561078282847802256583	13.490113251953602002686238847673
7.881865298146049525485068443231	18.177840592493794247275218367577
2.943632189934042742152087157592	6.956204491348591645305532438215
14.039957824879376602211777935736	8.281072044397461695552919991314
4.272118499063435770324304030510	2.358340842503362289050983235938
5.707519858359921371970813197549	4.660008786786866252782601804938
14.613549198575778831354909925722	10.491843964321443394283051020466
8.634405902246630404306415584870	13.732788783451983505301541299559
8.156931956096535429878713330254	5.499587462313296981619714642875
19.014886463284927486938613583334	1.025644200883633061494037974626
16.848065594680758039203283260576	4.746083465392575639896222128300
15.370766133747453707769636821467	8.116561541749240049625768733677
10.586811108037668560655220062472	12.985040670360971759578205819707
14.764639396601671350595097464975	3.884283055105619109070858030464
14.523138829032145480368853895925	15.245845101084864126050888444297
7.231089509092155864777851093095	4.740005519709489689716974680778
15.049489304364959352255937119480	14.996525324845300985998619580641
11.652896568345248340392572572455	10.798410819129967919138834986370
18.247081209129799361789991962723	12.530075662703541894416048307903
14.792390527070782724194941692986	4.697506071644826697308872098802
11.167002311084962329346126352903	14.156929785348902228747647313867
5.839417645943397516816730785649	15.046665568028979365067243634257
13.426802547840456014682786189951	17.596541880185640138734015636146
19.703889077513849770184606313705	6.696067998792783804162809246918
16.371775278278335008508292958140	6.763753246840569666176179453032
2.018923990011405766864527322468	16.920458502055801375263399677351
6.896575519108272267487791395979	3.361022173682429947660921243369
2.385274158117091758413153002039	10.303091016903238141821930184960
7.162790694490078990952497406397	15.799027304203379529212725174148
5.036706112614997010723527637310	10.699635497994204769156567635946
1.675656428911237227907804481220	5.525547688058873418981420400087
3.599307063453704103039854089729	11.190918809243990850177397078369
10.247994598293603374372651160229	13.500454272597972149583256395999
1.181233300988995704727813063073	7.328691281227079912241606507450
11.079652760551535806143874651752	10.681826159435853895729451323859
12.237461288954111893190201953985	4.364670035069445397368781414116
8.002467745789360265007417183369	10.019732263112185677300658426248
14.003801225901339577717408246826	10.265530989815744078441639430821
13.329635231976972420397942187265	6.061859601996895108300122956280
10.696919583866577596609204192646	16.817215346535480335887768887915
16.664587986649046058573730988428	7.765844626088411750686191226123
12.776383757960902087802423920948	11.395115230293962227392512431834
4.132081724533176902980358136119	5.029314027684817389740601356607
10.815586193100369172270802664571	2.109722132136144789882337136078
13.203437265569579750490447622724	13.323688852973521790090671856888
8.515693528235873444032222323585	13.635411514269021537870685278904
3.554086387239040689678404305596	3.836258313867460856272373348475
8.049342835342015334276766225230	6.407141404443326138107295264490
17.601989054852221983082927181385	15.951578914132944930770463543013
4.732282837978452505467430455610	8.295679362215276242409345286433
7.297736968717297934006182913436	9.609811176385074205086311849300
10.641050173138156154095668171067	11.794550347119351130231734714471
5.050487147751073990775694255717	10.075996271155352346227118687239
11.076154466767420103678887244314	19.111129089420014537381575792097
9.074461618387230643634211446624	12.836314223868109607451515330467
16.616562028685383012316378881223	0.574452244889849250597535501583
4.079744366964632718008942902088	12.026351543987130909840743697714
10.510956140953256365833112795372	5.216321013293319985848484066082
8.861663037579276647193182725459	2.887234081853685907503859198187
12.179310474887500959084718488157	16.832107779245607304119403124787
16.223560631292258449320797808468	18.327425899131160491606351570226
16.239477383416957678718972601928	9.046361569777094047140053589828
5.183430128619206378459693951299	19.433001932045591786391014466062
9.578815318541360923632055346388	9.928386799534703044400885119103
16.560822935991360793650528648868	18.036316507611399373445237870328
2.573011616929086642358015524223	0.212721195609043345342570319190
5.443990244730676053563911409583	3.898067933006777785465146735078
10.037076764973020814863957639318	8.321523817200461081711182487197
0.869776888191487351775776915019	2.088221366982576654436343233101
12.445290862334356773999388678931	16.267685167191604733716303599067
7.794305571307368118993963435059	19.321011399361768923199633718468
14.114767069378761021880563930608	17.044444600545780588163324864581
5.294187206752308583190824720077	1.174859232764825733852376288269
11.564518215307529658275598194450	1.399280627130899734567037739907
11.720912557428924571922834729776	15.933927555952855925625044619665
11.016593892089323603045158961322	2.580726439813755490604307851754
15.175237098684744907473032071721	12.109559083486592712120000214782
9.654656841153050450543560145888	14.304953640146448989867167256307
14.093230414605953271234284329694	3.444908180680576137433490657713
11.726749447537192949653217510786	14.876080982410186948072805535048
7.888769315325357744939083204372	12.303374509484365617595358344261
6.713031197006362305046422989108	9.975246808824488553568698989693
13.557344633136715117416315479204	15.433739612487910264349011413287
1.668020138123938789220801481861	15.248591006066030573151692806277
8.971566190385527050921155023389	12.457084031075197572135948576033
13.961953806201005789944247226231	9.683970571543477845466441067401
13.608874555883076595819147769362	6.302767755277841388306114822626
7.748974478252582009929483319866	18.966208164621882303890743060037
13.725157208425164512277660833206	9.531438250060638495142484316602
5.469645379289175934900413267314	15.526983762983871173446459579282
10.259688121397061877360101789236	16.521003831239546855158550897613
5.060875824216481078110518865287	8.697422053275341014000332506839
11.313954400130151967118763423059	7.815740109308507044261205010116
14.182287380106496144094307965133	5.547856865824529748465465672780
5.348977323466492350689804879948	10.685551722160532506222807569429
3.463209661502485214867874674383	3.631913648576536868262110147043
9.654987416290618185144012386445	10.522162056320928158470451307949
7.797888513738784332929299125681	0.258531039830869335816032617004
18.179879803117749759167054435238	8.719331008763395729488365759607
2.941804882641686269550973520381	7.637273882653810908038849447621
18.370499578089443559747451217845	19.498257047281313703024352435023
10.960319367975509763368791027460	4.073190567371261394669090805110
16.779676614177493121360384975560	13.349052214114006886802599183284
2.366360319967037995070313627366	9.269279455953883584129471273627
11.175861576302416722228372236714	17.074383047493757459278640453704
14.735863074572950637275425833650	6.244145555471597219820978352800
11.890405662158865851552036474459	7.861961271527613703824499680195
11.488435615174902082458174845669	5.073333922571685583591261092806
18.068176745923018700068496400490	6.974884958017094405136049317662
1.556917566222898230421378684696	3.324726884334991972025363793364
2.704475026431527595605075475760	9.410971429628984807891356467735
6.348724036495169364968660374871	6.981352323872289211692532262532
14.209034964372936116205892176367	13.107428293530491103524582285900
12.539057210535913711169087036978	16.475106802709433395648375153542
2.858216085432383923858878915780	14.806825808354313167569671350066
9.498910521341185742016932636034	2.670357226374369119525908899959
9.854145572622998727752019476611	1.888163359676285679711327247787
12.043842745059791354833578225225	18.281099345481219842213249648921
9.059901754774465132413752144203	9.438121209209116457827803969849
14.688830929868778696345543721691	11.285818753010442350159792113118
10.521502698080723803286673501134	14.009393630886783910227677552029
2.186036534828923461049043908133	17.891258294356738645092264050618
17.764420681808331892170826904476	8.816521888318753497060242807493
5.719172395566625155538531544153	8.713940009698553978978452505544
9.901285674562712912916140339803	3.569005496211903771808238161611
16.146669584542525655024292063899	10.548936225106258390837865590584
7.500924641116984759037222829647	8.421924905812216977096795744728
7.621169761384763319256308022887	10.846646700478444813597889151424
10.542590444755745693328208290040	12.393392129482041497112732031383
4.711054583745269752625972614624	14.600430419608969145883747842163
1.224632891956003444278167080483	5.386240583411563420668244361877
8.495676326208625894764736585785	10.046433315707361089152982458472
15.147637997636731910233720554970	17.314533311548370164700827444904
11.834444214711799858719132316764	15.589495776743666155539358442184
8.114579480035050806918661692180	11.145764055736380626626669254620
1.937856631900131354484528856119	3.771002985662678330669450588175
14.429476547572361866400569851976	4.250716622296613955711563903606
19.933366493372844274745148140937	13.503986166329408291630898020230
16.685555685480686349819734459743	1.957602868049973299235944068641
9.265893244729650035651502548717	9.299519313353252769616119621787
2.718962037527996589147960548871	18.781592326905656165081381914206
14.751228415583259589993758709170	12.100581363555251712682547804434
9.533055938940941942405515874270	11.083836389123403520784449938219
10.534823762550782788594005978666	7.499644440265669231848733033985
7.539647876239955692767580330838	5.416925347358551690035710635129
7.898497513242928924626085063210	8.348864337836673144011001568288
8.317953316224198090367281110957	14.516867647553404196969495387748
5.469841151357860198345406388398	1.011672714805849970787221536739
7.455711895270830780191317899153	10.717895770875593086657318053767
6.435276660057249742408203019295	7.963139675925886784568774601212
7.978225869527440394790573918726	6.632658066051456913214678934310
3.176958520323772905413761691307	14.711071840104732899590089800768
13.773963133079931253632821608335	12.887186086891000869059098477010
12.112073728620346813045216549654	15.031907160612140827993243874516
13.642504162544284440627961885184	14.331352543094782348020999052096
11.649997543027691193628925248049	13.993332718612998988305662351195
12.241975988231628136304607323837	9.302870857313715546865751093719
3.313403771444415113478498824406	12.230225689852840531557376380078
9.885284421380676533885889512021	0.005002401330850503313740773592
7.457487390327543153034639544785	14.381749315226880270301990094595
10.549938539496039879850286524743	7.286532322592463195576328871539
14.121638134244950180118394200690	15.299641200429276111094623047393
11.774779962246554987359559163451	16.090356690739234579723415663466
8.909293281986350621082237921655	13.469953788117544846159034932498
4.864504819512116995383621542715	2.078180630354746760701800667448
17.884833789679884574752577464096	12.185509812329053502821807342116
17.874229159057904325891286134720	10.801496975475940232058746914845
9.534178993590330719598568975925	5.197674264214530381877921172418
11.070873306813247438640246400610	12.099884996695656980136845959350
13.422809239478219467400776920840	16.552419503855432481032039504498
10.356594605055729374498696415685	3.983571902710929091284697278752
4.843090854348012896934960735962	16.623066879661212880137100000866
10.128046517376221302697558712680	13.694473050882482567658371408470
17.454937681381430536475818371400	6.910091790651159193714647699380
3.337366639041236204832330258796	11.512372340102835721609153551981
5.127580695055628190459628967801	10.824513168924973172124737175182
10.466778830581583648040577827487	16.178463817408097469296990311705
16.702229211421190768760425271466	7.584032454009845380937804293353
5.824632087530385859963644179516	17.784862680965368042507179779932
6.006960842660868493680936808232	15.729344650861181165169000450987
5.986489727113527337110099324491	10.214186868941636632257541350555
7.083205162591015735529254016001	14.341567609411253414464226807468
0.976622502653099466840558307013	14.253852051269372935848878114484
8.793777471227016917509899940342	8.775792591468992043246544199064
8.984164214564829720188754436094	9.021151627770553460550218005665
13.661512693953097752341818704735	6.487113150381969006730287219398
7.609056254292471344058412796585	0.882289658168072143951121688588
8.965716480888412220906502625439	5.699204908376304778983012511162
10.249608101636161094916133151855	0.360599911634094549839346655062
9.737053160524745010206970619038	6.417175600689428272005443432136
5.295351195091633655920304590836	3.778103224906237844749057330773
