75
18.418018534700301813700207276270	3.569582676586831482268280524295
14.137268266284483075878597446717	14.102130987082357904682794469409
7.867185011863652377428479667287	8.971754394967192069998418446630
5.134381719020982615120374248363	7.800679386510574353508218337083
16.640940549088067967886672704481	1.280424666448185089251410317956
13.074703147002885827987483935431	6.332569965161341407622330734739
17.038411899038234054160056984983	1.211537342388115057190134393750
16.440595088794321299019429716282	11.177175432050280079465665039606
12.652347485986819464187647099607	7.472565719279034013311502349097
9.159928788716376502065941167530	12.889348282952061808259713870939
14.343020825838078025071808951907	17.328506052308643603510063258000
6.973137231647597467087962286314	16.245150563889190209465596126392
14.942903765795410464534143102355	10.556811268486054444792898721062
5.491188470152936318413594563026	12.891408460095712840143278299365
11.177351217408117989293714344967	9.001804287207644250656812801026
13.524269232257113415585081384052	10.294297105603103403836939833127
15.610029557056259719161062093917	4.966742297517644288973315269686
13.976599129544027277916029561311	17.618391755042182467150269076228
13.103358231782788578811960178427	12.928257042051047420727627468295
10.679137352162475949057807156350	10.421105942919734133056408609264
9.685201157969787644219650246669	8.112278285006846445526207389776
13.351378957242678424677251314279	9.213361664903901626644255884457
11.838962691817522809856200183276	9.450802057744748907452958519571
9.249821297884478710216171748471	9.214229881418797063474812603090
12.991526625482217482954183651600	10.060613190729474908380325359758
5.000740563029960839003251749091	0.638435139350479907704993820516
7.253051251006926491982085281052	7.696353337077773915098077850416
10.591668922088636861644772579893	12.199829038593614782826080045197
3.768384699027766959744667474297	17.149275175308549279407088761218
13.976225238874739886796305654570	2.066069176674941498816906459979
18.846916081654111252419170341454	9.105021313398337312605690385681
6.013168753605306449117051670328	13.240336046349332477234383986797
9.992365994158344477682476281188	14.124628334243562122196635755245
2.762038389805351101813357672654	15.890106908340149161062981875148
7.333693725000740570862944878172	15.980458458764633888904427294619
17.268711917591442528419065638445	8.087799159118281622227186744567
8.384899155930737535413754812907	8.788017189934503647918973001651
3.029341002039139585377824914758	13.101374789041370760855897970032
7.262406052874601058988446311560	10.149343277769451887593277206179
14.911272428384254595812308252789	8.586648847203429468777358124498
1.396240287121964129823936673347	6.812560924915976201532430422958
4.866693448444794789509160182206	15.246911474754529791653112624772
0.653901285528803555280319415033	1.950498166507362185484453220852
4.131381139560597048898671346251	9.866816562431823811607500829268
12.658782930535828370466333581135	7.948438210378473200989901670255
11.048238983339714991416258271784	2.528953110019247940698505772161
12.499796061169224259401744347997	11.526739454095528358834599202964
8.868744119779243817447422770783	7.833393007413658182258586748503
17.713081411269303799826957401820	15.114042738089487727393134264275
3.585033651813157806742538014078	16.914659760001878652246887213551
0.040341685658450199269964286941	12.682117025731471926519589032978
7.060548518397708583904659462860	7.001052950744476532918270095252
8.779321524851420477375540940557	9.713490661191627850712393410504
11.204938191862561680522958340589	10.611356777434957976424811931793
11.742741748217138564314154791646	5.876913245650706940637064690236
9.928334273300318812971454462968	8.635831301463380071936626336537
8.225688739144530359226337168366	10.297073813065644287689792690799
10.719173904619893278322706464678	5.350126878929842177967657335103
19.726295699619679879788236576132	7.520015173084098947242637223098
12.185100772433004934214295644779	2.141250577707096702795297460398
9.991789324027898544500203570351	10.116762732997390372702284366824
3.140332096974127296107326401398	10.600664678211577651723018789198
17.038963566995896314892888767645	16.794211902229466915059674647637
10.253058846345345145323335600551	13.902939210600468555867337272502
10.246505597714614665960652928334	11.079946077047555519357047160156
12.740223397854263609474401164334	13.276263183760756092510746384505
13.926065283179886122866264486220	8.090364925416483998787953169085
2.508491433139926396478358583408	8.993065548065606762406787311193
5.709503282071064944602767354809	11.491120473923267297777783824131
15.353659819128885999361955327913	3.720131218517441329396433502552
2.188676126193388693508268261212	4.434231523815484798944908106932
5.591246947099029362959754507756	17.525380508993677608486905228347
12.767167028631257963411371747497	7.701936700654968603885208722204
9.843903766611324712698660732713	6.954363726968657566374076850479
11.419566364414095005486160516739	3.172714986484293397950295911869
6.575833825403606169857084751129	11.647942775282819738436046463903
9.708338251958291920118426787667	15.802459931162175621466303709894
12.006787210376602459405148692895	6.208773564649492371358974196482
8.783959989084321406949129595887	4.490089905209500464877692138543
10.396744879969917363382592156995	10.228915578394669694262120174244
10.671309953012327653709689911921	6.261356387592961425525572849438
14.321361954491015566759415378328	10.833991768936142463530813984107
6.809191284021035350804140762193	8.241526666761540553807208198123
13.982931101732480883015341532882	9.782373346652837753367748518940
15.869275067671262391399977786932	5.873243901659614962795785686467
2.889529624354002290687049026019	13.107464543192726580400631064549
5.863956515950436987338889593957	15.255132890015458357879651885014
18.808299430705897492543954285793	3.451695752948294781958793464582
5.532048109874985186706908280030	5.973909767048766639163659419864
12.519356415857171072048004134558	5.293186642207891701161770470208
7.883239005250787023726388724754	7.275026890346327768099854438333
0.137388220110190140132999658817	8.475794618430887439330945198890
5.828554294466169238830843823962	8.588488205143608666958243702538
12.924658095637706622937912470661	11.356204009011854338950797682628
9.242055762212743275085813365877	19.967691849468135245615485473536
14.078154247840927837387425825000	16.405804229065747534832553355955
13.459989266718997313887484779116	12.606544906589185472967074019834
1.800250040266014650569559307769	9.012732263731125570416224945802
1.766783683850012387495098664658	7.829862782135124987803465046454
16.352010023955230622050294186920	19.946466432141722435744668473490
14.340286217448552363862290803809	5.385519007127770763077023730148
6.530214528071969226630244520493	14.084716802176819427927512151655
10.645854640822733472305117174983	0.672862983159102867602996411733
10.297976927788756285053750616498	6.316882886139425501426103437552
10.111923168487457758146774722263	11.459076621745532875706885533873
6.631088049870101919225362507859	5.817703370400488793734439241234
7.045398966639931259692275489215	4.946648432523923943904264888261
7.329026225656298798583065945422	17.343859391190552088346521486528
5.744961246670904131406132364646	9.552308122309728588561483775266
5.216299271985144869745454343501	16.144782075410510913116013398394
16.018146397364677824270984274335	10.007931193431932825887997751124
7.280430955213406107873197470326	2.829752953164409667863310460234
7.412526849383791471836957498454	13.151105755696924859421415021643
8.871456597915742037230302230455	13.880216571419259352637709525879
18.775726239015810392629646230489	5.520749323351275883453581627691
11.104881471687114924407069338486	6.997447577640651061869903060142
18.420443833035758274263571365736	5.016173513989946819435772340512
12.331220148767688016278043505736	9.342611843837170582105500216130
7.268319931809806178080179961398	1.333339929034829118847937934333
2.384450310812262330273370025679	5.530797996488105994217221450526
1.419471462465185851442583953030	6.215016005426244660725387802813
6.111828370258541198722923581954	0.366340558334534716067310000653
9.061075348524799011329378117807	18.751217844573645265882078092545
7.537466198839641862150529050268	11.809085351049855461269544321112
5.006672865153176665842238435289	11.098578612518451791402185335755
4.974885704600454872092996083666	9.455583830302439096726629941259
14.650192376438953445472179737408	15.270173067364488872499350691214
17.658663212111267881709864013828	1.865898190316976457125974775408
10.443405152149139780703990254551	14.326213834806679869871004484594
9.010242456070567840242802049033	8.779886542139301752740720985457
16.655266374505789173099401523359	13.942427730303874611195169563871
4.242703799661913244278821366606	4.716017226295859288143219600897
12.783715137252322335825738264248	8.650031674648159807361480488908
7.340255966762036621275910874829	6.469408004157888747442939347820
16.170104073548525747128223883919	14.859693593237325970335405145306
4.854422101379549658872747386340	5.840729266062067992493211932015
16.771759276177057529366720700637	19.450927205916300977150967810303
11.122969102191103019094953197055	7.073913282857020590199681464583
15.599779970432107845113023358863	17.088278225663263043543338426389
10.878808072124115824408363550901	11.407085453900691618400742299855
2.108702143460732703061921711196	9.481003941266994416992019978352
12.571386080945485375082171231043	9.870244910556861483996726747137
1.328368143382586463729921888444	11.299583401364206025618841522373
10.626039945176328771481166768353	9.926559373066135449903413245920
10.735564464366033732289906765800	17.891983077323850181983289076015
10.847747507469978955896294792183	4.522398100829501998987325350754
7.724430870365652346265505912015	13.601974184047444182965591608081
7.730247291401980191949405707419	5.031187156436024210393043176737
0.589456798749361077227604255313	9.323598646843100468117881973740
8.659587348459458766569696308579	7.607017266938004951271068421192
4.380309617332406091350094357040	4.918221496846407525538324989611
11.355867803417549311006951029412	10.771335447432109688747914333362
14.654298938958454812109266640618	6.925727957106263765751918981550
11.570067650644320522701491427142	1.032164406649390908654595477856
5.738998324106441728531535773072	14.025494682390521106185587996151
3.390347119634530059784083277918	19.200481236519244987448473693803
15.156421374670214774482701614033	15.744394656303065005431562894955
3.224965377087091411567598697729	11.594123247359055639549296756741
14.653204578752021092213908559643	7.289051348093252613580261822790
6.169608624717254130587207328063	6.672890841880750656400778098032
4.594844846378768110639612132218	7.242315029755844513204010581831
6.124080073235381505014629510697	16.381200230117251237516029505059
19.552744453674741009763238253072	12.132432358080713186154753202572
14.265271059865062497351573256310	15.087117273643535497740231221542
8.321372635023712049928690248635	8.086155944452480426321017148439
10.002192608814850061094148259144	11.127986818595166695899933984037
4.117768365402649344275687326444	12.452077228623053883893589954823
8.995835621750968513765656098258	16.021264776050525568962257239036
9.169964350087626669960627623368	9.893103568140599435309923137538
8.515387322173916473388999293093	13.278302032235238527846377110109
16.839516138405482337248031399213	11.822007294909461450060916831717
12.510608847863030845815046632197	4.347677544800483850906402949477
8.019809664094951884294459887315	8.649574023290050206469459226355
10.161523554392369206311741436366	19.722579608892342406534226029180
7.214447117459824809770907450002	13.885341033655423714776588894892
4.341647147036281850773775659036	9.386124669250106578033410187345
12.758082480625329679924107040279	8.935065977957352245653055433650
8.689439111999503140282286040019	11.413415664512246650019733351655
8.848806584125179952593498455826	13.126346316199732910945385810919
14.310785637712594819959122105502	6.524000479804655583393468987197
6.141758391912222059261239337502	15.314120549922732195113894704264
14.260571261221052452583535341546	12.030750760512900043863737664651
10.396946608148567747775814495981	8.989632128776070985054502671119
3.868341707611201218952601266210	7.444964587093590324684555525891
16.410437403883417317729254136793	15.033057752406417506563229835592
12.539572008479018094817547535058	4.903364100427181071495397191029
12.876168241859524243864143500105	14.353153886042527176414296263829
13.260809095665054613277789030690	17.738972758248188199559081112966
10.164751726391507702373928623274	14.111544377794047022689483128488
0.313979319630289577247594934306	10.413338684968001857100716733839
7.537475361968771991882931615692	12.536090658938421782409022853244
4.027358832824830869867582805455	13.650931376234122893720268621109
9.761239466300972722478945797775	1.128737603492257157711264881073
17.725625895222243855187116423622	17.859079296235446321361450827681
1.414133339916654463763734383974	10.073611070685007717884218436666
15.493561052640639985611414886080	9.889410544936165337048805668019
3.972370854096609615879742705147	7.717663031470746837214846891584
9.480554801298222145078398170881	5.979574456093057932548617827706
4.868751816687031386265971377725	10.090182548779916160697212035302
6.563598598628233027341138949851	2.766579215209082232007631318993
15.452074434313688655606711108703	5.618933996157550403438563080272
9.943991644309894795128457190003	4.563011050809373081449393794173
11.562218934776533174613177834544	4.636839272896151165070932620438
3.979118723767430143567480627098	14.715035438701949743744989973493
3.502593483098325854996346606640	17.487607181018717028564424254000
9.519113067913536951891728676856	19.191753724254358104417406138964
2.343964345987251007841223326977	11.972678572511560091129467764404
11.501020469966270809436537092552	0.779773566859818245688984461594
9.466800607338775819243892328814	10.499438265070164533199204015546
8.076628130684984085974065237679	13.780253466840475695676104805898
6.861051512675185648504339042120	14.130811163630079718700471858028
12.466631758962881448837833886500	6.147350675584951851249115861719
11.221540017593586213706657872535	6.076379811449844403625775157707
5.338469302646042358162503660424	16.613888634043821213026603800245
16.163418504057268876294983783737	2.434183118289965364056115504354
14.687406259628390969851352565456	2.614700623172329763121979340212
16.902419597676011875364565639757	17.223613758974998688699997728691
11.136546749184031313006926211528	4.708396380741449505080709059257
7.535036168593353345102059392957	1.173753857544084677755336088012
14.135888170433677402115790755488	13.409706900236125548531163076404
7.822486130446231200608053768519	8.898079967454764371836972713936
16.548273835752571159218859975226	4.641219162736368808452880330151
7.795164080269120887578537804075	8.795384753756108509037403564434
10.865806386186726228970655938610	9.974634972981693437077410635538
9.698611446110684042309912911151	5.036573022281993772253372299019
8.614026815164558925630444718990	12.048713801814459500860721163917
12.515002990517110958990087965503	8.882109935344018936120846774429
10.809459508102468916490579431411	16.647025959840995312788436422125
11.897893462677799902849073987454	15.145600623062293266229971777648
5.313455575171215805596602876903	8.591910702532942423204076476395
11.716896392215131683656181849074	9.329577566535823152094053511973
8.837976141669900087549649470020	15.954503062868765184134645096492
13.437032486292830313345803006086	1.086106377989231930314417695627
10.630562011608970962583953223657	13.377676745688720671978444443084
0.768159735156903167307973490097	1.402539287045722282698534399970
7.809252537244672609517692762893	3.351344544998495322829512588214
11.153758341745760418461941299029	11.840133314855043167312942387071
10.305357352230750223043287405744	10.895795860080765393718138511758
12.613237142699281534419242234435	6.717282274064420910519856988685
18.485126822231531917850588797592	9.115618562969141080998269899283
12.776125241094009155062849458773	15.615428553086969643004522367846
0.558348239124847989245381540968	14.477131443320399029062173212878
14.306374437166445190428021305706	15.301261477010200451331911608577
15.042449749657063051699878997169	0.299853725448451235990887653315
9.489976120700539752306212903932	5.050490189808210850230807409389
12.000599346422754720720149634872	17.746024408591427601322720875032
16.198361035660198581354052294046	5.671289810601751746332865877775
15.583428995848226605858144466765	19.791401532067364854583502165042
8.741611721402234636002503975760	12.139211028143559900627224124037
7.488456957666430824360759288538	10.919509774263595147658634232357
3.969128778151336689461459172890	11.308191437659280254024452005979
16.153322237983374520808865781873	5.393541358358433512876217719167
7.979923935228471876257572148461	15.185549466256549777654072386213
8.908022476680942602911272842903	15.356652347179476691962918266654
1.269006090150162524565757848904	11.885344515400381837366694526281
8.086205258141900387158784724306	2.187265809780508885040717359516
7.413482391620681788424462865805	9.765971932714805348041409160942
8.802306577216631566784599272069	7.744333223173641478354056744138
7.819931047136217117099477036390	9.428508868424259503626672085375
7.445036698866404734076240856666	10.051157506903415139731805538759
2.916927858733077805197808629600	13.669140554701533218917575140949
14.557018393336178974095673765987	10.727341047172357590966385032516
11.206676115594756737436910043471	16.550425347013952404040537658148
6.322819611723067723119129368570	8.801638821833176251629993203096
10.675927349324755510906470590271	8.883712131952526291911453881767
10.197786504445030431043051066808	9.978247057751353565890894969925
14.403635188770179453854325402062	4.016681832384846551065038511297
8.866064053400940281335351755843	8.384188850608788712293062417302
8.845313324525850617874311865307	10.549287779187041635964305896778
16.620346430464429943185677984729	6.556205447479838355206993583124
8.219788575667873686825259937905	17.519281412527210051166548510082
6.322336772083903433383511583088	6.024265786766141772545779531356
15.504709991827315462842307169922	19.606069965224389051172693143599
3.613948618198483675456600394682	2.543511491258144907590121874819
9.074625797802903903743754199240	11.806151159074067535925678384956
1.700177469616958259024386279634	15.113972470634765343788785685319
16.370576653491816898622346343473	14.227758920353799965141661232337
14.085542715315956030508459662087	8.613815480658477241604487062432
10.355226044415237751650238351431	12.903482451502176431290536129382
19.749225460574990620443713851273	16.563482452782636755728162825108
16.846461100209637606894830241799	16.961767928031093788376892916858
6.823621714188093712039062666008	16.706509588482504113926552236080
6.991887368407621927701711683767	8.727725493525916533599229296669
9.557035477737869655356917064637	10.010457753921585322132159490138
0.869308333380196973649844949250	2.119088901889256248978199437261
8.394430991473836201066660578363	12.606043395263284878637932706624
6.172901273505820185505399422254	4.050244568899862507294074021047
5.469952521668931311182859644759	4.385582189611344716695384704508
3.717609777195982623254622012610	14.094182803603304776629556727130
4.283913684671484034538480045740	9.416616659397647026708000339568
11.391164360724033599581161979586	8.885981493727063806886690144893
15.392726852678148219411013997160	10.407535186338410682083122082986
4.206874642656609708524229063187	15.981872435828723411077589844353
8.013886203106467931434053753037	16.429011711233705739232391351834
17.264582935382488670938982977532	17.923264764996211795278213685378
8.530509640422316408603364834562	8.336593892102738934113403956871
17.986771161002213403889982146211	3.697839580106045964669192471774
16.757558010309200113852057256736	17.899421177961784223953145556152
6.466363606906273098218207451282	4.271038226247140023872361780377
16.956823748006438989932576077990	2.932730462339649069036795481225
