75
7.611836980707820998759416397661	12.755890997379967899405528442003
8.705041749179633470134831441101	11.864231348056394566015114833135
11.173073462844685721506721165497	12.696575042679921097033002297394
8.747016259564446727381437085569	13.058829612152653254497636226006
9.244503333155162039247443317436	11.105221548499358164008299354464
10.761345533639262939118452777620	10.315818193467130470253323437646
13.309053193488466604321729391813	11.074011321442776889512060733978
10.597542253631992537066253134981	11.896743004506232566086509905290
11.222328391240179001897558919154	10.847626995428338858573624747805
13.259453452173325160856620641425	12.459767589412559019024229201023
8.589712905606123882762403809465	6.861399772913836514476315642241
9.626458157826576211846258956939	9.952800730992841238276014337316
8.211842412302239324617403326556	10.547164847946833177161352068651
9.819392848290323883020391804166	11.208291208631427693376281240489
7.473791927857973860227502882481	9.405268269584233564728492638096
15.185927275050843832104874309152	8.830404245509507532574389188085
10.291912381391973951849649893120	10.753875707572850828341870510485
7.810377886251674617312801274238	11.843604363824402625482434814330
9.151334447087029033696126134600	7.789968457792882716717031144071
11.540221824795894534076978743542	10.673381038196765757675166241825
11.474825020784708229371062770952	9.488739552812463173836476926226
11.863059975052710370846398291178	10.645341080338805994642825680785
13.812372328174880919959832681343	11.297890206255120304490446869750
13.191024990650955572846214636229	8.114115336564221792059470317326
11.144556137962752018211176618934	9.718486233016314201904606306925
9.135733841853760139883888768964	6.952344580301579313186266517732
13.340753564505897443837056925986	11.067175630867017943614882824477
8.541710617231361268864020530600	11.897678622355231325968816236127
10.201357638635402125260043249000	8.165109311692427596085508412216
11.718903498522724504482539487071	8.107237950271107607136400474701
7.880409864621489290925637760665	7.802064141559414522930637758691
8.557313535357112144197344605345	7.861456670159164161759690614417
12.384836466693570855568395927548	10.045933042267026991112288669683
14.454989392365551026387038291432	12.262225945517478464807936688885
11.002429572539380586704282904975	12.164412469253205628660907677840
12.892432532445376125451730331406	10.177509274438266473339353979100
8.271452920622898830060876207426	10.699415698832442700449973926879
6.531349753510646394261129898950	13.122938012112292938127211527899
11.973110582043187122280869516544	13.102323756467365356570553558413
6.391513185025409882200619904324	8.875874316162814636754774255678
7.882591458019363450659966474632	9.690012427414497864219811162911
9.340237584526853709121496649459	9.502297572017138094224719679914
12.828638470590485454181362001691	8.666035996071665081785795337055
6.154299810222454425456817261875	8.276421947682104374166556226555
11.578402110904862709617191285361	8.741315959514881939185215742327
10.491946936638321119517058832571	12.009966130784224702665596851148
7.317955991027466744469620607561	8.526914695750761552517360541970
11.372885517253415343930100789294	8.075159540470510322052177798469
7.653575895061098144367406348465	12.203367397875213740121580485720
9.988099525349412033392582088709	8.074253385138900895867664075922
11.303633850374454894449627317954	9.159072711225276108848447620403
8.083945497107636768419069994707	8.853494926537573306291051267181
7.829924079090165633942888234742	9.543648750720834073035803157836
10.152255630482942549974723078776	9.438355251913691290610586293042
13.416845580538389270941479480825	14.038044984657075175960017077159
11.502367214769343206626217579469	10.442536924310486412537102296483
7.949282540549033271304324443918	9.600946036054770260648183466401
10.426673367634597511255378776696	8.346059985866434161039251193870
11.600373292554955639843683457002	9.361811484010219786000561725814
5.722359570423503072333915042691	11.944251404044933906334335915744
11.206374194265087851363205118105	11.306866056371694284621298720594
8.559877352338544298504530161154	10.574593237418834945628987043165
9.345783122718392732508618792053	13.397458907180366693978612602223
9.075658447274101092716591665521	9.727905380345806207742498372681
11.651755785198707471295165305492	11.280835952242618702712206868455
9.098937386014796402378124184906	8.294051838408282861792031326331
9.566201303145794199167539773043	11.325911811110724869422483607195
8.639500846501697139956377213821	11.125179474403227075640643306542
11.772418401481267835606558946893	9.679801128702523627111986570526
6.292606724890230651681122253649	12.033394860904593315353849902749
9.946745269275719891766129876487	7.586466206981407722764743084554
10.389174816313222038388630608097	9.134032992836576880790744326077
11.329713422466648253816856595222	12.407384390998991818833019351587
10.708344048917396662545797880739	9.501320100839100390999192313757
7.781994194579009871404196019284	10.473368353013100318094075191766
13.490234178935354591999384865630	10.061367422019753092854443821125
14.365861753141551560020161559805	7.558385063429405192891863407567
8.785461430516022574011003598571	12.600546771073256380191196512897
8.691728662629168766784459876362	9.721001650261824167387203488033
9.636297132999025905064627295360	10.153665439058000785621516115498
9.181398296486097621027511195280	10.564265635382643182538231485523
13.515290394532257778337225317955	10.030833019783466752983258629683
9.726120130292864374155215045903	8.819304139280617960139352362603
9.836586586727648295891412999481	8.731301989010063380192150361836
11.066251574157966786060569575056	10.304987044502242454768747847993
9.836517249815967645076852932107	10.365267068079177192885254044086
9.342268249723455042499153933022	11.857250445059799304203806968872
8.778756581112252987963984196540	12.991963351702562334821777767502
12.639016646902401674879001802765	12.876016736271395757285063154995
8.881960203783009433209372218698	11.071556871833021062911939225160
10.279577209649833235971527756192	13.153076975035467910402076086029
12.909517664553577631636471778620	13.160517695457626174970755528193
12.314392302072487694886149256490	5.584860557731771812939314258983
10.382466025816917465363076189533	13.662918317853964822461421135813
8.889261804349462892105293576606	8.973962064627755808032816275954
10.074533263391202808634261600673	11.201601511389247534111746062990
10.416200649750589235509323771112	8.413120717314232166472720564343
8.156336125980999440798768773675	10.728029807562512232266271894332
10.149807703621682719585805898532	6.822064219871388779381504718913
7.746713640113519261376495705917	7.309308296530899085041710350197
