75
12.064024280531580046726958244108	9.539066084423019731275417143479
10.908949345101442318650697416160	9.347073599135852006725144747179
7.621326095778664821978054533247	10.987277731850230821919467416592
7.199607961682621848353846871760	11.555389826478039694279686955269
15.783504813932289323474833508953	9.570802174259178229931421810761
11.278308225167215539386234013364	8.796235272232379998058604542166
9.042797615391643617499539686833	12.483885476494794630752949160524
12.683446348870013764553732471541	11.294553129084523135361450840719
9.385351896913009639433767006267	6.586572138582580393517673655879
10.782538881253747931054931541439	11.653663724195618911494420899544
11.478110090649439101184725586791	11.294138926518026977419140166603
8.010161512487750101740857644472	9.591233209581153218437066243496
7.214970346501953457618583342992	11.308437964066133218921095249243
11.880434242411702427943964721635	14.326798376559885639380809152499
9.775321852949016232514622970484	8.624471816843213289871528104413
9.757496323933624537971809331793	11.836320923547006600529130082577
6.014144248311337648260632704478	12.420678275359712472436513053253
11.532478550199959599353860539850	9.835908063237358334163218387403
8.621151024529986273137183161452	10.384079649080723228848910366651
8.982901373593595195643501938321	8.785809173877424882448394782841
8.787886796968951585995455388911	7.519162743319702357780442980584
9.608938328315362653597730968613	12.148652696481313739695906406268
10.213563465968965360275433340576	12.307497060689112089448826736771
11.395561777766781474952040298376	9.819303484423544503556513518561
8.399951441750202363323296594899	10.237876809467049810109529062174
7.486489276356032007697649532929	7.669743304245008275188411062118
10.233234420510095574741171731148	10.053242446152189870645088376477
7.008803066864468078733807487879	7.393423695054998745490593137220
10.650983733819353815874819702003	10.376791952321275047665949387010
12.586691830868860009218224149663	10.244234275888503660212336399127
7.974532646919833211995864985511	8.375014487443085187123870127834
11.454289200328558351316132757347	14.295967559921685108292876975611
10.517163947496079856591677526012	11.105861478588719748472612991463
8.005701123730778689946419035550	10.720644056088179496555312653072
9.625326504276358718925621360540	11.462674159569736787034344160929
12.314392961427756745251826941967	10.948988660170519082726059423294
10.207352990467477127367601497099	10.254697321367469697861452004872
9.597314728850605547449958976358	8.268888151756236482015083311126
7.585088081066014176201406371547	11.937753962632964288559378474019
11.919807512701984464342785940971	10.463824048561068735807566554286
13.304072887117484924601740203798	8.559924904842910464708438667003
14.121700892974139662783272797242	7.818044880360593751333908585366
12.057373995256490673000371316448	11.594912260578336571370527963154
10.294233158759936941351043060422	10.222863853274116507918733987026
10.272550281611614764187834225595	8.066084912945720830634854792152
8.481169015054339510584213712718	10.328583856133581875269555894192
12.654899452659401859477839025203	11.540960535297767108886546338908
10.291030870860188528581602440681	6.834280081212375179688933712896
9.204457824676913091366259322967	6.237051884324800177239467302570
11.709699627213623784882656764239	8.530115492804343446664461225737
13.057097754700503600133743020706	8.319088009252697091255868144799
11.557187183536896668556437361985	11.363323113604002045917695795652
8.824306474492455976132987416349	8.598623286593984005321544827893
8.393378466191180109490233007818	11.725888303271515766823540616315
13.075681104847230784571365802549	11.504126753701374497040887945332
7.146878150546850605451254523359	8.170163331203305290273419814184
11.283168792958562676176370587200	9.642008044906496877501922426745
12.611495125536521300091408193111	10.359330724664383538424772268627
8.559233841649119156613778613973	10.303528307827814813890654477291
9.407632554247602030272901174612	4.726478434513054160959200089565
14.754558954556884486919443588704	11.902330868018937692909275938291
10.263664247958873332322582427878	13.154027657787365157560088846367
9.197415092784426704497491300572	14.221022818995709968703522463329
7.711963866432707703779669827782	12.276656686108523786060686688870
13.641320641996882656599154870491	9.719721153175715500083242659457
10.187801857496882718123742961325	8.146939606356109919715891010128
6.078107971920422514244819467422	10.171336166879809681518054276239
12.121790862174382397142835543491	8.194685835885106683917911141180
12.419790491734408632851227594074	10.751306943943877314495694008656
9.049177543102874921032707788981	7.898231593176049614157818723470
10.744558319697345538656918506604	6.451006607068091369683315861039
5.823543486138138547403286793269	8.641371646306625464717399154324
11.495186667826093440680779167451	8.180969649898532480847279657610
11.562980713204186855591615312733	10.478885412729969317524592042901
9.764074126388498697792783787008	10.576524336317602248414004861843
11.875006357271102430672726768535	11.919613960230126536998795927502
10.160077886644033995366953604389	10.542227190207437814706281642430
11.313485528574698690817967872135	12.865959183783427732805648702197
8.970563811682653820867017202545	7.572943252450280660070802696282
9.944858683411817779074226564262	6.490327450005993981108076695818
6.846753803582836361840691097314	7.902140961936965801726273639360
9.959368559773144724545090866741	11.631751085963564662506541935727
8.005273990053588306636811466888	11.335466591532238567197055090219
11.103289504653359287544844846707	7.887285455806852141336094064172
9.710631386667191833339529694058	8.275120598977633079584848019294
13.664616795389431302965022041462	10.225731043085286131599787040614
10.303435939306243795954287634231	13.749501742853688313061866210774
8.192182529711978133946104208007	13.577245150536064954849280184135
8.276948276692387196362687973306	10.571264076051162916769499133807
11.829011071839754976053882273845	7.021328647587922411332783667604
7.253197681322400391934479557676	8.302020367411596879492208245210
9.098828096087364869504199305084	8.250552156861147068411810323596
9.136002527963420050127751892433	5.756605320864423447346780449152
11.163446673491055349813905195333	9.196177527822088748621354170609
11.573345479191438300858862930909	8.467368773004041671015329484362
9.999236912800126830802582844626	10.386635182442576663675026793499
7.881289246506298695749137550592	7.095880103045104192460712511092
9.254617922683053166110767051578	5.449860537979045460588167770766
14.619826537807250943501458095852	8.590190343465110345277935266495
12.427799158018348890664128703065	12.201705624234527647331560729071
