75
15.063158104943850545964778575581	9.078190495052387731789167446550
8.729538891186363613883258949500	19.456509742100994486690979101695
3.525797680869243500012544245692	10.854358350181984249616107263137
7.695417834336208962042746861698	8.806104720454911216620530467480
12.104513395211792925465488224290	14.312721196299840187293739290908
13.457496549526634765925336978398	9.493547478759627011868360568769
7.553075671860746354013826930895	16.517411029267030642131430795416
11.646987586414166315762486192398	7.606206614263733456482441397384
4.841456249086101060186138056451	3.844070890900695758318761363626
12.378433514950165417189964500722	7.075230660411337524351438332815
3.833708541633920052760231556022	8.997033715483993887573888059705
3.409894994270008528047810614225	6.797786843033017056825428880984
11.036721377163143387178934062831	5.561748894379190844006188854109
12.018101768561646025545996963046	19.248598385022805956623415113427
17.216318145856650545511001837440	8.118321179899790962508632219397
16.255685939877714929480134742334	8.824036497043522331296117044985
15.391287134650491807974503899459	11.076175564581374644035349774640
5.807320787890531299524354835739	7.162272719580036195452521496918
14.392059770878580238218091835734	13.005847439132907084058388136327
7.334314267894118444246487342753	6.325952808950977335200605011778
8.530426364575680153734538180288	17.302534814770940130301823955961
16.109966552102747527897008694708	13.721999603280485402478916512337
13.431775364036985465077123080846	12.882603093166768104538277839310
8.114221229371690213838519412093	10.742353958048298068206349853426
10.967318216318670209830088424496	16.510258615599415321639753528871
9.221699748036327193290162540507	15.778942526371393384465591225307
11.229714450090957811312364356127	19.195391023012746245512971654534
17.428635435686341992322923033498	12.173747965316277230840569245629
17.431736224269549495602404931560	8.967125411396770218175333866384
2.516123355118216942116760037607	8.192746499539937943268341768999
3.074596971783043475312524606124	3.978252505819326323432960634818
8.457119833496744121248411829583	14.285103765440529954844350868370
7.521449772348836937396754365182	14.752423615064550688202871242538
10.594281371529644886209098331165	8.681957752025089902758736570831
7.131668953382868103574310225667	5.654150364983085097492221393622
13.858556363491306484547749278136	5.463463833894826926496079977369
8.990801679282071745547000318766	4.797572867467914115024996135617
17.525382645985715157621598336846	11.590810134192617297799188236240
11.389106083160553950506255205255	14.894288251950181134475315047894
13.531734881574259077297028852627	14.729638067182913019337320292834
12.041863252432397857205614855047	12.817574304430705112167743209284
13.411310467673263957522067357786	7.497436729772418928519073233474
15.040349265309512105659450753592	1.122764507568893010969190981996
4.317069182071660904398413549643	5.104424926705238618751536705531
9.238025672194186910246571642347	7.639205938453038413626927649602
7.092378826797843593965353647945	0.774100154059516043503208493348
16.044269712186661536179599352181	3.536617170150888611601658340078
12.679882032082737453038134844974	14.512403693567488716098523582332
11.399930859557054318997870723251	11.306288847842150602218680432998
11.884725137608587175463981111534	8.167130068886464755451015662402
10.017108857917483177857320697512	8.723411842720780740023656107951
3.925508387695799683569930493832	7.684189421060848346201055392157
16.830603755260984399910739739425	12.357089627456316449638507037889
12.293913775381616559911890362855	8.873290882647813404560110939201
13.459169445033335676953356596641	9.008376750403551014301228860859
15.977975852253317512463581806514	6.608790431238047879958230623743
3.613006747401806606490026751999	13.083828556191663849972428579349
6.968396873864418417099386715563	11.905506628752585029928923177067
15.945365592515925001748655631673	10.241507966895603942703019129112
2.025356659163665362655137869297	4.554559201092400755328526429366
9.132803462488439549815666396171	6.042671544749672385421490616864
13.659171524799738506317225983366	7.130530050758194349214136309456
12.500982768521359034252782294061	13.829426785168465130482218228281
13.815424253841371182716102339327	15.009572691914735642626510525588
4.755758347109647843353741336614	16.555608467934842309432497131638
0.435409934877997173430230759550	14.450161648131924607696419116110
12.771293348466064898616423306521	11.852550755362868173392598691862
7.477081263231741381503070442704	6.921278156675471748826566908974
6.067567040529773692014714470133	16.547045147620011107392201665789
12.186264133144259602659076335840	8.713178937488555320101113466080
17.041451839676867052730813156813	4.823079140965757183323603385361
8.367205081394368804126315808389	12.533722337247526823489351954777
15.956352390146498976264410885051	4.560241925014652863978881214280
15.480428394753880994016981276218	3.964326496177907888096569877234
12.809848322741226311904938484076	13.892448863583705787050348590128
15.057066692258606721566138730850	19.856358968257623587305715773255
3.799694151884720483280943881255	8.179656600360555529505290905945
9.754646002524145487200257775839	4.981644383840712286826146737440
14.167949827710586419016181025654	7.105950311762120996661451499676
10.283863565731259370750194648281	7.254594975592069339143108663848
9.360947469845031676527469244320	8.656340253918155980272786109708
11.597330789786624904991185758263	12.957685056637034293203214474488
5.045424295083082988355727138696	12.886031878518231508223834680393
13.984911170491825416206665977370	16.337004836737200719198881415650
17.039935131283620250997046241537	10.040612926368112312047742307186
9.421883656996985934028998599388	11.186232465550718373492600221653
12.934697398537554846598141011782	3.203549499672697642438379261876
1.959767435246719813335403159726	12.339794858914935105076438048854
9.824286449658659492456536099780	10.362773790547795016436793957837
15.674253205140256994809533352964	5.423583055698125932053699216340
10.297385314912844478385522961617	11.928567997663359179227882123087
15.066086468386750141235097544268	12.797111165985407765788295364473
6.575799210955894480434835713822	11.344926196915647409468874684535
7.799578013465373160784110950772	19.868090936829478465597276226617
13.436843285829771943440391623881	4.414240836742020945848707924597
9.727728240466451126167157781310	7.942055192606530589216617954662
9.526873465023053100253491720650	3.245748424552278521559856017120
2.675127671259992290231366496300	10.698434721793068646888968942221
8.174488746441973319178941892460	9.862001515176173072063647850882
3.873275066656297838108002906665	0.105101057502424710676791619335
12.064150858151759138081615674309	11.744657472001307496611843816936
9.685711595516343308531759248581	15.984258518591238029671330878045
7.396508857627388522359979106113	15.525484859689905547952548658941
4.663759020954824308091701823287	5.955042360985776994652951543685
4.945870228929594603073383041192	4.533086540309327894249236123869
4.769101663357641740503822802566	12.094465252240356178958791133482
4.168470921948346230578863469418	7.675099641782747283969001728110
15.697341530618363236726509057917	11.550248849874515499891458603088
9.700603142037204307257525215391	16.363179450692115324272890575230
8.231606944881972864891395147424	7.581622633881084816209749988047
8.488550124464484980535416980274	6.328683018067228438496840681182
13.450718166958766985885631584097	8.955795301626547910700537613593
4.172592602248050397406586853322	13.023737945955241812612257490400
3.009309500952852545196947176009	19.641975580896524178342588129453
10.133795532242315218240946705919	3.072081915887641123674711707281
4.249941148275235391906790027861	10.055775142456376158861530711874
10.443111094790126003317709546536	8.906688649443113448000985954423
17.834758293166419917952225659974	13.911439175978546956002901424654
5.476293494064532474396855832310	16.488243753394321799987665144727
9.614931558213102746890399430413	5.546048621733554284674028167501
2.682200911702143919512764114188	7.273864783219451624063367489725
5.647940137493236534282914362848	6.439105648287418048880681453738
1.179336048009692605731402181846	9.687499431602132560215068224352
9.273838239605154853961721528322	15.349495539472364669109083479270
9.683080457617915470791558618657	13.370645183490513119295428623445
15.648542364053321662709095107857	13.087533522974705846309007029049
17.272960768141587095669819973409	16.709620374811343879173364257440
15.399761635061192777129690512083	15.845525610158791351977924932726
4.110829149122173120645129529294	9.333275639347432317549646541011
15.408178148385690775512557593174	0.878803666909235836612879211316
7.856735110048161274676203902345	11.401059948975193591991228458937
18.568096870168552925406402209774	4.652843035177224528808892500820
11.535497640180576439661308540963	7.573546231696875352668030245695
7.469333991102135250628180074273	15.440731483755982367256365250796
8.277721598948364345460504409857	4.236024654781474829690068872878
5.465528685583807444459125690628	13.620202374653796795200833003037
15.123808734987205681932209699880	6.035270823311217114337523526046
8.327994368418833559530867205467	1.953716184387593868265753371816
10.493216111342711371889890870079	14.041939090740267914725336595438
5.705418755553266052515937190037	14.601919886827319672306657594163
6.374458074336642354751347738784	12.407951180659837930875255551655
4.953908453600797123783650022233	10.363276410353449819012894295156
11.876741329875962094320129835978	15.150032393976619715658671339042
6.812972145419337266503134742379	9.384504117602821438026694522705
19.038808516848984453417870099656	12.581747465727985968442226294428
7.273764802453068334386898641242	11.443317514654502531357138650492
5.982186885286536082162456295919	12.772402471013768021634859906044
9.381210298719706131009843375068	16.277933203262115569032175699249
7.143601599066919050073920516297	7.651138706529445165926972549642
13.165630527900779256356145197060	6.773667591938020926534136378905
10.849240448455805818639419157989	15.780201617452117801576605415903
7.876080621827653338584696030011	9.586648283855002006248469115235
9.469322459596789087754586944357	11.856555240668306794304953655228
9.445066098754319128261158766691	5.021812564520421240388259320753
15.532592774923317691104784898926	1.247357234100044953706287742534
11.034297097480839866534552129451	2.496756164881352990647656042711
9.073757057916115087436992325820	9.921622593226432584856411267538
15.152552111915865040714379574638	3.683578145101061629418381926371
11.685532918867400198337236361112	15.630904725468024452084137010388
17.563387517530564707612938946113	4.283569378577222863668794161640
16.610834028579560595062503125519	12.919975253984084417879785178229
7.221984728483309190494310314534	10.991403013268428168203172390349
7.521470562261801440229191939579	12.145537503399644663204526295885
3.146333962446027143755600263830	11.223166052281337456975052191410
15.204211305722957092712022131309	12.059589133204841715496513643302
4.924992843874614223409480473492	11.990991885732942279219059855677
14.348615643739794478506155428477	9.353969318213252392979484284297
17.369544486426672591505848686211	14.540285907454153502271765319165
10.914101767535326459324096504133	15.277514769106042891166907793377
4.874718974585761088746949099004	14.654449803270082952622033189982
13.814801442283410892741812858731	12.436175907195051948406216979492
8.979682782203376234519964782521	2.701487559143730621258328028489
7.635823179936195082007088785758	9.074443862046575048907470772974
7.232847582193244306836277246475	8.640581426068031589693418936804
9.366532131053698861933298758231	2.168294909997652286648417430115
9.722355848584889770336303627118	14.086585461774255634281871607527
16.120096138975917199331888696179	7.140841295400102595181124343071
19.085774301839727229435084154829	9.512351761900850632969195430633
13.142767723115465372529797605239	11.676867368908121491699603211600
7.834073421082860200215236545773	8.178736489320256097812489315402
14.036066450088416246444467105903	6.258370557461393701714769122191
14.082603740918164803019863029476	3.670806601512781597307366610039
12.586071945189576837265121866949	7.118373744823685456140083260834
12.377580503505274833742078044452	8.753366190899949828008175245486
11.327137355900696036314911907539	13.699028652101242542471482011024
3.902268458855618682434851507423	9.897958771284249834820911928546
13.798119981031355507639091229066	10.840042383841462125815269246232
6.365024305057024101017759676324	8.382116955565072302647422475275
9.869463889385508892360121535603	6.586004790279474718772689811885
8.864653098290766308764432324097	14.483158656903778904734281240962
12.086426194811025425224215723574	15.989809265805478233346548222471
13.253732104049671391976517043076	2.579608854660694561289346893318
7.712104713163160596423040260561	10.322995502142239487852748425212
3.061295427033752236667396573466	10.943361898621819960908396751620
18.481521302873204604111379012465	8.674812116901151171077799517661
15.373858124477886022418715583626	5.907620433628365752554145728936
16.951592062359598145349082187749	9.616039014162172549049500958063
13.770392769417201250803373113740	14.117946456292280288380425190553
12.583070544773546473038550175261	18.131399179538210120199437369592
15.888038944159847076775804453064	10.501376481000516349695317330770
9.884965494450126399783584929537	7.520001073739321029165694199037
9.211301332181658807485291617922	8.313074349691548903251714364160
15.103719262196680261922665522434	12.202660682293343441529032133985
13.815694276641082183232356328517	10.533176808983476746561791514978
13.440448071200686186443817859981	6.352001959483178694654270657338
6.860939209846232955669620423578	10.394046444198453471585708030034
16.059355867640753956493426812813	1.328845549766964895255227929738
13.953938496171636174381092132535	14.912577871733279977206620969810
12.065628484765429817571202875115	5.070480549787111712589648959693
13.911670703998936460266122594476	17.228641193811160547966210287996
3.867871194975665005699738685507	12.214494048049008512180080288090
14.068054569843013723584590479732	16.839961321382478587338482611813
8.893504684851290420510849799030	8.704689946876891681881716067437
5.213813045051848504840563691687	12.490387322111955015202511276584
1.729274280862485024812258416205	7.189133723570413359027497790521
15.700164760925911622280182200484	8.683484458616566925570623425301
8.663876788486359004082260071300	8.741326367872099822875497920904
12.185855109906272630837520409841	5.771430753629920751279769319808
5.577256657386991278713139763568	15.413185768662399866002488124650
11.021021421141728779957702499814	17.566495710677699548796226736158
14.107672305501660403592723014299	1.807002690905801234322325399262
16.208903767662146577777093625627	15.795553429077974882943635748234
9.678781052770512260963187145535	12.719338111695494220043656241614
4.337584194478045773735175316688	4.839276371339571447549587901449
18.186658608041039286717932554893	4.430064943397745480524463346228
