75
8.405078445283786336972298158798	16.875755757538868806477694306523
8.958819014654855195090021879878	17.471318994127873480692869634368
3.709034134313565544971424969845	9.498633247602139562104639480822
8.787148402976614036674618546385	7.427100997851333374910609563813
12.644121170297951906036360014696	11.343102237123130038298768340610
16.235812419581048260397437843494	12.858456365434470569653058191761
9.668862406197359149473413708620	15.151167943076833566351524495985
9.829416701694094982144633831922	11.282659122009357943738905305509
16.902071766181759215896818204783	9.608034037227737300668195530307
7.096674794197306290755022928352	11.537408414030588588161663210485
4.579195443919942043464743619552	9.892504152558860397448370349593
4.336970010973550948563115525758	12.295179800713498252662247978151
14.938912903019113898039904597681	7.611149784363536063835908862529
1.091698287086605434481612064701	6.197186247009836890242695517372
11.559872146160788730639978894033	12.654940730459092179671642952599
12.457734813774086646276373357978	3.240650324669558379753198096296
9.427830430277026607654988765717	12.812899640469986195512319682166
15.430315387022329076671667280607	12.662978151704326279514134512283
16.352379940360247445596542092972	10.212192509286218466968421125785
7.731852803849609045983015676029	9.753802213999160031221435929183
6.953485934855124561693173745880	6.070187009698674529545314726420
1.951986234767036920700888913416	9.507559997403960849737813987304
5.492576742452521365578377299244	4.054319796426222310969933460001
12.166477515295738953682302962989	7.345719212859600943943405582104
0.111433234743852915826778371411	7.996809271596883483823603455676
7.082652908633858324094489944400	5.043573438023127408769141766243
3.308592872623367320272791403113	0.920517088008819817090966353135
6.420494643675262125270819524303	9.347158691387372542180855816696
10.565772935740129767623329826165	15.560069805370076778672228101641
10.470509425134606473761778033804	9.748969459666637860095761425328
9.040479800973816537634775158949	19.571033953303135888290853472427
2.856679884059757590364370116731	11.261322938801280102438795438502
12.967934560254624543063073360827	14.836652967824285553888330468908
12.964941590258540315971913514659	6.928024527677512978129925613757
14.414921353983018548206018749624	18.430188426210559526907672989182
17.561010515815425492291979026049	14.510058530577357061019938555546
1.179875743080878169877223626827	7.454521456396656198251093883300
9.688904328245225627824765979312	8.904635058761144250638608355075
17.509770863399324980491655878723	12.444115632238148094756979844533
12.277984474451351104562490945682	8.914215074039786301796084444504
15.442546837675108051257666375022	7.616383007809392147180460597156
4.408101840824798500761971808970	7.905667993152934336364978662459
14.353736827942157106008380651474	11.011245387112055027500900905579
4.218572324886521229814206890296	9.093842738787337509620556375012
19.600218983881145362602183013223	16.424214893467528497694729594514
9.150973967012765442063937371131	6.215341450598430128593463450670
10.492197555828960631174595619086	15.796403277316121815943006367888
11.694535272234309886130176892038	14.404925595371901536623227002565
6.959174841784397713695398124401	9.704196888236646501013638044242
0.357170867278148174150942395499	3.189416972563356988956684290315
7.266547945687836573824824881740	16.340425336739233586058617220260
5.602689141576356668394964799518	9.529517787735247935643201344647
8.841471972182391780847865447868	8.897157219731148813934851204976
14.095043476013714212058403063565	15.505309190955788523069713846780
10.844853521888122571681378758512	2.365031230506304815719431644538
6.425986397696932250767076766351	11.106466501575992467110154393595
9.572627688053861660932852828410	4.440615802710943249564934376394
11.378708759066942235449459985830	15.025769914267431914822736871429
15.485990281168142246315255761147	9.367130078877975662976496096235
11.674321956717591319829807616770	4.164146566136880167618983250577
9.227150326223092946520409896038	6.947584339940869213592122832779
7.916066836186944399855747178663	15.907693338503246849313654820435
11.188399720844795837138008209877	7.597621677023239428194756328594
9.806355153225666754224221222103	9.055023591036373886709043290466
6.402185857448404959768595290370	5.618184716181436222370848554419
11.292416665776972450885295984335	4.238895357857449752714273927268
4.841550831275753807858563959599	8.593374845532492756206011108588
12.542156270430622200251491449308	9.027291719051993013067658466753
6.984687122934469805102253303630	11.151015917308296110377341392450
15.481467781532185057358219637536	8.422119748029114560949892620556
13.011444508675044318124491837807	6.672249675084732878360682661878
12.556224532006753591417691495735	19.651944762917437969917955342680
5.470806777776269669288922159467	10.032972144888701038212275307160
14.961220799421607097201558644883	7.756287274468840919894319085870
8.945715786037965244759107008576	18.104280236377015000925894128159
1.351274131318940252555194092565	7.414955570561768460891016729875
3.410364683575411781646380404709	11.761447345499901118159868929069
18.251366215624038602527434704825	11.684422259834361668140445544850
9.907851364651524050941588939168	14.165904495345447600129773491062
6.874411464832374640820944478037	13.066189974943952734065533149987
2.016130778167054771188304584939	13.000703676359176341748025151901
7.091995140113215079225028603105	10.640371962896123747555066074710
4.085357079381576106413831439568	6.452474248707554593806889897678
12.181178629537201985044703178573	10.695809729279897482001615571789
19.684757736663542004862392786890	12.351714454415510857643312192522
4.062700982292337670287452056073	6.149831896281503063050877244677
5.264665402423175599722071638098	11.574291601547168184538350033108
7.612596418134522480158921098337	12.654057676991465442029038968030
8.284340972550571891019899339881	12.542505942500884685841811005957
3.746335342087898645502264116658	9.938868620175574264408169256058
9.029734067941353359287859348115	11.030820424931897960618698562030
8.636925201371425941943016368896	10.391327644938806784580265230034
14.300146541213958784055648720823	16.650449058154368486839302931912
14.485160828644414010568652884103	4.145695842314570889186597923981
11.875456388735145196733355987817	9.999802263778249766801309306175
7.818047502355610411939323967090	2.253337660235939843289543205174
8.690636028458859740908337698784	5.592060839962572416084185533691
12.530773918065760241802308883052	4.951546539144252356834385864204
12.998819872873964342829822271597	12.993225999084192068266929709353
1.056694016421452220200194460631	13.600364660076779799169344187248
5.563880548453808749798099597683	13.918503454240422456678061280400
12.950368961678536905424152791966	8.459426965306979795400366128888
10.075813672039496182719631178770	8.636900271172669008024058712181
8.536424659325916763918939977884	9.997953250888162557430405286141
4.814025287525304008795501431450	9.605384586362974985718210518826
12.518115536858672953712812159210	10.642633835705151312822636100464
19.204842843747307767898746533319	9.109364314012589503022354620043
9.425507784448887704797925835010	9.952277367744077452016426832415
1.184861499072454860126413223043	10.117024249072382957592708407901
7.425618207452636454490857431665	7.059275439279649511092884495156
13.940256666591505307906118105166	7.315018515165347068318624224048
17.654859386336394067029686993919	6.090642002296321244614318857202
6.878295378150332872735361888772	0.150583926425340575150357835810
5.544205296562625839840166008798	5.185559420377488848430402867962
12.378667411217000093870410637464	2.253684202596794250439415918663
9.758120996604302987975643191021	3.517231544562976708334645081777
18.007671548694098362375370925292	1.051291039758043277529964143469
13.048847506220626613071544852573	11.197740460053674738105655706022
10.363896096082475750677076575812	7.104785447129296827029065752868
10.899729017088981564143068681005	7.176410085443154507345298043219
8.170882722697909272824290383141	5.482775647236815430574097263161
17.630021196322505971920691081323	15.444024931746493933815145283006
13.565859438314360474464592698496	10.242621283246585051074362127110
4.158476772283361100335241644643	17.551468996636810260270067374222
9.377975692954519715271999302786	9.536062096407899701944188564084
13.845568037347234735534584615380	9.014578936673188991335337050259
16.821397473894240448544223909266	10.248068154128077367204241454601
7.794580199960058131125606450951	14.826415316399156552051863400266
10.062335476066184725141283706762	12.905261240916605203210565377958
12.573079771216848499193474708591	11.682937377934900169407228531782
11.792256077723823892711152439006	8.567706276645317586826422484592
9.026985332050841748241509776562	10.262226477263476809298481384758
8.416766930009879743579404021148	4.261866006331152867403488926357
6.269273960083606489490648527863	7.200570296776826140217053762171
8.277941816289382970239785208832	7.262489331780274781635853287298
4.553042411151528412460720574018	3.840471376431832339903849060647
15.426978901763249041323433630168	6.127987576674647662855477392441
18.580195556633995579431939404458	9.928995087125011664852536341641
11.303779226803502666598433279432	16.372255385675984484805667307228
12.890092743917525908159404934850	12.392598462342201415253839513753
0.347230888909942914111184109061	7.777470104208012102731117920484
2.704671340355972120050864759833	11.339376422687600154404208296910
14.630683574825905424177108216099	11.944519699041068250267016992439
9.577886867925926139832881744951	9.441134306697918532336188945919
8.750323035554117723222589120269	9.688721452810934664512387826107
7.137109901373424492021513287909	6.642270623997774237068369984627
2.135099285247525902065035552368	13.679578076183140922239545034245
6.522290810949681549857359641464	7.269936066525924722725449100835
8.185636703504707512024651805405	5.527402964304614307877727696905
7.569828867707204977932633482851	8.147738811855957052898702386301
12.831922193460540526643853809219	4.535790131137920511150696256664
4.387195285813138667663224623539	14.809787926046652728473418392241
10.136796989677986147171395714395	14.630537011938127278654064866714
10.064467147828054294222965836525	10.511192347356759668741688074078
4.351495218806221920715415762970	11.126957843806485115578652766999
5.307459765374134441628939384827	6.683927888488819135659468884114
17.380800082249521665289648808539	9.118031682853844799296894052532
6.461878105733054766801615187433	16.348516514017834566629971959628
11.732224401850183781448322406504	8.107297537878743298733752453700
6.896713846427661387394891789882	0.818117649205870600681578252988
7.165310026553354028067133185687	3.554329414645645890402647637529
15.777357449627109176049089001026	19.928966316744229914093011757359
6.811651504728625461382307548774	13.840739365001530458698653092142
4.202613431278998668005897343392	10.751986223987810120661379187368
11.384071621523125017461097741034	12.191675374974023426943858794402
12.985970539623382435934217937756	14.056273066292913398456221329980
14.445838477156984325233679555822	11.671211964283505935213725024369
16.573087556492122729423499549739	15.229500638514320343119834433310
13.604992551423174873548305185977	15.205017700926852342035999754444
7.565461745368514456799857725855	17.199274238951957727294939104468
6.572225774757567862138785130810	2.868952761717636690264043863863
15.375062324690741633048673975281	4.105691966082959609707359049935
0.681495083843994819972067489289	13.446473284560759964278986444697
4.213881107163356176670276909135	16.395731279615642250746532226913
11.845031869186792405912456160877	6.488810361427624684438342228532
7.883280254356547445127034734469	4.539844931251942661276643775636
3.031293841105944242286795997643	15.866786704500517757310262823012
4.343290604133732912828236294445	5.153093730661801430414925562218
15.995880262618568323773615702521	0.082662519949613377789887636027
10.481465825195735774855165800545	15.149215472628172918234668031801
1.163746987151496048440435515658	10.666516078316137239312411111314
1.367069358153729652372021519113	7.818180834161231551604487322038
12.010293414630801578368846094236	2.619145091054461360613458964508
17.459761310372087450559774879366	5.677475732804991181978948588949
8.808591734633550274224944587331	14.163802802317569273782282834873
18.248169046071161858435516478494	10.142524869247321106513481936418
13.394857417118288367419154383242	13.281350874399766581746007432230
13.447176007321475665889920492191	7.595414824002305387296019034693
6.448450829693122443586617009714	13.788706050088469723391426668968
5.454592714284341781194598297589	12.751675629319370486314255686011
9.131039546569153841915067459922	5.085495257279328384925065620337
9.871701429112462733428401406854	13.502894692141605759161393507384
11.493960514002667494537490711082	13.349063972731496363621772616170
1.791174204521133184186965081608	7.398695637338682296046954434132
11.445921769866089334755088202655	11.260172684383011443287614383735
11.552532853230438547598168952391	12.483136793096866412611234409269
18.962716023141755528058638446964	8.379224662315577276672229345422
12.126050014983176694727262656670	12.057088710627930083774117520079
18.570959354764838167284324299544	11.108306458833222762905279523693
6.904944323494143887387508584652	3.845377352650606539441469067242
12.059716045259477823492488823831	10.262115019793046855056672939099
0.549543191247229279028374548943	11.310791785516265406386082759127
15.732056541542249306075973436236	5.423714976647959318256653205026
9.078562520630397258969424001407	5.527886524827164471673768275650
3.271628376063687504426980012795	15.618253883760305100736331951339
9.170421699128381121113307017367	3.628568609521002130691158527043
3.965879970929724329664622928249	11.557476921860747154369164491072
11.496528198421055222411268914584	7.878951427266770224377978593111
2.679787293373161460863229876850	17.429944601657343383749321219511
7.998063008723912403752365207765	6.136396697229532293249576468952
6.691457883821873231511290214257	2.320052728072028447314778532018
6.869591989956949085183168790536	6.342211513760542374029682832770
19.149730660412821237059688428417	10.900290326809257024365251709241
13.438093845974465878612136293668	5.920835629877502448437098792056
0.960957457724169739066155671026	7.943169070784488638992115738802
11.447145048270410683244335814379	6.216253870117942170736569096334
13.238731103138976052946418349165	15.619813257422544339192427287344
9.196659555674207453535018430557	15.922422727829768973606405779719
10.514947427876830232662541675381	9.072777948831200589552281599026
14.407228063118939331843648687936	15.828860594765560065866338845808
9.489079012382706679318289388902	12.965078523911142127644779975526
13.545544182210752737205439188983	4.980928420720392324483327683993
13.481947908887498499552748398855	10.956015193498432225283067964483
4.356268527739453944036540633533	18.505658797210589483484000083990
4.928648995740387839248342061182	15.355988502739025491905522358138
