75
12.251773988645323854029811627697	6.460550436389529416203458822565
12.653933940117077838749537477270	7.097943129547150675762168248184
11.733065251227126069011319486890	10.869481060961703633438446559012
7.572184046047464534012760850601	7.801134044900445374537412135396
9.756017094185652993587609671522	14.984869813563385321231180569157
13.496994909797795259009944857098	14.802071720719439440472342539579
13.920454258657855461933650076389	8.676690621256456736887230363209
11.113191659054761473157668660861	8.027382647164079898516320099588
10.621245078285438623311165429186	12.971868718034777145931002451107
14.564475985613814401631316286512	14.268585218776776102345138497185
13.500829242274530628264983533882	7.814149883837589349866448173998
8.273564507667686029890319332480	9.232542287459175156527635408565
5.405356481496518483709223801270	8.805191959896138342855920200236
5.243528950716410896859542845050	9.252494577306375589387243962847
16.534961175529410581930278567597	11.078736389518738292281341273338
11.768037540374825411504389194306	10.599191800774503846582774713170
12.542726031650291318442214105744	11.128812303159723029466476873495
6.627993889939145510936668870272	12.354393925207274307354055054020
6.710241989270483209395479207160	11.717380764021299910382367670536
4.756668287127130412272890680470	6.903558546854219102328897861298
6.171658192317744706656412745360	10.623570026296496493500853830483
17.317658751213485857078921981156	12.932483941015005868280240974855
13.092698151397927475159121968318	11.474357510172277230253712332342
12.164164009449718761857184290420	8.101352016262124422496526676696
9.006784367087426801390392938629	8.320203510465205454238457605243
10.626209476635098738483975466806	7.551018088168115482972098106984
10.166948452489986465252513880841	11.285602468415648402810802508611
7.841548002170316777892367099412	5.901514991563515444283893884858
15.241472731863066059077027603053	9.282076369660364534297514182981
3.291333093617950122933279999415	9.914457859950227103240649739746
8.534283490831628071759951126296	6.640868628246622940025645220885
9.472947454154851953944671549834	9.258066083869382012494497757871
14.284904459485391114981212012935	7.622181053971305964012117328821
14.698998319538597812083935423288	8.669570927070282095883158035576
12.931527804505062562157036154531	7.714771387570920957443831866840
10.406020322613287021340511273593	8.986423321338849135031523474026
7.812057937793183803876218007645	7.301554865396043147995897015790
11.637710531431149973968786071055	10.690409175586488288445252692327
10.897608347202018208577101177070	12.289300700640151120524024008773
3.799654257021817471695612766780	7.911394457648595945897795900237
10.657690302550300032180530251935	9.066422065870025193135006702505
4.548045124586501231078727869317	8.558892329218128480761151877232
13.345466599660610995670140255243	11.130060463365893497211800422519
7.852879986945583645763235836057	7.762438371288221006238927657250
15.961809732300759279155499825720	5.430210805345001112698355427710
9.841334228679102125170174986124	10.044912625889756085939552576747
10.377488949244405347371866810136	11.579938632377723806143876572605
12.143657390023250286503753159195	13.215716456996968730663866153918
9.098489840352982582771801389754	15.512776287812728881476687092800
8.527482567680646496910412679426	6.728519506737969280152356077451
8.347760559101280009031142981257	12.682067234320284043747051327955
12.750207428653233421300683403388	9.788827371083382189453914179467
8.431615265184753127414296614006	5.738181517634139083838817896321
10.545265129771909329292611801066	7.154300500740469637150908965850
3.684243191599795519408644395298	14.457393645365034018368532997556
11.534036086433221868219334282912	12.969534835451158372165991750080
7.296270051842229875660450488795	5.218579624567972530257975449786
12.864461409788702894729794934392	4.439375194227979548600160342176
9.541603356238042010772915091366	6.786458654764283338067798467819
10.983843568271131729829903633799	10.463705117530157195915307966061
10.796634315322123143232602160424	12.731317226435679756946228735615
8.974307067509904811686283210292	10.113780150342028818499784392770
10.475171425487786791563848964870	12.768864714504971402675437275320
12.901455497781174841520623886026	10.837871331887594550380526925437
7.541384994312289258289183635497	8.403273909024980170556773373391
14.465078849508000047308087232523	9.827703927303721442854111955967
3.858854990867235379425892460858	7.325913080004397670563776046038
4.827618453496619110865140100941	15.037868315778156969031442713458
5.618785639466612025216818437912	11.701447309533275387138928635977
16.405391467574293784537076135166	4.883225012095345540785729099298
8.846291160719740531703791930340	12.928254903773988004900274972897
5.001158840998163768176709709223	4.894666453918352644336664525326
13.698505664816266857997106853873	9.421169998184543814545577333774
14.513019574751394813461047306191	10.391341105506896269616845529526
12.288836536570293844761181389913	11.329152747403934853309692698531
