75
3.255773028391864443165104603395	8.141828730747322495631124184001
8.094638565269200114471459528431	12.969056995382306496367164072581
6.467579872204000324131811794359	9.217908823112205496386195591185
19.887528580216837781335925683379	12.744879604595942268474573211279
7.773874484742843371520848450018	8.491100758551558769227085576858
0.590297712662598339505848343833	7.329685111130579855398536892608
10.451659554397382478896361135412	7.877659656295222134758660104126
4.927156139974593784813805541489	16.156729218520030855188451823778
7.324929901434711787544529215666	19.366038743297657731545768911019
6.950814308422953224919638159918	15.319597757025277928732975851744
19.752595679627908964448579354212	8.458168493221823069916354143061
10.911956157841069980918291548733	10.133685782515692963556830363814
10.061472930936769643039951915853	15.993868068544008664844113809522
11.400406694689936060171930876095	9.191102572512129142978665186092
19.234009815986713221036552567966	10.078753759097017095314186008181
6.441278703339895272961257433053	7.667145110483593484218545199838
8.166905593133229501745518064126	6.251741987486555629516260523815
10.081615465257858232916987617500	12.724235782513217074551903351676
8.809137860544826281739005935378	15.540281266856151631827742676251
7.620445745007740079302038793685	8.279011501852373555720987496898
15.117258451322415524487041693646	2.312028598054469252787157529383
14.040935483743691492009020294063	9.618949672559015340311816544272
17.807420020125473314465125440620	7.764743915309773925059744215105
9.615696428137516349465840903576	11.140452249615842461594183987472
3.091072300916190229713720327709	11.228535193788044210805310285650
12.448962985728240226990237715654	1.180695205099843825280458986526
11.505511263857044923497596755624	2.598135804570101292654271674110
13.270835348113486418242246145383	7.415468893657255478046863572672
13.028774239729608908078262174968	9.222019826977422951586049748585
9.263604379847052427976450417191	6.834668289841506094717260566540
8.258167680815118316672851506155	13.777032048462151792023178131785
8.586818795496114375964680220932	16.810469009254155992039159173146
9.124786597773770324693032307550	7.742007659473660652338367071934
12.473749969017648098201789252926	5.707441586518803511296482611215
7.698353736801738733674937975593	3.631121976028491626919958434883
8.060712323515879518254223512486	4.087086593654178479084748687455
2.367888637997280554259305063169	13.654437481173834711967174371239
11.613443338187941833439253969118	7.535891814141347566646800260060
5.236849646067639696411788463593	5.910241161176147173250683408696
11.442216079030906428215530468151	4.968564950212790876094004488550
12.916644476510933614576970285270	14.509894617622844492643707781099
9.734265894042216871184791671112	18.972927495303032685569633031264
1.292888310161403264686441616504	12.844384492007717923911513935309
8.208874259701310904802085133269	11.974806208208244484580973221455
9.431358337314806661311195057351	0.872095093611136906730507689645
10.324073300193647995115497906227	11.799952391736843182457050716039
6.318496677776991532482497859746	2.564098840136505685904921847396
8.094024121770774016226823732723	7.906661957970683829444169532508
1.216558491103813199885053109028	14.964847649964857723148270451929
11.462593040913839459449263813440	14.336662834051992376771522685885
13.542166155791832693466858472675	10.461536314882229348199871310499
5.323370475660563982955864048563	13.439891833845461377450192230754
10.925176982464765984559562639333	10.172949357044142715267298626713
17.623457540689738465289337909780	15.804333259820928958561125909910
6.775537424519725959726201836020	17.481331623098103733582320273854
8.745361072240141808720181870740	2.462725384839894893218570359750
15.943094405186801765239579253830	8.018529928015809105090738739818
9.300825557176819913252074911725	15.594501664479748725966601341497
8.278730041743434853174221643712	15.157616149747960676563707238529
7.361700245883072923902545880992	17.691253071789951434311660705134
4.486393815390221639916035201168	5.748312797470404689192946534604
12.439083748076944502258811553475	16.808034966988206093674307339825
13.801367720824901041964949399699	19.842542184436108954059818643145
9.322321131203164412681871908717	12.857429368365249189309906796552
11.046263487793311242057825438678	9.132172497854806891837142757140
12.422319941449931235410986118950	10.147199555374069035451611853205
4.936235756696485843519894842757	11.767913926481085695741057861596
6.194823323636694745175645948621	7.978242650516829570506160962395
9.279822068073720231495826737955	5.336541585271110221810886287130
1.321518515963358453291220939718	10.823330140513149899561540223658
5.667859224391341044224645884242	7.768430389426237425709587114397
3.211363677764442314810366951860	2.010618093835551789538840239402
14.568434188890044822528579970822	10.649597982912865745674935169518
5.749809694569378848427732009441	6.947345782553894011357442650478
10.260992892041176816064762533642	4.257590367691573618458278360777
13.852787540418729506086492619943	7.458469245386643464712506101932
0.025754927168925245695163539494	8.803427887951945862710090295877
11.582500452336532248409639578313	6.635356565025760211540273303399
5.367885470845831896724575926783	12.496812985998788647634683002252
3.045177288363215328814703752869	12.559388482103292616898215783294
11.279852030694572206925840873737	14.602236812113673636304156389087
14.106159923812287004807330959011	11.975032817803315410287723352667
10.688638898943358057636032754090	6.967424566613805048120866558747
5.419005869422351295838780060876	10.976486067378482758272184582893
4.522244581774885752167847385863	9.926384068859929854511392477434
8.930750641944808165817448752932	9.085025504152898889742573373951
5.654037995811207473195736383786	16.665489587920809810839273268357
16.776293762081820659659570083022	16.380495233000651467136776773259
7.336390419536936491340384236537	12.848110369070068870200884703081
9.561158352227579371174215339124	0.755290697005463584901008289307
9.997164866519815618062239082064	8.801359227340876500988997577224
16.506942056686231268258779891767	4.040209151105184304242357029580
15.913875451669415639344151713885	10.596861944913513298160978592932
14.645158336672359666863485472277	10.019066404142096260443395294715
8.760033264068319169837195659056	15.676669880968555403910613676999
3.674602842707745065098379200208	10.009060895760455878189532086253
4.513040570863111611288331914693	11.147696307155984030146100849379
8.189248165436982418441402842291	6.388779127596691864710010122508
12.788953522572519716504757525399	19.923029896079171408018737565726
19.387717597182142270639815251343	12.988857277174121307439236261416
13.975706593261950416717809275724	5.785614899362361285284350742586
10.114504953280979648866377829108	12.572874599145574592284901882522
9.395132768459477645706101611722	13.557355134825670006648579146713
7.794343765600662443659985001432	5.397443291820647637280217168154
12.045456717897055298749364737887	19.222640917379457903280126629397
3.945588056226479789501127015683	16.517027328748469017227762378752
10.235978125850316189371369546279	11.571014754755722719892219174653
9.121365035594392267626062675845	4.669861766189150387162953848019
12.838253709826016546458049560897	4.462393234196406766045583935920
5.122660079629718588023479242111	4.256695116512745791226279834518
14.003657659167444649028766434640	8.811119107005231043672210944351
12.038628275863434424763909191824	9.276591170819150633519711846020
7.796404897981292769770789163886	5.488514016793425653872873226646
2.389750333534585102768232900416	16.932253412338269527026568539441
18.860899029796030390571104362607	1.817883988170953202256896474864
11.108397548059453896485138102435	2.784831047435553763591542519862
2.566272528328274571407519033528	5.384391718122416570224686438451
4.729770269156142070698933821404	6.059398036891717964635972748511
10.584509619198380292459660267923	15.228035626797087331851798808202
7.029958829422249699803160183365	15.109977361775364101958984974772
14.007592080955500790651058196090	5.356792862170378199948572728317
14.483028565764575645857803465333	10.776557289691705676659694290720
3.886201053473157251971770165255	6.578630973472217036146503232885
13.015732923741678561668777547311	12.520490849181454606764418713283
12.061839945038661525700263155159	4.992086452675143171120453189360
5.094555295205536182834293867927	17.112372191818469246982203912921
2.280545565772515992364333214937	10.997394354755657630562382109929
8.379132667883517626705724978819	9.427367656555347252833598759025
17.932453712514149657408779603429	9.716145650901816921418685524259
2.643464889797631389711796146003	11.224718609115873491077763901558
10.356046519124848970250241109170	1.617348805723186178084915809450
4.360505676577695055584626970813	6.522226930132843492060601420235
13.811095720049531010431564936880	10.023686057381288705414590367582
1.957291122286263007623574594618	11.611082748766376582238990522455
14.967088393125857592735883372370	7.146327216432561080239338480169
17.474083171233811384581713355146	8.974386804687837226879310037475
11.863672965255574354159762151539	8.681865944555053005160516477190
13.961363227125906050218873133417	12.226465164822792885956914687995
9.812095537879244488976837601513	13.485447161789517522834103147034
10.804541304717137251145686605014	12.683142997994348633028494077735
9.877922271780075647029661922716	18.635440202765579442711896263063
7.035119481855587331153856212040	6.190835620621266244256730715279
14.766416127410609604453384235967	8.845031199965081469827055116184
9.617611687221236493883225193713	2.104185080198009760721333805122
1.319538657327147479492168713477	17.451222214507939867189634242095
5.358412345690293676625515217893	11.338706858078273498335875046905
12.531694275214755762704044173006	13.680670799879612431482200918254
17.870701599913200396940737846307	12.761464211153668912857028772123
11.606521809632175390447628160473	15.603027794824711804722028318793
6.151027628644476052954814804252	5.617152957540294977434314205311
2.228151348638009565661377564538	7.208343444481659645362014998682
8.812133334466107470461793127470	1.628722887145980458001304214122
4.636716685921831171413032279816	12.714652058390404576471155451145
4.038400310319804731307158363052	6.436513119845942654251302883495
2.749865350041967637650941469474	11.195610964812669152479429612868
12.112403624669896728960338805337	11.264770281521071737529382517096
15.348826295504732541985504212789	18.863301562735383498647934175096
14.952875284178814396796042274218	8.548345940349838301131057960447
4.536036294515287892181731876917	5.920103885157717016340939153451
10.065185825309354683554374787491	17.324011679777232330934566562064
7.636678850292536679944532806985	11.105222551700613564662489807233
12.282475019572238750242831883952	14.149973375336825753834091301542
10.049082987117062160109526303131	4.849371902146105028919009782840
15.892241758269442186701780883595	16.286444789316082193408874445595
15.292109645373022530634443683084	9.827004393893052025532597326674
9.395232472751217756012920290232	15.904846797548147563361453649122
7.438876544306531890526912320638	4.484502173900952293195132369874
8.391204632939201601971035415772	14.455978767958521657988057995681
2.361850639465985057796615365078	5.303191832488976409365477593383
10.088403787546043943734730419237	12.012285154286292510050770943053
4.371619936609107526237494312227	9.468378091872889257274437113665
6.666084667674085473265677137533	15.219355171286867545177301508375
7.309190417350073687430267455056	19.307208335593653458772678277455
3.766844640947201838798719109036	13.614937057306342182982916710898
4.737175287668277334773847542237	10.542150299978645833220980421174
17.415123063971989836318243760616	9.835745798548316543019609525800
8.254896992558007795537378115114	13.253616721001343137231742730364
3.886541246936157101288245030446	6.219736480557989111161987239029
8.060661343771009512693126453087	1.079162784277592823656277687405
8.112015767573504732013134344015	9.038329387174654172554255637806
15.599660479505818244660986238159	15.352107353604434791805033455603
12.255811879946078235548156953882	10.267409707018209985562862129882
17.789227373779745278170594247058	13.287213434070910267337239929475
11.108349536802901269538779160939	6.656536059548890271742038748926
6.341806320389168583062655670801	6.752495162998792821440474654082
5.365576037024261779606604250148	7.692138857361959125569228490349
19.315909130697821893818399985321	14.833471175187940005457676306833
8.732678561049448617836787889246	9.861943793942646863115442101844
13.638635855992198742114851484075	9.487450970356714918807483627461
1.918481080297412155744041228900	2.176408679355684494538536455366
8.653128287864966239339992171153	4.500582338008545235652491101064
7.252346887629675720177147013601	5.412986589404807702408106706571
6.218774932852614512057698448189	1.536815563891367197868476068834
18.197405511359718843777955044061	13.357550208771378663641371531412
10.801681133702464521206820791122	9.808639111691807244142182753421
12.826405231678510432402617880143	3.248141615020265327018478274113
7.652137901063245983834804064827	16.673005698952028552639603731222
12.349128724411592372689483454451	5.679527610327609998819298198214
4.653939827001674522932717081858	11.972656564168005388637538999319
6.775186603709681953944254928501	5.259836941783526675919802073622
15.745684611608357528211854514666	10.563578530206491734588780673221
19.989627701110215696189698064700	11.649876212306974565535711008124
8.640299456540414979599518119358	18.699139108172953882558431359939
10.147797190781098208844923647121	3.350773431251234502070701637422
12.709537271087274490355412126519	7.517264166947990489120456913952
6.277347145161542130153975449502	4.630064467438982589442275639158
12.655461373311243988837304641493	12.423682814510760508142084290739
4.477293921083992600529199989978	13.793048480641736830420995829627
9.038525546371719343596851103939	8.582686607206490236876561539248
12.239728671277410043671807216015	19.029616046762274805814740830101
9.761231535489105937131171231158	3.743582692374149090142054774333
6.440020537085371366003982984694	1.511985746890251114393777243095
3.348791592402461603228402964305	8.945119741689328662914704182185
7.774423380297625030266317480709	6.414953034246289931274986884091
15.128756962835899102515213598963	8.326311779052188555283464665990
8.115647517381406217396033753175	14.849866424252107677261847129557
19.329232002426028458330620196648	6.548693126136818420945928664878
12.556661208340990754095400916412	12.152235921262612095006261370145
11.034888759673760816326648637187	10.275242519783933659027752582915
15.717531250135390763489340315573	10.407289346586951594986203417648
16.753406161970389121051994152367	12.265003018217973007608634361532
7.964323713074294985858614381868	9.055807137146581808906375954393
16.989672824947604112821863964200	16.335287310484041256586351664737
7.873881933875922278787129471311	9.830710763061775381288498465437
8.904380268152790378621830313932	9.183812623471762748295077471994
2.460947229429478966267197392881	9.877372664276652614034901489504
3.592400193708126465708119212650	6.918170040196794268183566600783
13.195632971927963694724894594401	16.545698953220025373411772307009
14.368327450428939329185595852323	18.338841533506091252547776093706
4.133104667515685726186802639859	7.599733080469510682064537832048
17.397913086062047227642324287444	12.523862610325293687196790415328
14.160851364611501068679899617564	5.972202184351019127461768221110
11.231466679663816066181425412651	12.691217213051238843490864383057
14.192956526935814665080215490889	13.691431648135614196348797122482
6.245995303830820688517633243464	19.179490913852959010910126380622
9.612762910695151319373508158606	11.389469743193519235546773415990
12.936145142342834191140354960226	9.108810510021811523984069935977
2.762480811240519695815009981743	11.292469644538449813353508943692
0.976305226513357382600588607602	12.736812077961646494372871529777
2.110564105021914382831482726033	4.073048847701430830170465924311
13.171679161751864484131147037260	13.227415465477687206430346122943
0.448499543806257339184639931773	18.919840035648356035835604416206
11.550971353964996524155139923096	4.117149752386249694779962737812
17.191957365524260126221633981913	8.448455144268086414172103104647
6.156783255428361911754109314643	10.867540971523022008682346495334
18.253725321435773309985961532220	2.509681460025441346317620627815
8.705495262854000770857965108007	14.966397366154685855121897475328
19.783168431534086550982465269044	17.364126352777269346461253007874
2.103630043559767681671246464248	9.397988625914301508146309060976
10.151477296545746042966129607521	15.085898512289327655366832914297
