31
50
inf
30
inf
inf
inf
0.000012834551263551929878303781
0.027932892259457275940803810954
0.407030647796915445724152959883
0.972319256876147619550465606153
2.355154625835886861295875860378
3.790845492395346294500768635771
6.818515608343065359520096535562
8.555060694250046893216676835436
12.087002667015520174231824057642
15.736949229307690245605044765398
20.202061438627758604980044765398
24.808901364573245018618763424456
28.368139670231389715127079398371
32.851004178293948143618763424456
39.126859241841493997071665944532
42.478170073639631709738750942051
46.348413146149397334738750942051
inf
inf
inf
inf
inf
inf
inf
inf
inf
inf
inf
