56
300
inf
55
inf
inf
inf
0.000074043977207338684820570052
0.033388356291442655710000053659
0.638278847739880639267084916355
1.231061973226537986647599609569
3.749991767593682467918370093685
5.532543586122722345521651732270
8.468923841152957265876466408372
12.116867972861950164542577113025
15.015562135493151885157203651033
16.722144204890124541407203651033
20.709337312495105010157203651033
24.939535316451639346269075758755
28.176288517892050577984264236875
31.018136171601589978763513499871
33.563508900582476712770585436374
39.088799275153576218144735321403
46.255305088752209030644735321403
52.999485853520532430138700874522
56.189278486577173055138700874522
60.882961097082606727326492546126
67.257114903280083240133535582572
70.718148115483415949711343273520
75.411830725988863832753850147128
81.435026153039089535923267249018
89.077410953678352711904153693467
94.738874461112729363776452373713
102.453344370780698113776452373713
110.360525156913510613776452373713
120.942342673955266718621714971960
126.655268219715111399636953137815
133.439264801746361399636953137815
142.860009077397478449711343273520
149.891442182866228449711343273520
153.806206587163103449711343273520
161.520668867436540949711343273520
168.495913002506711109163006767631
175.962384174206761144887423142791
184.117571327702023609163006767631
195.362866351941136144887423142791
204.156313393131711109163006767631
211.489069489246361399636953137815
219.203531769519798899636953137815
227.110727814441673899636953137815
239.316492584949486399636953137815
247.149469879871361399636953137815
257.657956073620823644887423142791
263.849820087292698644887423142791
270.397732684948948644887423142791
278.042447040417698644887423142791
284.590329120495823644887423142791
296.037960956433323644887423142791
inf
inf
