75
6.291253023936418387052071921062	10.622529580985005992488368065096
7.835026191259538919098304177169	8.680179568051082483748359663878
16.569719445602650864657334750518	14.003777873297936551466591481585
6.245462011749383535175184078980	4.776922464804989942877000430599
8.922152975080900105808723310474	5.274578095212491213317207439104
19.091240178617802314420259790495	4.347661677900990895295763039030
14.199169298371616676490702957381	5.996031436894567079320950142574
8.287047726520583523779350798577	4.788850868408665917286270996556
7.676134910182462078864773502573	13.939537107870567211875822977163
5.353496342055193757403230847558	0.785909575365296708682194548601
13.102157334513281128351991355885	3.091087870142268378970129560912
5.266546348136401434203435201198	8.930590220969776282800012268126
6.942878802963074136300747341011	15.228347562207950716128834756091
14.290161289304915470665946486406	13.591568172200021891171672905330
11.049574506269806306590908206999	10.332481044090089383757913310546
18.010987366281089094854905852117	9.695757502089143997636710992083
5.871054933418228927166637731716	7.369232059500456344380836526398
16.110803356452120027597629814409	11.060522524883371175974389188923
10.506984168964814685409692174289	11.191283267649080102046355023049
9.628388755010368171838308626320	14.975689988395918916808113863226
7.276963576453947091238205757691	8.067993210270207882217619044241
3.018970216555518781831324304221	14.112437145424991058462182991207
7.010013479280379655733668187167	3.392598660874036831103239819640
15.851850083051685302848454739433	3.656049363163370813367691880558
4.820672951746702850073234003503	11.682552240595194703587367257569
6.240961666992954626209666457726	14.534353135515098998098437732551
7.722557725028153186030976939946	7.411209150694713976292860024842
12.965836919470190125025510496926	11.773506437955548520335469220299
15.370560445035735597230086568743	14.355651284384894239565255702473
15.513686886905563966365662054159	7.437927857965317635091651027324
8.302607320392366929695526778232	5.231193485368904383392418822041
16.029222896782187035569222643971	6.443064905213555348950649204198
15.684234574026723052497800381389	13.685636009984655458993074717000
7.828725587800177798669665207854	1.468747826156332481062349870626
13.613520089917230393439240287989	19.576437572337731296556739835069
13.127093344159026955253466439899	11.579630226421615546428256493527
10.276390312819930983323502005078	5.357891888299722182864570640959
6.781723982320998267425693484256	15.183693934865384989052472519688
2.905278445189007907600853286567	12.559666369594067347748023166787
8.636611674760025891828263411298	19.731386347751868726163593237288
7.948371998592971721109279314987	15.517055729572986066955309070181
13.437461716787437282505379698705	3.749221529575608169437828109949
15.074200864428684454310314322356	8.496747393137550119490697397850
5.773078069601492501305983751081	8.262574953794500132175926410127
9.160172946019713435816811397672	3.005753331300086372834812209476
8.703788659413373096640498260967	1.726769722686760655250282070483
8.195780636836445864901179447770	10.581287715510484304104465991259
0.818382684804098703423846927762	7.897466895978803691491521021817
15.946804002780295306251900910866	14.723415849409326128238717501517
0.467986150131859401923861696559	15.396796002049690343937982106581
3.145239874460185269811063335510	1.664300175281044902320104483806
8.072232010128592705200389900710	6.814597505278193523281515808776
8.341995228483650492989909253083	8.113436647670980050861544441432
7.565334063756997906580181734171	11.755782964265712564611021662131
19.255037635153165354040538659319	13.069364481228047836225414357614
14.414559352820274895634611311834	7.100081803734663132843252242310
15.098654404834844555693962320220	12.838270826018311154825823905412
13.744242870640862363984524563421	14.562125806999203447844593029004
12.731173522448173685006622690707	13.375698251557112783416414458770
10.228775678858296416251505434047	9.699236261770462164122363901697
11.036428881529740664291239227168	15.946569182152821042564028175548
6.808192697405827331635919108521	8.432813623522351420547238376457
13.996466231237478794469097920228	10.320933855934868006443139165640
8.492410129426836817856383277103	12.025551458383034741927986033261
12.118465627439221066197205800563	14.230799449338020323807540989947
11.309160750759453151204070309177	7.282949436215354843682234786684
12.348809707851597039507396402769	12.172533959535796199702417652588
10.540893309881099071390053723007	8.171805419602089060049365798477
14.520633664073013591178096248768	15.807637831182578480593292624690
12.461240235340913073969204560854	6.958815939879253065214470552746
14.989887680238199507698482193518	16.459629899332291813607298536226
15.173235798413886143976014864165	13.286252612554561025604016322177
7.825383438783712897190980584128	16.333767709403581136484717717394
9.389887809040724064857386110816	4.547783368259914027476042974740
8.093450962157950456798971572425	5.564185630772453983183822856518
9.815908386433831012141126848292	9.790824397094187503398643457331
11.291882838682356648973836854566	8.344447460104181146789414924569
12.867777963435154120475090167020	16.604205424150073611144762253389
15.240875897944420103158336132765	13.638796485819373316417113528587
14.541267626016137981537212908734	2.797260865284150188614376020269
7.036460342257116806763406202663	11.021821411024559367319852754008
9.374543605168913273928410490043	14.166378068348446817026342614554
7.644701419945404197164862125646	3.508519596075789781508547093836
7.574826402255347090886061778292	14.853485843390975773559148365166
12.067069095626489882988607860170	7.842614170750175972557372006122
7.172811716559801986647926241858	7.832827075342120082268593250774
11.461929941497572826847317628562	2.427729063715300394932228300604
19.773784350433121659307289519347	2.976885986409366857685654395027
13.760454318887223479350723209791	7.318936569298386096704689407488
15.635708354766165939508937299252	1.743370606962254543148560514965
8.279202120983185864133702125400	11.575481809913263475664280122146
8.272226373951861333466695214156	13.026700444441296156128373695537
7.172957558648777265375429124106	10.781376517789350799603198538534
5.267900471403204498699324176414	6.328153982914397346348778228275
14.294950012962377883241060771979	4.061610362252928929649442579830
15.755558199489104964641228434630	8.281624617403556598560498969164
5.894094153644076961029441008577	11.252092330033040212811101810075
14.410263116343511313743874779902	6.991006272156314871324411797104
7.360570705324244400458155723754	7.901184642878872566029713198077
10.053785192892465971681303926744	14.273782152576536930155270965770
6.509878121718806198714446509257	7.550410302570774057073776930338
10.075857175876102189704397460446	11.708877890075907401978838606738
12.411729797199189562206811388023	14.493504752735461238444258924574
11.654646906012871454549895133823	5.786194305077849264762335224077
9.235725122167998790700949029997	12.382185571505715415696613490582
19.002390683299424267715949099511	14.841487189855619988065882353112
15.775246697649706106858502607793	16.252368391845489981051287031732
14.216094464080381243320516659878	17.675439033812931910460974904709
12.723563042102590259219141444191	9.501898526988567184048406488728
9.652387882714720035437494516373	9.464650659456976811156891926657
16.264442247085820980601056362502	4.192274561340532557096594246104
18.511954683032264767916785785928	10.134734817871741796579954097979
3.777398731895573735783955271472	9.202677819144568616138712968677
5.679905118732559543559546000324	8.036691929891571106736591900699
4.824781662397117365514986886410	8.730013447001221393861669639591
7.780960673656786674712293461198	12.879179182908886858172081701923
7.099243193855281575110893754754	11.019233446236521345440451113973
9.787683724638819526830957329366	10.106908803807346686198798124678
9.787979675811934399121128080878	6.948970283594587016295918147080
3.051705349225405150548340316163	10.172135605654453627266775583848
15.035795238985084409932824200951	3.085637680489922374249545100611
1.862402629772985651612771107466	18.214874796735493589494581101462
13.467715465373661487546996795572	8.134485831214172790737393370364
9.916185168513326431138921179809	6.062307120953215111569534201408
10.272624175733392704046309518162	13.228975848847561280763329705223
8.246658492215859226348584343214	11.081692024961258269399877463002
17.536306203738924125445919344202	6.557211054130505978321252769092
9.914407991845511247674949117936	10.831160993269607573097346175928
10.580462683646894461730880721007	6.299539510301984002182962285588
11.726041600928772012935041857418	11.952513392449068518885724188294
6.224668924139592718347557820380	9.987474217446150603905152820516
6.421851272880810590493183553917	7.821948319928023529712390882196
10.768286255004996476714040909428	8.655989883872770462858170503750
17.050506874587767924822401255369	13.757271194772695110941640450619
14.723247844888449620270876039285	2.797375854979263998245642142138
14.387733195950204390101134777069	10.880571531797952999909284699243
17.952379259870212990790605545044	14.800018307860071331560902763158
19.011696069684351328987759188749	12.341026940320549698526519932784
7.513217259405402970173781795893	8.633739853120887985937770281453
17.143911717864760646534705301747	0.457905332240041706981514835206
13.511317557447993564778698782902	11.544966113938869511912344023585
9.241799245492408942936890525743	2.825440918344282792418198368978
10.259518875485261091284883150365	11.634190875975011891796384588815
19.468985426983085318397570517845	10.562591197157741973455813422333
12.312113203712288012070530385245	8.360214564369078615868602355476
9.653012856909411354422445583623	10.835105513959890188857571047265
9.025385570523253520036632835399	5.983692535204032658668893418508
11.896492261878426788257456792053	10.599668023895015167568089964334
16.895511071707172590095069608651	0.374425306715944206104040858918
12.944636728399361302876968693454	5.607278723887024085570374154486
8.011296553192478242522156506311	4.449187007149435046926555514801
6.777512438507168113233092299197	15.236383914869948696946266863961
15.574133600500502438990224618465	6.771199836758415635529217979638
7.562024974503021468308361363597	13.002115734252127410286448139232
6.934949908135298102251908858307	12.877084904703190559871472942177
14.754296906618865392601946950890	8.820538600589847177957381063607
7.948267347470210353321817819960	10.804558372686587475186570372898
0.044281813850335360882581881015	9.194916232066223216179423616268
13.257360472097790449197418638505	12.404536545876467812377086374909
11.387947220100986811530674458481	6.050322763047313756601397471968
8.408974400767085910501918988302	6.116596160992653352650449960493
2.640412568389478575880957578192	3.006521179968949297744984505698
8.636144621993238956747518386692	8.971836941526250441825141024310
7.676397944523420058260398946004	2.671294402404353007796089514159
8.510408084463954025977727724239	17.582091739084397374881518771872
9.846322431094977289944836229552	5.908367076882484525413019582629
13.417233759595063702363404445350	5.010580637000111359213860851014
4.955643458818915547681172029115	13.636358676644624310370090825018
13.715339074319915724231577769388	11.917796616986114699443533027079
14.254483788917276854135707253590	13.185942583909213254855785635300
7.294139427203627512596995075000	9.627063394790843275927727518138
13.172631115305366122925079253037	14.895996125214942651382443727925
9.081906440055263374233618378639	15.884599057070539984692914003972
11.042153953224387308296172705013	7.554966389912618041080349939875
6.329988819286441525946429464966	13.302483101354933836546479142271
9.073476025711491033121092186775	11.195419457737441959466195839923
17.812175006114713937677151989192	13.466370764681776961424475302920
13.232396888593148887025563453790	9.259597501372706318534255842678
6.398661980655241166004998376593	16.372014500069692388706243946217
11.195767236908165997988362505566	18.983320914411830671042480389588
11.455017131443280931080153095536	12.195580811542246379985954263248
12.325644878012141703038651030511	15.992375589615928532793986960314
9.886622658127947715911432169378	9.760323494904373120562013355084
4.858348705387518506881860957947	15.808012377480221033465568325482
16.061845249802683355255794594996	6.964430456668359248340038902825
11.993143803802011504444635647815	6.023713800732503287349572929088
7.366952937970593140448727353942	5.156011532440442302061001100810
14.285236768189273348639289906714	7.502834485373860218260233523324
7.952015289657397900668911461253	10.237788851782614329977150191553
7.168280613938518897043650213163	8.794939954084716404736354888882
9.832749764499476796686394663993	9.650997804656888945373793831095
10.653942451574904382027852989268	11.813305400927209376504833926447
0.765559690142892934616725142405	7.302590938082889060467550734757
4.299084014790715002618526341394	17.738099640429560110987949883565
4.472693407118084607532182417344	12.028020584354658595316323044244
17.082636875462306136341794626787	11.850152589385846368941201944835
6.072799562339961099155516421888	12.181807816233396479788098076824
8.273528483285744528075156267732	5.190978176901058560588353429921
5.283705826961980989153744303621	10.222286348609008754806382057723
11.577985500601977619794524798635	12.982889253748549407418977352791
3.426895613409528529302860988537	9.469072899007819898997695418075
3.564617767649936652674114156980	7.517532752886039837392218032619
2.042932992222797672354772657854	8.029594623610915249400932225399
0.188303373889900926840823558450	14.900706081184628359892485605087
12.160924335955781927509633533191	10.912732941785074913809694407973
10.311544165202978007300771423616	12.986090206176442052310449071229
8.981101989806795415915985358879	6.021821100478914168263600004138
8.444413275426194687156566942576	6.175900675177464549392425396945
12.472670062559794601497742405627	0.591229654050141606447255071544
5.496398401535438793530374823604	16.443282467461134643826881074347
5.259449910212047107904709264403	7.021794008625171557014255085960
17.517147513983150730609850143082	10.197314161974416535372256475966
14.536684602359221329948013590183	16.964769641334790151177003281191
11.885293739051935091310951975174	5.880796520104059510458682780154
13.532240916780979844702414993662	4.276427396322630691827271220973
6.932741097253899198449289542623	11.748971700066173085019727295730
8.999541177337398778490751283243	10.468191239216968924097272974905
14.849809769043988083581098180730	10.150489890580001173248092527501
12.661312220583747389923701121006	18.183586419434735859113061451353
4.925055016039872057831416896079	2.922039882386850973006175991031
12.914327149606570799278415506706	8.491009133624821458852238720283
4.663160801955925194306473713368	8.762486358471541336712107295170
4.958078395905113566755062493030	15.109806261928172332886788353790
6.980649137451107932861305016559	10.322509720253647103049843281042
7.854891953256138314998224814190	10.444229839990114783176977653056
13.255334869468244463064365845639	12.382056474289585779047229152638
12.388212968078903486457420513034	15.309880911426036576017395418603
13.024540086940902483547688461840	13.219524346793805946731481526513
3.106755140622276201156637398526	10.516567593210382369761646259576
12.051011367152151265713655448053	12.982253763427568316046745167114
15.471934805884673735931755800266	3.217692554719278064112586434931
7.582452625325183603877121640835	11.050382131424655085538688581437
9.286569362875241040455875918269	8.291652870536712072180307586677
12.355347317283362329476403829176	8.239476888605327786763155017979
8.112737568075166549874666088726	12.576112768045931034066597931087
5.172811859434834680371295689838	9.049074924354052029684680746868
7.260409547320553436122736457037	7.677367243160233556409366428852
13.534092854360540769675935734995	14.074437045601502660474579897709
6.051644684756113612422723235795	12.779314114351565834226676088292
12.609614982956745876663262606598	11.001795989706685929832019610330
8.206793227642947385902516543865	8.555378992725152897946827579290
10.879742272221259113962332776282	5.052798057662201358652964700013
7.716790892834843873515637824312	12.336307632021728863946918863803
17.745796703112432624038774520159	13.739995535925851655179030785803
7.959789757839555335294789983891	7.927612198358695572153465036536
19.640065552529659242964044096880	8.260871233556116521867807023227
13.482212636265280991665349574760	6.904708501700743461526599276112
12.735574005972214450821411446668	13.101024681211256961432809475809
15.674252997130036391126850503497	7.558038741800990223396183864679
12.071135413725921026184551010374	12.083897464034333069093918311410
13.807657772998254586127586662769	17.254081833827157765881565865129
12.617127820176586183720246481244	5.894277021816366257667141326237
2.461187502989291786548164964188	6.568934398059776746947591163917
9.213790000770760713066920288838	16.893099344913945714097280870192
10.588409560244640417181472002994	5.557673153755854578150774614187
8.511903559379744521606880880427	14.111815454559772931020233954769
2.717830601595915496204725059215	15.294914001186985075264601618983
10.774182560664765873070791712962	11.763731707394422087986640690360
6.648598770123623324934669653885	6.212479198475958419578546454431
11.283378914891057931413342885207	9.659481674740622025865377509035
7.500031080755658940972807613434	8.803652737943785666629992192611
19.604484333327167888683106866665	11.422231652274287938553243293427
11.747792102824085702650336315855	8.390701720322258694295669556595
9.296304508415655476483152597211	8.981575738798680319519007753115
10.936649437434493137288882280700	8.054002530847711227579566184431
10.041731354266135056718667328823	11.098385007278318781231973844115
13.490894811359334326539283210877	10.346290380886358661882695741951
15.909064304462631866954325232655	0.191536111373448170169808690844
9.828955789559477906891515885945	8.846086790505335528678187984042
12.861567233959876332960448053200	17.632855993243925496472002123483
13.710358610348086116914601007011	6.183966107297826475530655443436
8.139049084878221762551220308524	3.862024802910979381920242303750
8.121166057006290017739047470968	14.745749621032317122626409400254
18.319741002048463229812114150263	14.533011027927400959924852941185
5.329156273827243772700512636220	10.175696323751406424662491190247
7.178628297027383808881495497189	14.549770154028118795963564480189
6.048495150055895663854244048707	14.519341240479350929604152042884
10.450563453470564923009078484029	7.779461187653775589012639102293
5.870650107350353863466807524674	14.386390349343393779690813971683
11.968341445675175549467894597910	4.751077583212353516728398972191
8.672538325647810353302702424116	9.833729483063823550992310629226
8.985203827797969111657039320562	9.486719095250190747492524678819
7.824048672588518549275704572210	6.966057343851551841851232893532
10.803280806747112663401821919251	10.488103215469944728965856484137
4.307652958895805461736472352641	14.460202811259501132212790253107
9.338719180232123662221965787467	0.270681798741554402454312366899
11.604284014344962372433656128123	10.494545216236788931496448640246
7.155295082932295436251024511876	5.577936172695715733027554961154
7.166035805967560179396969033405	14.636193865636021982368220051285
18.130593489723473510366602567956	3.018173787646802885831220919499
6.873875192697044056444610760082	7.835504820322835684009987744503
9.529397373019255823578532726970	3.165551941264578061918655293994
12.303808386361188453861359448638	9.467711743003849989008813281544
7.869862265703202908184721309226	7.070324365443967806754699267913
12.316088577013317717501195147634	12.242531184061103743943021981977
17.313134950979154780270619085059	6.467204892993649423260649200529
5.934167252480648357959580607712	12.972808165244757105938333552331
14.394922999161625654096496873535	6.904828671544444240737448126310
14.099867312088832704830565489829	2.288431088349207609411450903281
11.023983900871764163298394123558	12.184593416805100218880397733301
