75
12.867592987625954492614255286753	5.886164742621350143281233613379
11.658190514179763042079684964847	6.313765050384397170546435518190
14.561965802195558694620558526367	19.842552309259019693854497745633
14.544440068041298630419078108389	10.502541615225455373661134217400
4.813542752017858639135283738142	14.326874444262857721810178190935
4.888063169131515728338399640052	9.083964362540616122032588464208
7.275436588428902950909105129540	16.923235402084873868489012238570
7.480415970797023916816215205472	8.487829705523095569219549361151
8.592610712711781673078803578392	13.943542981727865992525039473549
8.049588988270064859875674301293	5.220962698660621015278593404219
2.844224556810876158863266027765	5.362631304326527015291503630579
11.358337503477519803141149168368	7.415536874339415440715583827114
4.773761824510444284896948374808	6.842296951637488966468936268939
15.919083650371888438712630886585	3.599602238911617568817291612504
11.227338383268119059721357189119	4.474710977377362119966619502520
7.795537707698779072984507365618	10.013830663148906907622404105496
7.596683558172887984483168111183	1.047889904102284885922813373327
11.494163851254104002919120830484	8.890277358172255617319024167955
14.633230124298840735264093382284	14.006713005078267997305374592543
7.742603675106981775400072365301	14.662118315177959715356337255798
12.884374467022896126877640199382	11.947319154558762477336131269112
6.345664815324281171626807918074	3.192039780128181014617894106777
13.351865386365112442490499233827	9.054834073416612838514083705377
16.525372658529878577837735065259	17.693020917214738574330112896860
2.447555934418978118571885715937	12.330330851424911031699593877420
16.939064924295788472363710752688	17.773258028866084856645102263428
11.660706428693446312649939500261	10.935524588497235853878919442650
9.525436830143291899730684235692	12.156258976330928334164127591066
1.870016831587557604166249802802	10.937151947517794070563468267210
6.719220570120802982216901000356	15.169847221379793467121999128722
7.134721269294960421802898054011	6.925595122950249482585149962688
15.247343965207008409379341173917	0.730014646603679429048838755989
6.320724642360376677174826909322	10.432137496383075969674791849684
7.454122667069458252342428750126	8.839046663492052147148569929413
14.683563932239517058064848242793	15.695194467269642402129647962283
2.707807092753793387629457356525	8.248449306920520029962062835693
3.506590069928643416119484754745	10.288535690294846602910183719359
3.425034926828927073216846110881	11.879032579981549488934433611576
1.669099698542105825183057277172	17.262072599985007315126495086588
14.882952282212277950179668550845	9.718382190938742226649083022494
14.015434255503240734697101288475	15.568428916862359301376272924244
14.905905482764705283216244424693	13.641057174067141133377845108043
15.457412696185816258775957976468	3.337777775112733547047128013219
15.169887233977226159709061903413	3.452737207222249526950008657877
13.286881884006776388673642941285	5.289950578588235252652793860761
11.329026361152218171923777845223	16.738475607330947525497322203591
8.839594295199699303111628978513	6.963765667183925422989432263421
11.629210659832919461109668191057	13.088896541668004758207644044887
7.501817646992271271244590025162	18.529920293869434289035780238919
13.774285535329763519030166207813	12.397567252504822832293029932771
13.073668104854299087946856161579	17.610165194885428974203023244627
13.223905573164527638141407805961	12.943136664912168853902585397009
2.908864483662658706464299029903	6.887921866890207134304091596277
10.973302433472465367003678693436	0.345077195979790474211768014356
7.727491224699663874275756825227	15.581863584841585179674439132214
8.256100311194375152012980834115	9.304122817166820880174782359973
8.812756778202004426248095114715	16.616511719654152301473004627042
14.911778861140989604905371379573	3.757118643160142212877872225363
15.974624144352999266516235365998	9.488803534238643422327186272014
12.224446929681588969174299563747	14.431893815856138729714075452648
11.083957420906253688031029014383	15.764291584970914428254218364600
9.064735739619901977448535035364	16.013823454514049871022507431917
17.829900635406524145309958839789	9.174692526804877346080502320547
9.953871164962381001828362059314	9.605177660689905749791250855196
10.133349906844927090787678025663	15.873682460608565136794823047239
11.034560016963336437356701935641	19.500235851093037808823282830417
16.924927509825863580772420391440	13.324760101946683477081023738720
6.452236764507541799673617788358	5.278572738733823044299242610577
14.380232263980801121761032845825	11.294909559545425636883919651154
14.974871099614759373253036756068	13.709261291613124456034711329266
11.245565070071208424451469909400	14.743508666455575450981996254995
10.233362906121278967930265935138	8.585643451146669491436114185490
5.188802255146717001821343728807	18.583747181376878643277450464666
13.714004630102952120296322391368	17.482260197262238676785273128189
0.745014363777887211881534312852	4.510906734233762094277153664734
0.077569061127041871728238220385	8.738856742184731629663474450354
5.996636991748117928580086299917	6.427213345990461235146540275309
15.886940596163508843119416269474	9.816539837262370227222163521219
6.868539781361978846518923091935	10.741264262348938274271858972497
11.220830273490754791509971255437	7.945242401772760310052490240196
9.409065506181645943684088706505	14.590155733108545632603636477143
8.975427983865147396613792807329	6.028358957132148532309656729922
16.305038566392564547413712716661	14.409397060626535136407255777158
12.906697859162404640187560289633	10.721815002617518075567204505205
11.889493348534257322057783312630	5.697905487325391149511233379599
16.775109024768543264372056000866	0.872726907657417338981531429454
8.537437539860563973093121603597	11.086918271810073832739362842403
8.331552539923947620081889908761	2.587522818772153065935981430812
7.814574763025537329497183236526	12.577139914416456178969383472577
14.477573108917338728929280478042	8.416961907922924979175149928778
11.716038296015938158234348520637	8.943362025118105407273105811328
11.599779035980393615545835928060	1.200986471151851420202660847281
12.584538839544018529181812482420	12.216307845105406570951345202047
15.389438011222511093478715338279	8.923054345011259158582106465474
10.187374860889129024599242256954	8.729318956812509355813745060004
15.817145922307759065006393939257	3.413451670224768363937073445413
9.346076407961481535835446265992	0.149710726416427686302768051974
5.034913720797808522888772131409	10.603998737340917912774784781504
5.924527981218361105675285216421	6.089879500568752490607948857360
11.955555623004254783836586284451	9.365638709905839576208563812543
15.005317500548860820686059014406	13.978762907950535776535616605543
15.650432787744319895750777504873	19.575448443583365332187895546667
14.283641179763590045581622689497	11.799441365713773777201822667848
9.428465662830117111070649116300	9.178929860319813727187465701718
5.595126746187300881274495623074	9.862140624564817770192348689307
16.414128940653352373146844911389	12.558813625386097356795289670117
14.725116479782395018105489725713	12.483607119403899332610308192670
8.269504472324161525875751976855	10.909634023520155210462689865381
8.433829683283011746652846341021	12.046275864750581874318413611036
9.845175016392859745906207535882	8.920690825633210252476601453964
6.621429240962049433960601163562	7.891652274635541530756199790630
9.512031223376780530998075846583	11.546512248798666888660591212101
14.931106809319329542518062226009	0.073648271398939479936984753294
4.221988918647659794203264027601	5.050667769675937890383465855848
12.530663137424088660054621868767	11.449502704204444825109021621756
5.979536712278336274550838425057	5.877193644128682947780362155754
8.421115020783817683991401281673	12.631303815910156274071596271824
9.714056890199383786921316641383	14.928796852834670616516632435378
8.635944079753592461656808154657	9.114445532323786736128568009008
6.937412917412765445135391928488	11.609952523278380454030411783606
2.971239240908464473989170073764	9.253423279385417643538858101238
8.512493653768308021767552418169	6.231375930231170201523127616383
2.720822676945465978803895268356	12.047383442343450710154684202280
13.307522002066914268425534828566	11.732545418960073746461603150237
17.978068564810339324822052731179	13.672685703564379622321212082170
19.983639145153915706032421439886	9.699802008144560616642593231518
15.366200784924032518574676942080	7.652263927533655696322512085317
7.296203329803398140995795984054	12.065062974928837391530578315724
2.128187860831449729204223331180	8.073547451622777870738900674041
6.927861280958937051366319792578	12.484689214043902083517423307057
9.620957245909908195358184457291	10.427659716291136859922517032828
4.142298118081687796632195386337	11.940805897563564030861016362906
12.521135212558714755459732259624	10.232467112995282221277193457354
14.893396062479691721591734676622	11.925228654857665588906456832774
12.560583357876318189028097549453	12.297848787857024177583298296668
9.508228314305217310220541548915	16.629847415468422155981897958554
9.492557139748123873346230539028	9.342095382807633185962004063185
3.236026449750103672897694195854	15.307669965240204845713378745131
2.538607976480944383723681312404	8.765605822550044834429172624368
10.896691990475618538880553387571	9.228595307739485775755383656360
12.215636122572409050235364702530	6.315484917781934548486333369510
7.827847198807789119712197134504	13.037220515688535016352034290321
8.470949616083885302941780537367	14.027598515936253065206074097659
13.128456269519459098660263407510	11.340098502931219570655230199918
8.696849775753664246735752385575	5.701262216005011040920180676039
6.297148942933042725655923277372	4.104492313736294306636409601197
7.208028521407813471455483522732	8.208745373376569176571138086729
17.692506715336687506123780622147	15.615863237264470342324784724042
14.481992729586481871706382662524	14.752625954436743072051285707857
5.713109685528020342815125331981	12.496806075511395661692404246423
13.585707695058070854088327905629	8.951863128696011528973031090572
4.509272673865826419614677433856	4.995628622051334843945369357243
11.401890774425195829167023475748	10.316899719297218496194545878097
7.270137555230212988988114375388	12.629602619104721483722642005887
14.547019030593954624919206253253	9.062206299585810143071284983307
0.239382755242246725302379672939	15.860181745338650216581299901009
7.948739666953834159812686266378	7.405744155781002646676824952010
6.636186232981690302779043122428	8.413890553068805289171905315015
13.911780670402642101635137805715	2.436439757500916680754698973033
7.763576639241908772248734749155	6.285649032730910690247583261225
3.867265628921705555853804980870	8.745810838593282454667132697068
16.977571219768023524920863565058	8.921868802874998394258909684140
6.780737050391109299596337223193	1.530343937087246253270222950960
0.563499028045092442695818135689	6.153430570097705221144224196905
0.138258078513202598003317689290	0.698743682030612545119652168069
6.011332807803611899544193875045	8.573992528501513277205958729610
7.058368319745762953232315339847	11.903600175047783338300178002100
7.361946348851135191182493144879	11.741548669892077683130082732532
10.039211014657640319569509301800	6.681962321131899251724917121464
9.178306923020752350339535041712	1.614971166331142793382014133385
3.499836399733025071867587030283	13.872059505583008487406004860532
0.867847165255680730311382831133	4.712083460872986684364605025621
0.811480486191636929405035516538	14.620482970528851041080997674726
6.115331012326604920303907420021	17.956187363430405667941158753820
18.997652386941084046156902331859	6.828134172651389555142031895230
17.795459950832999140857282327488	9.350349074713101060751796467230
11.194960964469668596166229690425	12.382406380246859356475397362374
7.502870576685721992760136345169	13.259990903451267740820185281336
8.606395350325437121341565216426	1.748932080781699927030103935977
4.808167981414335656609182478860	9.702213423863247143685839546379
7.002436408220777508404353284277	14.935741746813885555411616223864
8.981065159569427081009962421376	7.807526026987071432472475862596
4.920582698299847734801915066782	6.030080351702170382566237094579
11.465328861959918071988795418292	12.211384537838496200379267975222
6.656314708622011799832307588076	2.032573072786858503491203009617
16.543898507058646174527893890627	13.834125267244905543861932528671
5.331235510612230221738627733430	9.869779771977873039645601238590
8.815666180132829765625501750037	3.127678470580069536310929834144
8.952227427187063213409601303283	18.129376432692456688755555660464
5.101030968951189237259313813411	10.831306616061082692681338812690
6.645832241573851995042332418961	16.674759830120201797853951575235
6.798516957410384087268084840616	12.151253827414121744254771328997
9.787599973054836866026562347542	17.153521650912768592434076708741
13.560575267559658030336322553921	0.505162489516397528177549247630
9.416974967031764620628564443905	3.347915423940206469666236444027
12.903816858364157482697009982076	10.598478019999941324158498900943
4.620060428687688514060027955566	2.967278734269951367963358279667
4.844613118287184327925842808327	8.945166737205472173855014261790
16.013099089381025663669788627885	3.901605237281505544899573578732
10.508054155794649631161519209854	18.058040310262704508659226121381
19.550175939950655390475731110200	11.787840693290876359355934255291
9.632372729372832509397994726896	9.581730382508403920382988872007
8.995800568884241954492608783767	12.971225197728045941403252072632
6.163924507180820633323037327500	10.912709706730453262935043312609
9.011198902931761622880912909750	12.760188219215629956693192070816
7.759600518017757408983925415669	16.830164757401149699944653548300
8.904305991148634191745259158779	8.712031924234306501375613152049
7.109537863091073717214385396801	15.573742005770004226405944791622
14.142603583201276862268969125580	11.773924754483195087573221826460
6.164751121877496409240393404616	15.603674278843342904110613744706
7.119924974568817788167507387698	8.258394707163910553049390728120
5.824855305135886673895129206358	6.625571549443648677879536990076
8.468117005845542166753148194402	6.298046848655748597423098544823
14.765702349477727750581834698096	14.286112528013086730993563833181
18.810413537026072106073115719482	5.175577088181434248781442875043
10.381484760006820522448833798990	8.780732718076743381629967188928
10.661666938254159120447184250224	9.325361465760581225481473666150
11.050249783016877103136721416377	16.162114983049804095571744255722
12.538789185730998099188582273200	14.867266794851355271589454787318
5.313979494833546368681709282100	16.211434767896534481224080082029
6.564859381968624951753099594498	10.659796021192088133489050960634
14.763347519456361922607356973458	13.068609009433991730020352406427
0.944301077771564356666544881591	17.092088265546053094112721737474
10.822347381750454076154710492119	15.094800526303458809707080945373
14.344759184246894889724899257999	14.085377258570057179554169124458
5.445490274381281636806306778453	4.723826518738718505119322799146
3.627047630586294424404059100198	8.819024220859946083805880334694
7.468240846085995698899751005229	16.265150248430799706511606927961
3.439111092212085996067116866470	5.891830118307305852454192063306
10.540164823319312148441895260476	15.434382559893135677953068807255
5.195125860087253855112976452801	3.500131222470865832718800447765
11.077293225919079944219447497744	16.423971444457997392873949138448
4.412266007100734910295614099596	18.737255595013859732489436282776
17.756777925919347893568556173705	7.488279115346943903830378985731
13.170997593525260782598707010038	11.458928801190772617246693698689
14.955360211675291282062971731648	12.431971244612009641627992095891
15.695856070199972975842683808878	9.864668699595382506117857701611
12.705920104585773700023310084362	5.631938874916686543770083517302
5.586473976514710670926433522254	18.786855143807589030302551691420
9.657001786757826167217899637762	7.184874910585970830823043797864
15.877850431203547998393332818523	19.046850486407816305245432886295
11.510517795919275485516664048191	9.136977063297129220131864713039
18.846979999991461340869136620313	8.434970563589684999783457897138
10.979421472006873017335237818770	6.051469033967938671025876828935
1.782057884986832929641309419821	10.263697195341748624741740059108
5.594240588483433640476505388506	8.183231311257820550508768064901
11.940359560283347661879815859720	6.267286104836935933803943044040
5.817134907489918127510009071557	5.671889707962408877506277349312
13.516312527814539734549725835677	17.213970653883510664172717952169
18.447034173768187770292570348829	11.182486944286571528550666698720
7.533963647040969213719563413179	11.325542939766325645223332685418
11.421349893558678800786765350495	6.351601838528805998862480919342
10.535559851124583374826215731446	12.917069848251102825997804757208
7.332577005090490374072942358907	16.162538799156067170770256780088
10.985603387422893106872834323440	12.043662279319393704213325690944
9.958698154170283700636900903191	3.734742574120251124014657762018
11.698885463703154741210710199084	12.543389496465580990047783416230
1.755479094645191473489376221551	6.185628726419768241839847178198
17.901262131113782061220263130963	6.945486234058055430296008125879
4.549149010351769106819119770080	10.247952442335332534639746882021
8.093304749834068445579760009423	18.499560651515114528820049599744
4.609563472701585951085689885076	9.301878516026569343466690042987
5.615135644632550437904683349188	9.755275009691507293041468074080
15.277781715188410771588678471744	11.876292918976579571221918740775
6.943000043519462316510271193692	11.335979871720541112267710559536
9.260831467707713926529322634451	15.200891043278126346649514744058
4.953022765559028428583587810863	8.325155701526323781536120804958
8.857967043206587121062511869241	9.808006879805526878612909058575
2.828097657490897809395846707048	8.734725504482305780129536287859
8.643789517534045785396301653236	6.606257053786524835459204041399
2.883613808637891295916233502794	10.389936887028969891844099038281
14.447337149063320893560558033641	12.012292210351329657669339212589
9.170371302780843336677207844332	13.701761596010133104073247523047
2.552190396790584792086065135663	16.046427269762389755669573787600
6.212484577183798428734462504508	15.446031826862334668248877278529
7.400435029019400090533054026309	2.073398116094122833885649015428
13.289320548444504055396464536898	12.885647241978924526506489200983
5.346539314167831236090933089145	3.068250055821271082834300614195
4.239331721977668721024201659020	12.277404680594420582906423078384
16.876893903176796385423585888930	13.000727124937695222683942120057
8.511953334647703428572640405037	16.142715097116024480783380568027
9.470839147889931197710211563390	5.273447382674612882169640215579
11.087866205224079507729584292974	8.759981799347926312293566297740
0.638812416143718087013780859706	9.266057713039893783957268169615
15.630302593390485554891711217351	4.850759198054658938303873583209
8.731654563706229055242147296667	11.785706628796571493467126856558
7.033256770536300273022334295092	6.672124138070380183762608794495
18.923935655910181452554752468131	10.688302883701732426402486453298
16.302883754635939084209894645028	10.179614216067877308091738086659
4.159040074639327677630262769526	9.383531574241512629441785975359
15.978808523842847222340424195863	3.203999104608519221670803744928
5.407446185574389829753272351809	4.000756763416706718317072954960
10.850103340654136729881429346278	9.583621097028403923445694090333
16.027669697917563240707750082947	17.409214638058220003813403309323
8.509648720382815056950676080305	1.649303312201089166677547837025
8.325004587382016651986305078026	13.886058788053730950196040794253
10.318508402981782623442086332943	2.005921253114759661428934123251
10.417316106185483093327093229163	13.057048351752746029319496301468
11.888111613653972398196856374852	18.488063961101033783052116632462
8.640120188900324293967969424557	7.242916437981363309006610506913
