75
16.767367799386509119585753069259	9.630179313664426032914889219683
19.438662922340775196516915457323	3.503953633370971765259582753060
7.176135845647491073862056509824	14.083780285283561184428435808513
17.054489275516125701415148796514	5.714602546246489112036215374246
13.272994283208236154791848093737	8.168129860204226488917811366264
10.118774268572000352151007973589	14.002085540100638993976644997019
15.816659145512071305006429611240	14.521589396127648541323651443236
16.571205045066449201840441673994	11.544320845214963711100608634297
9.781086165129115883587473945227	10.645024936580686159004471846856
11.471903348116045506799309805501	14.464748180558334667011877172627
14.903797222424303825505376153160	10.147709488082208295622876903508
8.420179104276432013875819393434	15.424056689813815168577093572821
4.024319593612258216808186261915	4.099092515418245596947599551640
16.954482671892264988855458796024	1.178212508857959806007897896052
15.829765288750548890561731241178	7.516040169031890982864752004389
12.812776216859390387980965897441	13.315689004425856012403528438881
11.818796135899161114934940997045	5.941626523121958491913119360106
9.609124947143270034644046972971	5.885872312732333355711489275564
11.066061734427957929938202141784	10.042751056272431142701861972455
8.345740797566348234681754547637	8.199912119465402327023184625432
11.030305703983671605783456470817	6.532250832006129215301371004898
18.119354168421708095593203324825	16.013818959305034184126270702109
1.389423210369074013215140439570	17.396921250477198839234915794805
9.941295206665540007406889344566	9.477164221962082635286606091540
3.593108607421905631440495199058	9.633173971708080429721121618059
12.982528971954700125479575945064	9.202049361874475863487532478757
7.300066781927510461969177413266	15.651840662015310101651266450062
14.122508715707432713770685950294	14.591798730229193381546792807057
9.952017038555284855760874052066	9.924328208487557034800374822225
16.026358207693817803374258801341	9.957767716687659032004376058467
13.474960477862301999607552716043	15.790334775423611191058625990991
10.494526074381820279768362524919	7.358628808644916752257358893985
12.752640000454624313874774088617	6.294085729577000520862384291831
12.025131563569665615887060994282	8.813750219750177805622115556616
4.031726083639163960015139309689	13.020708442969070262051900499500
6.699347699127117472528425423661	6.509447814059494241689662885619
4.242490283382357674213380960282	10.727013425625290921061605331488
11.216728339911583134380634874105	15.754397125959295422603645420168
12.558814039677317353493890550453	12.155285608265590013843393535353
11.913811055126551252669742098078	8.116928737535372917477616283577
12.461831171255376204953790875152	3.915048769788298521632441406837
6.034248708260536275815866247285	3.574441662171012890070187495439
9.692024099168170536700017692056	6.120336831698293345027650502743
10.873402872128018259445525472984	2.797266940088916076234681895585
10.989429924126822513130719016772	10.039520972831070366737549193203
5.167558065954470869485248840647	9.979307814782218954974268854130
18.227663430883563222550947102718	2.311640130754875954721683228854
7.637533066810749282637971191434	12.602159565270184771179629024118
16.662845200025277137001467053778	8.961442170980211230357781460043
3.334252435572397921248466445832	14.781253551840539017803166643716
5.140210389316236749834843067219	11.821609639320531215389564749785
12.412938783903193495916639221832	7.325945807918641250466862402391
13.046509868331281012387989903800	12.221988783921410970378929050639
7.251475675660059572180671239039	9.085990055884780147721357934643
8.039644719832024222228028520476	10.479005360107825239879275613930
15.484228364350492768153344513848	12.516591735798767714982204779517
4.023405515984110891736236226279	15.599185405267601112200281932019
9.759418182216275994278475991450	8.282414314265047039498313097283
9.953676340463482929976635205094	6.555994525523282767665023129666
1.680190216465268226997409328760	10.578028428424437024091275816318
12.986358496046291222114632546436	10.265438350312340531900190399028
17.795238641981935501235057017766	5.968367842882564389128674520180
17.581463223336072587699163705111	7.446745938904254735746235382976
18.237390837693297385158075485379	8.727287906882887469350862374995
10.051782153366549010797825758345	8.305376191624118220602213114034
11.403553936209066321794125542510	8.951132356850786564450572768692
10.653162617824113667097662982997	5.079382917711765088597530848347
12.972188148608740476674938690849	8.302947895266301614469739433844
14.636984544717009271153074223548	7.767889503981946219823839783203
6.395179689096179842522360559087	13.531949893574413579244719585404
7.685040430866361127471009240253	7.169812719760805919122503837571
15.965445436233720144514336425345	10.763192290382976423757099837530
12.656120634427381332898221444339	13.450090560312021992217523802537
11.612817661708399796793855784927	5.047416867320857924994470522506
11.417753491331607662573333072942	6.005595486217695899711088713957
8.284481102575945499211229616776	8.377679288701203930145311460365
7.052806022992904821933279890800	5.838746416169276365337736933725
7.332247487149610165602098277304	15.637180311202929061664690379985
9.026196643042244005528118577786	6.735965985029743308132310630754
6.972394521930139532628345477860	12.343886451710762486300154705532
5.128545324380179515344480023487	10.424943503901609176409692736343
10.324947283304128475833749689627	12.795121772576999674697617592756
6.585701212519328606731505715288	10.682382423665462312101226416416
11.022167381286854137556474597659	11.415062885428751471295072406065
10.825864372186959627697433461435	6.727230467343590980533463152824
13.074122531487686771356493409257	2.466283069051526055659451230895
10.457963964115370103513669164386	14.528387617468382586594088934362
12.691905448391409549913078080863	11.833514534072309132284317456651
4.059897045483503497109722957248	13.096026394365635425742766528856
7.948384384749985542839567642659	2.010452738407704220691130103660
15.726358314118112247115277568810	14.923782954158637537034337583464
11.153398798353867604760125686880	3.024204103972485402351821903721
11.761393421366031830643805733416	8.487319392276930329899187199771
11.029874126220223118366448034067	11.241963433130859328912265482359
2.994970435051161672390662715770	18.124612746822680975355979171582
12.579072018242815289568170555867	6.176121716173426534624013584107
7.060574115605604994527766393730	4.991154227059649173270372557454
5.481169149210314728293269581627	8.387861917826617386140242160764
9.850134508439907676802249625325	13.714021062513610971222988155205
3.506084353529485220235528686317	16.410608989831526827174457139336
6.041906556145709927818643336650	15.567768307996368903900474833790
7.330131715335979514236441900721	3.668319921502486202768977818778
12.859695311013222607243733364157	9.766874125227975156349202734418
4.129827843216108185231405514060	11.189697297775069273484405130148
13.197154156538314140334477997385	2.399832588591102044972558360314
0.458154061624159725241156593256	12.478912158147304367616925446782
1.551584835108662518976530009240	17.509484801480230231618406833149
7.013853795868143947700446005911	11.762968375500493678487146098632
4.754770294311580158819197094999	8.626963113521508574876861530356
8.534703130516140490158250031527	18.502505772574714626443892484531
8.433153010573740004929277347401	10.517668904849301725334953516722
12.890119445886472959728052956052	14.094400707218120771813119063154
10.159940142330009749116470629815	1.923181374947628974325652961852
11.324499609595994442656774481293	14.764258924031469888404899393208
13.347726827375442582024334114976	4.124390154954293841171875101281
6.571761532040063968906906666234	16.946511297671669638020830461755
4.134879743550924580119954043766	11.320014470668507300388228031807
16.002808332702013416337649687193	5.686141855295689495619626541156
6.719341106439257416127475153189	12.572499982294608855681872228161
14.702478408935753861896955640987	5.093673982587489490470034070313
8.501126160215669358422019286081	8.914881828959321907746016222518
12.677155614946707729018271493260	4.462421472794313004328614624683
3.785745666264825892710632615490	4.878611527868304875710236956365
15.620372442246450717107109085191	8.592308185854609092757527832873
16.246590101859361254810210084543	13.461812441179040078509387967642
12.456021059704273312718214583583	13.018738544458875239229200815316
9.544337685912266167065354238730	3.686825937073986203529329941375
2.872160912108423502786536118947	13.343232602569210953902256733272
10.802835488537462893532392627094	12.276727860467056885340753069613
13.152916291072079602031408285256	7.883615405276143128787680325331
9.921441511420999503911843930837	11.750315405896413878394923813175
4.627163723717120369371968990890	3.589949723270203563174618466292
4.999088108250218098760342400055	8.301985305968212713878529029898
10.533847798256163130758977786172	12.169112550455160715046076802537
11.144026506120880526395922061056	9.537820712166178438451424881350
19.807006829828004867977142566815	6.379829649194166840686648356495
8.466265297309993442809172847774	15.247010079565832540993142174557
13.228543582641588471915383706801	9.042659954008000156022717419546
16.751276217688751302148375543766	10.174464182742639195566880516708
11.910445118898383753958114539273	9.210970190467948626178440463264
2.791778206305739473691573948599	11.394616102731156104255205718800
12.732213011633128019184368895367	7.928105983499829534366654115729
8.650968816338329148152297420893	3.208493549028986535631702281535
9.045959348562835344864652142860	3.765187468561500772068484366173
11.278484147793859548869477293920	4.754532560395215767812260310166
12.450435901993799348019820172340	11.618930819017831979067523207050
8.701069192968985177571994427126	7.567035285824490919992513227044
2.500287414564422938667576090666	10.700355139233565182621532585472
17.644706921520498354993833345361	7.606931050096819468819830944994
10.508805548139019236941749113612	7.491611756041164582597957632970
1.924024291372271600053522888629	8.526836774817544650773015746381
1.171701530744743147138819949760	11.139072930394906535411791992374
14.624333423692124966919436701573	13.103761358395301428458878945094
13.160153363965918060785043053329	13.622343320501359542618047271390
10.349155710638559213521148194559	9.920758616642370242288961890154
17.090269399381487147593361441977	11.814957132794541294629198091570
16.917611202254072111372806830332	12.115040875851239121629987494089
13.756660000774607155449302808847	16.162179267441906915792060317472
2.759232860187830205234149616444	12.519313468661213306631907471456
10.506849151233293326868079020642	7.802146636419001524131999758538
15.138755595304424161895440192893	4.810438692312210662294091889635
4.466516720392109895954035891918	7.544884601911261867712710227352
16.225366653190079091473307926208	14.087922403100554546995226701256
8.349591956619740074074798030779	13.774891834212747099286389129702
15.635191336581105048253448330797	10.227822661725902264606702374294
9.846761780810814101982941792812	11.481291548964717819103498186450
11.646284637742786216563217749353	13.389340703449869707242214644793
19.613927145058326573234808165580	17.741395000201883647150680189952
5.198491736510931104930932633579	13.235240305903307245216637966223
4.282720910870407848847207787912	14.715799107838243742207851028070
7.391068404885561271555616258411	18.967698258315671466789353871718
16.495161405217714900572900660336	9.156804856786905588705849368125
5.503585614087100452707090880722	7.978395610637337043158368032891
7.938622392977428887661517364904	16.876113684544133519693787093274
17.703270829664830898764193989336	8.028450634732255508652087883092
7.340845529182910667032047058456	5.698221219925084568558304454200
3.387261832959298502032652322669	5.133725543995470097513589280425
3.282164966920780635462051577633	13.133348580855757958829599374440
6.021461700016073947949735156726	11.487081298079786506605159956962
0.964743003357241279971390213177	10.102737439653472151235291676130
7.582867887617136481992474728031	14.011754562020104941666431841440
18.610617550479659598750004079193	6.215992587059803398119584016968
19.806697847768568010451417649165	7.132125985101700038626404420938
9.440522262264869013392853958067	7.910260198574857071207588887773
12.511616595618701097691882750951	2.779111342373719040210744424257
16.506153409619148675346878007986	11.304292934417278004843865346629
3.973100828727647915172838111175	10.781968798547707066859402402770
3.497643224658530058945871132892	14.418528292580736760442050581332
16.415657377917618475748895434663	15.930216828065479006681925966404
17.460031210732374518102005822584	17.085760161952816105213059927337
15.317995370899188500857235339936	15.157668391199507595956674776971
12.612788007344578389279377006460	11.439908505389837500842986628413
0.258759301217704740238900740223	16.629895651417047730546983075328
14.338411226235074025225912919268	9.528240194397302076367850531824
11.265786875333386518605038872920	11.163874757673392323908956313971
10.701903988276912471633295353968	1.016668623684460204259494275902
14.453629873187709975468351331074	3.255192299150730050882884825114
12.787837599262184440362943860237	3.727264046004758135666179441614
18.352685088654482115089194849133	6.669747880872780143590716761537
1.766546025351215520871051012364	7.903398993058154964330697112018
10.234081935933861728926785872318	5.045337328231005002976417017635
8.437891388354630706203352019656	5.058083056672230348738139582565
11.118097669914096314869311754592	11.592222741477458569647751573939
6.031612139280328577228829090018	9.098125264832864544928270333912
9.663879359738411167768390441779	11.694912820777014772488655580673
14.203295513022693441484989307355	9.654781071001224290739628486335
16.825522102603414964505645912141	15.784865032625118530518193438184
8.614368651152931377623644948471	4.926091386382367431906459387392
4.730567748950039508315512648551	8.898463687569554636525026580784
13.301675599963527218960734899156	8.679862067915776080440082296263
16.671730193940483388814755016938	11.814342893147095736594565096311
17.744434241724256651195901213214	16.358348568603130246401633485220
7.168912578082617059749281906988	4.195339828772931767275622405577
6.539078656258325850103574339300	3.990354708215261503312376589747
5.753468212511116064433736028150	16.063850978457999474358075531200
14.445752400318587760352784243878	1.574243442030839323919622074754
11.976973509663967121241512359120	1.772508224120387110289698284760
16.540665194409875482506322441623	10.607799720353009220730200468097
6.933398964042577716782034258358	8.375195568137693058474724239204
13.966162331576006394584510417189	8.919203629525346954665110388305
4.848722249843177678485517390072	9.887789086711837427401405875571
12.784157553277973207173090486322	6.866884031515035680115488503361
15.526196631281163007543000276200	10.342376950799213375375984469429
7.491782247807939221218020975357	9.939912613345347480731106770691
12.142093075649588840292381064501	15.087150454837290780574221571442
10.133103863420153345487051410601	14.961927781139486626216239528731
9.532450159628654162702332541812	8.755291170112567300520822755061
0.275502831149867510873718856601	7.948965095979018791183534631273
12.590985123818770219372709107120	4.597051921499436311080444284016
8.415625670708459793445399554912	13.578992143163340244882419938222
6.994043221296784906826360384002	4.793939194715768792320886859670
7.352594620011095649658727779752	2.203888881056740522978998342296
7.118395041018104052454873453826	6.800394751622437894411632441916
11.397925185735168440714915050194	11.730185896369325959653906465974
12.896585799508940795021771918982	10.729300415797277779006435594056
10.978164156928263750501173490193	9.473934615911600687354621186387
16.279509241496192828435596311465	6.013250350950951172990244231187
3.820590458657319388180440000724	7.684985690516295875340802012943
11.957300982842367531588934070896	13.864438968691345621664368081838
13.371512565176606912586976250168	5.175366272338028039712298777886
10.839023201421301934033181169070	6.993090606828395117133823077893
17.676232390257833770874640322290	14.245542285401800342015121714212
15.625777701155653787168375856709	13.083610996823178851400371058844
6.161449802815017307011657976545	12.680732301087575208953239780385
6.706652899225585606757249479415	10.621929755226075187124479271006
9.962234102766432286557574116159	18.610406735248197662713209865615
10.103138559388993300558468035888	13.254825719116475113423803122714
6.859629030973445118490872118855	11.809746214379710949060608982109
13.740024599065446153645098092966	12.817934412870464200295828050002
10.004689337315554098495340440422	15.731387190902482942078677297104
14.726857566815926503522860002704	3.585212046903606619707716163248
12.033810877997808574946247972548	13.624440994188597997549550200347
10.728039866969501403559661412146	16.666431088102285684726666659117
12.586652609999941176965876366012	19.700587446584538753313609049655
3.606672678063532977432714687893	12.858357622776768636185806826688
16.349094217659356331751041579992	10.434101005140968609907758946065
4.414942928114360398694770992734	8.689084093309734413423939258792
6.625771763219027832292340463027	11.388067081265624835850758245215
10.542870494758551203062779677566	8.761052306831055958014076168183
11.369681688464883251299397670664	6.018270029976335422361444216222
2.835975078786186820423154131277	12.258072484328971896161419863347
8.789949577074192887948811403476	10.296969689276087578377882891800
9.773395318005896115209907293320	18.093690998744143882959178881720
13.773178561678278697399946395308	3.090566643631973420269787311554
0.954081041007525110231313192344	14.658882892113290097313438309357
8.629386485754215740939798706677	6.072021562763413982111160294153
13.748412659631203069920957204886	6.039971020339318208414169930620
8.156476979773367830262031930033	17.130083754396888906512685935013
8.132272161711105340486938075628	12.748935853012861585398241004441
10.052352259513389398648541828152	17.367547599471770070067577762529
3.808785352848217620191917376360	5.962464235685024149802302417811
12.784294559920697409438616887201	13.438880739591828827883546182420
11.225066980399809324353554984555	10.541226581860426492198712367099
3.235519200908715475861754384823	9.395244114653786837720872426871
11.857248316963751477715049986728	17.582629951331071538334072101861
15.739630083618298073133701109327	3.080652971586758326338895130903
8.129720885167104782453861844260	14.735619062263737077955738641322
13.251592021215824246382908313535	5.338034306992621047527336486382
7.160054757940534031490642519202	8.862339841152316211037032189779
12.439710688601421040289096708875	8.582699216259689123376119823661
15.732771546305377441399286908563	12.434500548367028116558685724158
9.956089273624874280699259543326	8.590696830048301535498467274010
11.206833074234317848549835616723	12.360527221135036768373538507149
12.027644279343160604867080110125	18.598353855910229270875788643025
18.330238413031672450870246393606	16.420911070910982232362584909424
3.433110201526876625877093829331	14.787618955970327050408741342835
8.972214664753627388904533290770	11.706828836519802550242275174242
4.189700554437005841634800162865	14.682361741730646897963197261561
9.844645731508002484133612597361	6.590244716922256884572561830282
8.191464481488484494775548228063	16.453878146360693790484219789505
1.881780966754565964649259512953	4.756678090869340458368696999969
9.534718288918876183402062451933	9.809620601123752337002770218533
18.369525813474822939497244078666	14.674100521928931328830003621988
11.335461896040332163693165057339	7.075999629886326580674449360231
11.265253704356682717957482964266	12.869235701369063917809398844838
1.568526155616283279670142292161	6.413176661974669734433973644627
9.734307512534734030396066373214	14.764005998079944959044951247051
12.461784605459484964740113355219	13.612225302000167559413057460915
4.516635629422683706479801912792	8.151857526549866506115904485341
9.812016960508707086319191148505	13.006898562311297595783798897173
