75
8.125074320708227659793010388967	13.952857886754252092487149639055
6.493286280021762557623787870398	6.597574288464135960907697153743
16.635104137541944169242924544960	4.864472642252122724926266528200
15.108255830884504078426289197523	3.485246816597488361821888247505
15.543124700262758608459989773110	7.696824855158943989863473689184
18.072870758731948370723330299370	17.953590328899867500922482577153
14.380849969304424718075097189285	9.506222657430168254677482764237
15.187011341176157586119188636076	12.099775729903662124797847354785
11.754826895955744703314849175513	9.829278818025930064550266251899
4.262397737252543450381381262559	9.760334805650606071480979153421
8.659424875951351907588104950264	7.800217649861555635482091020094
9.579795736304847153519403946120	14.805797733794655357542069396004
4.916847141682291422171147132758	8.091687649831648343479173490778
18.500307840243024770643387455493	16.809130334153451258316636085510
0.123599781002711184285658418958	11.486633020398675952833400515374
5.286706748780739317794541420881	10.192016787255923304655880201608
6.323338890833128722590572579065	9.080657642876317936497798655182
10.521200963991178767287237860728	2.101783891490949240932195607456
1.219195427031386502747523081780	7.808866081007538539893175766338
16.591741077315663943636536714621	9.647832392647149646336401929148
12.814015655969152263082833087537	10.206122329362246503592359658796
10.890082275684459744979903916828	5.505036998886978949485637713224
6.216396359850325126217285287566	15.793267863923466265418937837239
7.731795969704427839985783066368	11.165402364509482424637099029496
12.414296251782099389515678922180	18.188030323573237012624304043129
15.887222523501819182456529233605	11.524825249553549255665529926773
8.838475792714149292805814184248	9.010223414646381101533734181430
15.001711736340507030718072201125	9.894974444684063286103992140852
10.377846278199221785598638234660	13.996470351027451073377960710786
12.679140064700623824478498136159	9.731983364224410237852680438664
11.284792711344556082053713907953	14.464532720181864533515181392431
11.007892262686610251876118127257	14.273989884571397723789232259151
10.636381553593679427649476565421	16.726821121674039005711165373214
11.281270802585236623372111353092	2.915516835371842141455545061035
7.324109784481763085750571917742	10.520749102852898104742962459568
13.874362109781259277951903641224	8.268363046877338362605769361835
1.248189785212346913922942803765	5.849051929959911078071854717564
12.410760120279363150075369048864	13.322732905048177087792282691225
2.430317443448044567588794961921	6.771050477295766256702336249873
4.333334316043976564003514795331	9.720995072233998612887262424920
12.873348413060760719872632762417	8.803826033516871873985110141803
14.111605998292150232487074390519	15.498322187195602950282591336872
13.919142473193522491214935143944	7.487840748863553663738912291592
4.093254903244263331885122170206	15.256077883676486095509972074069
3.216356005293574682468715764116	11.583387567422082753409995348193
12.436315635948089308726594026666	5.302074954713212662227306282148
12.680975304535667902428031084128	18.192717256365103395410187658854
6.275875523813830625385890016332	11.748480917687434299523374647833
9.759519196580294320142456854228	7.113437456530476765692583285272
5.077264548634397023363362677628	7.344731743207190355349212040892
0.151934328868845724969105503988	9.838992273047017178555506689008
15.592756691289693549151706974953	6.611103945197712050685368012637
15.041780575475087289305520243943	15.264069843438578644168046594132
16.409121206407231596813289797865	16.797656540348107512272690655664
11.528336858483307025835529202595	10.493053970850295897321302618366
13.818714326406093206855985044967	16.460829200042816466975637013093
5.351091979810576937381938478211	13.548002709202179971725854557008
15.986399618367894248649463406764	6.529141088403939363615791080520
8.312538544287402686450150213204	4.519082134238152193006499146577
6.828787563341902178137843293371	11.085605918407081205145914282184
18.049623396910003947368750232272	19.719130936790641328570927726105
17.427970464241184345155488699675	6.387868418407532722369523980888
16.383665090829325095000967849046	10.942746361011524314221787790302
16.155648812015527937546721659601	14.512703841002414506533568783198
14.150206224022184642308275215328	11.027888008550828402576371445321
5.777534175741448230212427006336	12.519568127856917527651603450067
7.812678524671653690347739029676	14.610693826503210246414710127283
8.950198219896961404629109892994	9.564495225550686541282630059868
5.552667972557524755927715887083	1.420598045891093841319730017858
15.888447843386643398844171315432	8.918000005865064139243258978240
6.339664035518671525437639502343	13.637146501524430419749478460290
9.006226462935707388623995939270	12.474777437877380137365435075480
12.314242029429880886937098694034	10.021724062499899332578934263438
11.911066185934046757211035583168	8.104966730137038055659104429651
10.365233297302697934583193273284	6.715668057341263263992914289702
8.448874279175084822668395645451	10.143686352123863159135908063035
7.641229992886541033669800526695	9.147779086294491435182862915099
13.540283897592502171391970477998	14.579024337955056367377437709365
6.520973217956690604069081018679	11.468523561616681405439521768130
1.044394670580436335072249676159	6.114235692897469931494924821891
4.662881004019161501616963505512	11.584744658841161779605499759782
15.756873495653456629383981635328	10.573464066615235523727278632578
10.426511468068124344199532060884	9.904038422911302319562310003676
11.316543726047092022213291784283	11.314217306849073452212905976921
2.843250486384039099618803447811	10.840834800722976893894156091847
13.074323399875046547435886168387	11.196093392811803823860827833414
15.070167451334256725203886162490	6.598123240660313193473029969027
10.270995416245922271514245949220	11.504688206721489507344813318923
14.561470232487319975689388229512	9.772462107393776520325445744675
12.401053608500907543543689826038	6.317373907155338308427872107131
9.956024558622347697678378608543	13.386000600265550275480563868769
15.215309179675969630807230714709	6.853204585981175434028500603745
16.760702241015980717975253355689	13.190872606550438916883649653755
9.280941921485274193059922254179	4.436586190231546211748536734376
12.121314227990506395826741936617	10.612595996244071017144960933365
16.334903703903741245540004456416	5.361263847474581289986872434383
10.535989840302347531064697250258	9.664838143413073012766290048603
4.914175513446766174752156075556	2.177400993121175964972735528136
11.981402282470227760313719045371	1.619368050352734123009668110171
12.479375935348398840574191126507	12.232406381615634316517571278382
7.904650621752606021175324713113	14.754242736391718793242944229860
9.197575927277036100804252782837	16.886090527092523672081370023079
5.949636224110609994397691480117	17.329151095134541549214191036299
6.981547025871398304275317059364	10.463872890767827783520260709338
13.992662331623268556768380221911	7.027253863990208238021750730695
11.244031971083858323368076526094	18.405686091368654189182052505203
8.387979425033190494787049829029	19.748807759199284106443883501925
3.311988134113674764336110456497	5.231919294984495039102512237150
11.922369955585011780385684687644	2.857785075646315231523431066307
2.357501245997406513765781710390	3.295145290926818404386722249910
8.781845391530719524553205701523	16.546529657500741450348868966103
14.788400375414129328532908402849	6.800148934828232683003079728223
12.197043770471371004759930656292	16.637419576184694136600228375755
9.345511056084065515392467204947	9.391443221822896703088190406561
13.688475964148896224514828645624	12.693126263164394629257003543898
10.111448508149544878165215777699	3.114327974066855908574780187337
17.129160451208154114510762155987	7.994947074152753074827160162386
1.727784554453923870909193283296	14.099572811168453512209453037940
4.429496264860937060348078375682	11.307672241926404410605755401775
0.938571504531758860068180183589	7.971129494312996222049605421489
9.818910142457850653840978338849	4.777768961979662165617810387630
8.677865832569908732807562046219	3.685778887894818112158645817544
11.469447460404278871237693238072	7.416060530932996996966721781064
15.094468826724865451183177356143	18.600060462960467333459746441804
4.295979871488196266682280111127	5.033897028117767291632844717242
4.371733149479161362194190587616	6.561043051857152974548625934403
5.127582390926242794648715062067	10.035100564768139719262762810104
16.670054044941259974166314350441	7.799036877695597169690699956845
12.123640424370583090762920619454	8.480071368161631539805966895074
16.296572864557287374509542132728	18.180280039705795758209205814637
10.882464713664816713389882352203	13.795723235192260958115184621420
3.229750790798753268262544224854	15.578914427601356251784636697266
14.764118978173160101619032502640	10.855529023986466796714012161829
7.004343911391612387262739503058	9.075670530521156464942578168120
14.365208156289787311266081815120	7.595016505029290598827174108010
11.479554711892138385564976488240	14.686420403347902663426793878898
15.870496549273346076347479538526	15.819286990761316502585032139905
10.017295575969624721324180427473	16.766114421634483733214437961578
18.899447151948038481350522488356	11.337164411302609323684009723365
10.436565326312658541496602992993	8.932120527598115700129710603505
0.773308964258022646376389275247	12.419893855490457212908950168639
3.397069058025254939536807796685	15.362534481895032456577609991655
13.699927894528640237581385008525	9.181877879910597783919001813047
14.689131560478001503611267253291	10.028759396962179550882865441963
12.302216679047125680313001794275	10.234015154632375654841780487914
2.379595888149965698943333336501	0.233641899966605670613262191182
1.690912855528309277630683027382	18.367251682183841410278546391055
14.478185032634847573262959485874	19.599776831331023885240938398056
9.612961382187826586687151575461	15.987365242364825590470900351647
0.988373655392336125657948286971	9.724751610644725374754671065602
15.897653781843173348420350521337	12.658407454998027219517098274082
19.781000461011743141170882154256	12.021372738876801022911422478501
4.828552854365507407408131257398	12.579312266901874650670833943877
18.848095597565095005165858310647	13.184161274536297270287832361646
9.530146093014174368818203220144	18.781535384326438986590801505372
9.538961069732840414303609577473	13.907325161522713585782184964046
3.552756439255543519095681403996	16.972802088513518015133740846068
17.694896125552919130541340564378	7.620624743500529874040694267023
7.480635495742276930286607239395	6.120991679949118413617270562099
6.917507956397768609235754411202	6.082735787394121018678561085835
8.215634714170901631291599187534	5.408741896466883858352048264351
17.114220243087530093362147454172	12.338851972091093855965482362080
6.498301521882950737563078291714	8.423066989491175604598538484424
7.020332758685709606538694060873	8.035804481272768029498365649488
8.080506948407096601272314728703	6.544681074758050165485201432602
9.532238041462774091883147775661	3.836171294842968038096842064988
6.925676554452495636837738857139	11.414181772645685342126853356604
4.423405061717462061210426327307	10.070433782492781205064602545463
2.927248950047428799337012605974	8.638813193214502916816854849458
10.703977755526425497123454988468	3.655766251599179561537766858237
14.385433492684938983074971474707	10.131135074164250298167644359637
15.714072443379581756062179920264	15.612165475498379407781612826511
8.439263560479304260297794826329	2.568839873373630844355375302257
8.042062828077618519273528363556	7.908562556551569144858149229549
16.928563482950664820236852392554	11.627751398860779019628353125881
16.621545648145609419543689000420	3.514568459105498199335215758765
11.885373046770165927910056780092	10.599552334503263395504291111138
6.847179998408796208764215407427	17.230457323078827158724379842170
5.974096106759076540981823200127	5.450959433141541410350328078493
2.976817335247662121844314242480	4.305550967808144058324160141638
4.534175412245950553824513917789	4.619510038240600913184152886970
7.182975584412146119461795024108	12.019280067661226141240149445366
11.847383788621810296604053291958	7.198206585980992500140018819366
15.925186467251513988685474032536	4.867439635054959801152563159121
12.618088851399724248381062352564	9.548808008545421444068779237568
8.507602708050262307892808166798	11.527048343390362106219981797040
17.464158890342517338467587251216	5.104325710274847160974331927719
10.139511973388906085347116459161	1.686149238403003014497016920359
12.046740780778154800145784975030	16.225229431837245641645495197736
18.833119817149917452070440049283	8.789977969905667265493320883252
16.991412008842473824188346043229	13.018020302222277351233969966415
4.136621678624417874914342974080	15.988877376478606961995865276549
8.675916194854703888950098189525	11.656035984157773199854091217276
5.634536880988833651429104065755	17.543514603803302520645956974477
16.663891416248375776376633439213	16.708406084420243331578603829257
5.474277830000587208303386432817	13.544829495702106925136831705458
13.550050178976436043853937007952	9.267539281406214968228596262634
6.942696301314895457323927985271	11.519127867962870581663992197718
8.557759528424046635564081952907	11.989320080551626901410600112285
1.699244268462860585344742503366	11.800351404761913798324712843169
16.650044075213809691149435820989	4.818200740220044409056754375342
4.317385466179169739575627318118	5.605780171436923531302909395890
7.882241170408313735151750734076	5.580294190587461677921510272427
8.229313239681900427058280911297	13.094173042160679898415764910169
2.832509173474244690282830561046	4.348814077323980953337922983337
2.368756352060480629972971655661	3.423008727904796266727771580918
7.727412945692924139962087792810	7.517677711271002927162498963298
11.961964301520353615160274785012	0.451291732709088178054912532389
13.393253801589661833304489846341	9.570243554364388671729102497920
15.946058891572223004118313838262	13.859790752969047389342449605465
8.382891113442560993007646175101	11.098779354961022747261267795693
6.133157617124495253335680899909	2.727473909117360761911186273210
12.227692685048381804335804190487	9.891448184429723511357224197127
12.710638576426012136266763263848	16.589814078115821871506341267377
11.088262749255733297104598022997	9.120632963819190308640827424824
12.487915303470744632363675918896	16.572283836065011541904823388904
8.623976983538913287929972284473	7.583514336600430283397145103663
10.553583021634741712091454246547	9.790378993882205449494904314633
15.999898137726216162946002441458	10.125900310580799867921086843126
2.402869199048411896768584483652	5.170696714932675241982451552758
8.403495238610176443216914776713	8.719024343431588164321510703303
0.737085371197616634475480168476	17.924290841466643087187549099326
7.717015000438699701135192299262	8.904490989657732669115830503870
6.953542114739295065817259455798	8.345872774241405167572338541504
0.495091970577833384581367681676	8.989759518471114319027037709020
16.871156036824920931849192129448	10.120310704497812892554975405801
7.464312655787306738375264103524	9.680147753898317830589803634211
2.111488950826751143097226304235	5.058455957836253347181809658650
11.561676233325911766769422683865	14.572055633085557957429045927711
14.180948904746479399818781530485	12.639259036224313348384384880774
17.315143765014244792155295726843	10.544499166387447885995243268553
13.014626478805364939717037486844	8.435109515565093474265268014278
8.211782149997567614718718687072	11.688108351585654531845648307353
13.622232766907501400055480189621	16.224425373291882834791977074929
10.560019111252595180872049240861	11.894004181047172608032269636169
18.098740913562174625894840573892	13.780664937333572339639431447722
10.411793838422994440406910143793	12.226263186891024759006540989503
7.495221161338178283983779692790	16.011925714709605017560534179211
13.018624886393284967311956279445	8.428245194943716711577508249320
15.910633955373494785590082756244	6.820692159632120166179447551258
12.663958973500841764803226396907	10.134842567781058519926773442421
18.031869281975197338852012762800	17.025555651583200500454040593468
19.955922353407611780085062491708	8.672180327453787640479276888072
19.253937159146509827678528381512	2.189093578178530563604908820707
12.759404830530693075729686825071	9.981428843367458725310825684574
17.134525513072382807422400219366	10.746948812727373123721008596476
8.242820014450600751843012403697	5.400343112900677589038878068095
19.195053026569350862473584129475	5.179575194126503134839367703535
5.539465786843042138798409723677	17.139789054401958878770528826863
14.187586892371511382293647329789	6.140516769610732339401693025138
7.933689663825124860352389077889	8.413674902105983122169163834769
9.681937655657902652706070512068	14.876606042524759487832852755673
6.442413893875256647447713476140	2.264244352735311771596116159344
17.971375968333205719318357296288	9.423769228780125573052828258369
15.877377329458173704779255785979	7.101036360146144588156857935246
11.703670725957911358250385092106	11.712304124891010914666367170867
10.234892176218648884855610958766	8.223125823027423564326454652473
13.053520431438416338210117828567	6.637637403657150159119737509172
11.446405822591767531548612168990	9.382771715725239047856121032964
15.811259040740566206295625306666	10.494352644861503875972630339675
8.524143063331189651421482267324	7.257147900948831775735925475601
5.368171744744147488859198347200	18.109832430935782099368225317448
14.077432272753265252163146215025	7.613172714508002592026514321333
11.247910503790786052036310138647	9.796247552794973501022468553856
5.067623650095709031404567213031	5.574340290588398971749484189786
18.121618501024979508429169072770	5.618925529156913789563532191096
13.639265604154880762166612839792	14.475812750087294844547614047769
8.347530568204305723156721796840	17.956501029364066113203080021776
15.383046597653574849573487881571	9.154576353328248927709864801727
3.514590506203500996917910015327	8.764476760258121501578898460139
12.037711566719643485612323274836	7.744073071070854297204277827404
11.595087920597537234357332636137	6.569310811746953859824316168670
14.733303350358552208376750058960	11.736931822006063441676815273240
11.166132284204332236754453333560	0.912447450067781495874896791065
13.872723399337614225146353419404	11.411206513198504097772456589155
5.163873612268281121373547648545	10.341724099145144677436292113271
15.119456266497435237283752940129	8.553922583136637669554147578310
8.843921239084025387455767486244	8.764957094747105159626698878128
4.314476970061747351792291738093	15.391657108316600499620108166710
12.537345986243352058409072924405	7.636687921157702341190542938421
9.136887363674237150235057924874	7.452663770657308006661878607702
13.832976612148470962893043179065	6.998243590387897228310976061039
11.839408086819473098216803919058	5.052796341930622325833155628061
16.682379185685963562946199090220	9.283235482189358123150668689050
8.709752047868043689504702342674	10.906287496085083077446142851841
15.930017776830570852553137228824	10.006499240676618001089082099497
15.808332779086850194971702876501	9.628546711843709360323373402935
5.856452113480675514267659309553	4.619348155533500310809813527158
0.031422993023074718976772601309	13.375199117318754105099287698977
5.376540879342194934054077748442	18.182829231466772768044393160380
12.367653655597884210237680235878	12.872296229472226514189969748259
7.466632281540952043030756613007	8.960648704022663224577627261169
13.933832333971867711852610227652	6.364736823155801026530298258876
16.496251462563535028493788558990	9.483616702115428509500816289801
12.196303322491829135287844110280	12.728848123043739803961216239259
3.944105285145736772278723947238	15.398918711084522925602868781425
12.234919645059418868981993000489	8.192395019050643156788282794878
10.803205569948609365837910445407	10.703719177948530116850633930881
1.306922776075472025780754847801	7.951101292081655280696850240929
1.715831734426943588900371651107	15.604961818023838304725359193981
