75
10.448566699754469055960726109333	9.745624983690273523961877799593
10.356104102096441721414521452971	9.658611931964353303214920742903
11.364209078129071883722644997761	7.193266560231732498209566983860
9.302059908104288510344304086175	10.479172071668747534545218513813
9.604491071200893514969720854424	13.510499986023715379701570782345
7.814556758286064663820980058517	10.235401565599726581012873793952
8.695233580134450690479752665851	10.936901327489158219918863323983
10.728207551538391228973523539025	8.267410790368545647766040929127
7.321754729248985071876631991472	8.268337693201200266912564984523
8.193462578011136088207422289997	11.458163040018900957761616155040
10.856512694891929271534536383115	10.690322921201603989516115689185
11.003894745439147584420425118878	6.769164587009126599070896190824
7.197480934824889153844651445979	13.009441578577423115348210558295
12.344630117977590799682729993947	9.391214142812616572086881205905
9.877093501983742029892709979322	13.314676557837991310861980309710
8.700917322653015872901960392483	8.598096138241318797668100160081
10.902914200588766036048582463991	11.302804209126307455335336271673
7.514328239538251352769293589517	12.222517475744766102252469863743
8.537077238232916087667945248540	11.036841870952317279375165526289
7.485534873124161769908369024051	12.496146315604887533368128060829
6.840540679546871949412434332771	10.506640723081183352860534796491
6.390029623230912392273239674978	12.480768625494786050467155291699
9.816185943099505095688073197380	11.634862492974036740633891895413
9.715809486563820485116593772545	14.316908522220124666546325897798
8.317583326228218609799114346970	6.665756371043636718809466401581
10.684905317522000345320520864334	9.966001344260309480205251020379
8.067741506509374715960802859627	10.090029788008617828154456219636
6.842914880241758979195765277836	10.032397155153377710234963160474
10.296233386961970879269756551366	13.086795034879621368872903985903
15.738732843999802213375005521812	7.665225101347809655294440744910
11.830931123992268538813732448034	6.413603302490202828778365073958
8.666420180646614568331642658450	8.033484672414557437036819464993
10.380141014227708851080933527555	9.423594436407020324963923485484
12.228604229225570776407039375044	12.453997865250023835415049688891
11.796631211883882528468348027673	9.653269164692771298064144502860
10.994196004445381475989051978104	8.133985472266624938697532343213
10.321879932204401697504181356635	9.854346331074273379613259749021
9.881521020591467419080800027587	14.233768266066102015088290499989
10.105739453531544569386824150570	8.624295261261808676067630585749
9.483525221036366303906106622890	9.141287583433816976707930734847
11.360634143200055490297017968260	11.886867414881761462197573564481
12.188875579384236047530976065900	11.896734413372223926330661925022
13.490765067499921769922366365790	9.765023056919922339602635474876
6.611648096753311776296868629288	13.657671580382206855119875399396
12.052450728460854634249699302018	9.468273121564932282012705400120
10.840087468702943596099430578761	10.226647212200948189320115488954
13.077016470361545685818782658316	9.021395733272749239972654322628
8.059104891685983318438957212493	7.235258735333985669058165512979
9.908589034482229607192493858747	8.847419831450535454564487736207
10.130312371597188558780544553883	8.095247591718280233408222557046
13.225823400594673984187465975992	9.289613430225994505917697097175
9.959721892293572409471380524337	7.230032816649186955260120157618
13.158988120416884370911247970071	11.271122070035179518754375749268
11.489590726241621254644087457564	9.054360625850245369861113431398
7.642535563639638596100667200517	11.298758967778406159254700469319
9.760005491995103810154432721902	10.572768511886602382787714304868
11.741712784524704460409338935278	9.452551701222155600135010899976
10.932298173576478816926282888744	8.773948938502666550220965291373
9.913657979047302504227445751894	11.911622273182333131558152672369
10.266052762880649495969009876717	10.652988833171344040806616249029
8.892958909240313403188338270411	11.362199549782234342387710057665
11.887657147902292109620248083957	10.810252200312737258514061977621
10.741710984211671586763259256259	10.448797377353375992470319033600
7.765874618327504919079729006626	12.024070186545072758121932565700
8.725778681819337023739535652567	11.163599275665553989256295608357
9.632939822214282798995554912835	10.546348001149613793359094415791
8.576896829444502046158049779478	7.629636699302139390965749043971
9.131858881167929098410240840167	14.493394756737281170444475719705
8.808789367477164233832809259184	10.601307523143290723055542912334
9.598737761686169989161498961039	6.433113409006274707735428819433
11.440971372146540474545872712042	8.768600922176593925883025804069
9.071730674842987340866784506943	12.200873316872613116856882697903
6.757465281381858090981040732004	3.269930877657456491647280927282
9.545320525365175612364510016050	11.384671556979078843596653314307
6.992004725712428481187998841051	12.000072932218543542148836422712
9.308544762700323715876038477290	8.416191819329920775771824992262
10.232146711980316666767976130359	8.764156190710490790252151782624
8.734096121550782854114913789090	6.240215282761749193696232396178
7.070347115722493747114185680402	7.639573347672366843141844583442
10.865375701047435441637389885727	12.495545717103256677660283457953
14.472664749818331841879626153968	9.385042701875486059748254774604
9.303269403280241434117669996340	8.241193000709413851723184052389
9.937853586003249972691264702007	9.319669844047057338798367709387
13.925891839817367667819780763239	6.666876584984896325636327674147
10.666219987207798070016906422097	7.077770532118057289494572614785
11.612454734743472783975448692217	11.941508354032274397127366682980
6.561473775408275699305704620201	7.451857126967841082887389347889
10.276869899558878529433059156872	10.681430285315936856704865931533
8.345634613077873353859104099683	10.145735828788934540511945670005
13.143073232774012737422708596569	9.612796855392918615734743070789
7.771891350537046605495561379939	7.198439261041626124892900406849
4.639106384840282260029198369011	8.555355605139592256591640762053
6.985782339887855130200478015468	8.073981146179106005433823156636
10.770130665061964592155163700227	7.200795178119166806141038250644
11.299068205265234254852657613810	13.824656343936915448011859552935
12.173572592473426823289628373459	11.097922701416955248987505910918
9.402778909216618075106453034095	13.745591588334006516447516332846
13.571256037121791848676366498694	7.414099385577712197914479475003
10.566363761988590397322695935145	6.560851046884369708322992664762
10.901650680469090914925800461788	11.689965585903195233186124823987
10.969761712651717289190855808556	9.161928604221131422491453122348
11.301425150274145181583662633784	7.220862814530603301932387694251
9.679446332793478546818732866086	8.694619249669772287347768724430
9.602817088654685306892133667134	12.504370026556710371323788422160
8.849632678597444623846968170255	7.828642218099112426443753065541
9.174307578105256766320962924510	10.364085886837758110345930617768
11.140660384300840490823247819208	10.367357825295316686720070720185
8.574431875960287996463193849195	11.875517404377172070439883100335
7.439017605175251901528099551797	8.479826893666663423232421337161
12.584073938626263000628568988759	8.546931424948489564030751353130
11.466927036582529098041050019674	9.894973214060666322211545775644
8.114020287418385990463320922572	10.744384863924761219777792575769
6.492651559062892374640796333551	8.175277746194691275150034925900
8.278945042264302500711892207619	12.184264087504034890230286691803
10.926319729226303678615295211785	9.245014228920442889148034737445
8.984568457818099318501481320709	8.429721692469765770283629535697
7.640555439304818285961573565146	8.813409060928352189989709586371
11.821142772562641454214826808311	9.706509858297573956065207312349
14.382129239088977001870262029115	7.908783704445973228303046198562
10.898031450442145384727155033033	9.688135553015989387404260924086
9.583074906263771453041044878773	8.746897490695850763131602434441
8.972847488868403331707668257877	7.481514926047957203536498127505
9.324435031157438658055980340578	10.007058485499095823456627840642
13.963933104362274306708968651947	9.029624014676597809625491208863
11.948371848394913286028895527124	8.703506100252928590066403558012
12.172298814165404934328762465157	10.911569857595532440086572023574
9.597834909002207481876212114003	11.828990152356061216210036945995
8.637125455533929851981156389229	11.810670268641768387851698207669
7.481710589918423082167464599479	10.524222686987487307419542048592
9.228201199565061685348155151587	8.208542894427822034231212455779
9.290197762906535317029010911938	10.174436267884962248331248702016
13.181292129274572388908381981310	10.448017184901612353087330120616
9.812999078239023731384804705158	11.060912835233413176183603354730
11.158281924933950435274709889200	13.174453005089496571144991321489
10.806428137692899227317866461817	6.297616697373435101781069533899
12.897129691512798643771020579152	10.061935141765873780173023988027
11.731889747858165407023989246227	15.258415138280966516504122409970
7.809262833575443707445629115682	9.650108485435849203781799587887
8.464942547435736486249879817478	13.093656178755850305606145411730
8.968117761854850655822701810393	11.409383073802663588480754697230
9.128591163205269864988622430246	10.028590935328669075943253119476
12.090654933957308614367320842575	12.939791123814931239621728309430
11.606242779184317015506167081185	6.271098965355260901333167566918
8.177390935689441420208822819404	10.740946949741791982546601502690
10.230025971366142556462364154868	6.238810239530005574692950176541
9.255363800905243465422245208174	10.049359969348975241132393421140
9.707094088540189957825532474089	9.857487237626450848893000511453
8.634692137588871219122665934265	13.479036109899702466918824939057
8.982093194881937137097338563763	11.569660424721014635451865615323
10.427898834380618708905785751995	8.141494144740327953968517249450
11.556716219377133114676325931214	7.542700715294857971571218513418
9.496887928986954108268037089147	10.281724086460959810551685222890
8.861278525516542714512979728170	10.392771064173572881372820120305
6.190087152698433570208180753980	11.098915591253277312944192090072
9.209713535954403340610952000134	11.336832909472581931709100899752
11.446606108520988698273868067190	11.086350329083169086175075790379
12.086839943159704446884461503942	9.558953848032217592844972386956
14.388500579550509428372606635094	9.313376632523212350633912137710
10.364560369551099938689731061459	12.323578800895406359927619632799
9.727959991908768699886422837153	10.894926947868105671091143449303
9.860484741904594230277325550560	9.178537618333539427339928806759
11.062200823750119482724585395772	8.910889534446798876388129428960
11.091850588140502509304496925324	9.942850763566447369612433249131
9.995883418043531420948966115247	11.828903480071110365656750218477
9.538457414494160957474377937615	8.655571850067536487927100097295
11.260928572295272331871274218429	10.820969850254599009531375486404
9.759260239373144685259831021540	12.038572153380000528954951732885
9.590671836071077649421567912214	9.489161675725087619071018707473
7.268937929688378041248597583035	10.656111762412837862257219967432
10.689032121766640415216897963546	7.819778880177111091143160592765
11.133733038918894209245991078205	10.939002658254425526251907285769
8.462746862474382680829876335338	9.372594061787836494659131858498
5.666052235026515226934407110093	9.156750712079459120218416501302
9.265262800141927712616052303929	8.434589745396570137359049113002
8.891483703318630915646281209774	11.577071680750295357142931607086
9.684108846150222049686817626934	10.568276150021873149853490758687
9.620329664382255785426423244644	11.172131788969974053316036588512
7.759227637989162040810242615407	10.782607277929702860319594037719
13.025094372366362804882555792574	11.136725474125242385525780264288
9.022758264301375064064814068843	9.678850376703678648482309654355
9.210382289058465232756134355441	9.514524312348680012974000419490
9.289271774964717565126193221658	10.635925640332073882632357708644
10.271121844991839111571607645601	10.080683449132703088935159030370
11.166812167778543241070110525470	8.025561486777679220949721639045
9.974514004451293658348731696606	12.244766650341764702147884236183
14.717842948254306278954572917428	9.568209040708357093762970180251
6.317312302783163246999720286112	9.415999887861623562912427587435
7.914342938647071612479066970991	8.349644848385981532601363142021
11.341507596126319867835263721645	7.882823065277052343446939630667
10.011368613005968697393655020278	9.461582235139022856174051412381
10.411764777391720571131372707896	10.902147385423551995131674630102
8.683608057897007626024787896313	10.475917264307906151543647865765
10.720532989329166539960169757251	10.965670470157981242209643824026
8.017910782896741750391811365262	6.268459648039955922627086692955
9.520000323665399832862021867186	8.745879169064403768629745172802
11.575414830856409764692216413096	13.534265855032472813945787493140
4.766969536242533500569606985664	11.617104633363524612832407001406
8.401783864141254554169790935703	6.187074158111912858259984204778
8.494015651752363282867008820176	9.056691789431372541230302886106
6.899814904452012953584016941022	10.300162580662782119134135427885
