75
8.262612975072114451791094325017	11.341065474449548489133121620398
8.776275099133929558092859224416	8.679920720510574838613138126675
10.133827671536822734310590021778	11.705730045392819249627791577950
6.558685733929524808161204418866	7.233985807268432211003528209403
11.114538012811681966240939800628	7.930682013141985287063562282128
10.697357549155999123513538506813	7.230266521330817042212402157020
9.421145764234795549896261945833	8.872416007615701261102003627457
7.398551958511679238483793596970	12.017371324117597453096095705405
6.627494087209454320941404148471	12.566455916574703621790831675753
12.317293198841570145418700121809	11.108530466751737719732773257419
13.149864699149786062548628251534	7.866352051907638198713357269298
8.368207563489708178394721471705	8.947457900093899851867718098219
11.194600307959367668786399008241	7.588662670385549979812367382692
9.109005784809282246783368464094	7.545400383672163258097498328425
8.936211198965859026088764949236	10.322778013436451516326997079886
10.528503900039583029979439743329	8.018034023891200234857024042867
11.650811458629434014255821239203	11.659179690787986771738360403106
6.983556262612142795376257708995	9.111863464613334073760597675573
8.173935283192662382134585641325	9.729898499447910964477159723174
8.687185435592118309955367294606	9.060845126179957631507022597361
7.865171396634776712630809925031	6.338478298181871473104820324806
10.558689107600017109689360950142	12.912721792764713768519868608564
10.357672899181968872994730190840	10.265369024740307324350396811496
9.698885602181883669459239172284	10.498087803327617706372620887123
9.198591944472308767899448866956	8.789629447514865745461065671407
8.448439084432056489504248020239	11.810242042110054683234920958057
7.861638119581794370560601237230	11.428673948720648567700663988944
8.260195026741509849443900748156	8.232400493280639608428828069009
9.636459541464232003704637463670	7.897892648295361084365140413865
9.822840374269718566324627317954	11.038238544424315179526274732780
10.039891801077356348059765878133	7.154579771735704696311586303636
10.900209315116228481201687827706	7.889544674683359737343835149659
5.752074155989030046498555748258	13.273000121441286935919379175175
7.133420033434328288990400324110	11.422494643309976325440402433742
10.696405004209996292274809093215	7.281782771808485321685111557599
9.653760745152219158171646995470	4.926569432841353624041857983684
12.961028443510326013665689970367	9.155566059298394065990578383207
8.707345809060470287477073725313	11.522801025425192023021736531518
10.361838503575135916889848886058	10.801130858683679392129306506831
8.916898482270704917596049199346	10.939767093216515192466431471985
5.687565991308602519893611315638	10.394605026539863956713816151023
16.218840559391562550217713578604	10.667707563741092968712109723128
12.238760775256151802636850334238	10.950054493930354126973725215066
12.771263308250558665690732595976	8.622977443464465707734234456439
10.770866062550695119170995894819	7.394630861856519743469107197598
15.173086084724211275442939950153	8.233838282854371470875776140019
9.351569589643137447865228750743	8.804008882688474812994172680192
9.808617716758101678919956611935	7.649085153008892135062524175737
9.210985322485493398403377796058	7.965781694335719365085424215067
13.142795204714932566503193811513	10.548730287292364948825706960633
9.575424656501564157906614127569	9.809764056278970301150366140064
8.192131399351467280212091282010	10.063186473498426209971512435004
9.480540803866485788375939591788	11.845876006379727485295916267205
5.850858324784216968339478626149	7.178057553683501623709162231535
12.389634357175330237055277393665	9.363254581302905776851730479393
12.156744936807422519109422864858	7.926774245503532156931214558426
11.268226724494759594108472811058	12.690763083454768889168917667121
10.658193644111596753987214469817	13.613018716738903179930275655352
10.666367289873582180348421388771	7.814914595927712426259859057609
8.397831619126085556104044371750	10.394476950251057445484548225068
9.123908012345502527296048356220	10.701898317521507664196178666316
11.428856664133954623707722930703	9.674997843549686393771480652504
5.438581815220531190391284326324	10.329373582557424882111263286788
8.658361169927781375577069411520	11.803471571365591330504685174674
9.009223412145676235240898677148	12.316476195503142321285849902779
9.111796259483403659373834670987	13.606610469539692331863989238627
10.068462240870811541526563814841	8.031769443875347747052728664130
9.705323200527390170577746175695	7.784562315400906484796905715484
11.015659120693470640617306344211	11.620166577390850903839236707427
8.232251410375230449290029355325	8.283331481354137437733697879594
7.412076235380880007141968235373	12.375740915115818197023145330604
12.527364224089325261957128532231	10.990633593819486790721384750213
13.699941700180561454658345610369	8.690955769143767994933114096057
6.965546002585739415735588409007	11.851421294438845066565590968821
7.206225943045108550677468883805	12.019119613647390565347450319678
11.312015229165494289986781950574	8.887301510680901017735777713824
10.073791751189331122873227286618	10.504329356964952069120045052841
9.860900616529699291845645348076	9.814995481015419187542647705413
8.890797981674394279139050922822	9.742926714464179127617171616293
9.774400718465727777584106661379	7.059465085747575585628510452807
8.198645946665791939267364796251	6.528369553821852910857614915585
9.213275936949830935418503941037	10.247265307543120371747136232443
13.764478906304466576671075017657	11.035428855183385010718666308094
10.615886395546777265508353593759	13.566639791599993003501367638819
11.608592855926268327948491787538	8.281726862454551252312739961781
11.898752002534616067919159831945	9.778629346405896427540938020684
6.423608683553826637080419459380	12.367210008500059359448641771451
10.455913083042904787589577608742	12.467724656266245375491052982397
10.413913551395969747659364657011	7.951944688051932885741734935436
9.183592726252930660280071606394	8.086145975158505194713143282570
11.832626141154747756445431150496	10.849745277126128684130890178494
13.548185681741236052744170592632	12.466879459162450771714247821365
10.740315474566385134380652743857	11.501683418804185876638257468585
10.347832585902462909643872990273	10.732929471452116843011026503518
8.922519898113979053277944331057	10.207918270456229237197476322763
9.882128228211934484193079697434	11.056716503797826334221099386923
9.119303082192454112941959465388	7.080505797092015995986002963036
9.572786795579171226222570112441	12.162833713446627115217779646628
11.524568226800056436331942677498	12.072289345531336479666606464889
9.849103812570630722689202229958	8.873252123807958469114964827895
12.678180486334845511464664014056	8.540495582395687179655396903399
10.618421297538359837631105619948	8.745282321069087316800505504943
10.254744268635144877066522894893	9.319625173578360843862355977762
12.853298768716994615601834084373	9.393792839490824775339206098579
9.350227255634585787902324227616	9.829816565261214833526537404396
10.710628457135621616203025041614	13.959567660399407884597167139873
9.530958422081607039899608935229	8.431674908880635754826471384149
10.550747505229637113188800867647	9.478785657293798294631415046751
8.468599557646491859941306756809	11.818127392627618021947455417830
9.842480493902826310659293085337	9.402459943417733612136544252280
10.119217309309243901793706754688	12.522011354694768670015037059784
9.949339517234642826792878622655	12.312520049889577933299733558670
10.617891333354000593658383877482	7.763611067716695401941251475364
10.898661894885366407947913103271	9.026699622669017486487064161338
12.833553185950814068405634316150	7.811464234699929676253304933198
11.642833197344229390068903740030	10.954807169518050002920972474385
10.965975466976130903162811591756	7.212360297955152432791692262981
6.249302455615565854429860337405	10.148783511393514089604650507681
12.387633421387011622982754488476	11.285594083748296867497629136778
6.880875129485387375893878925126	6.970402046745279633910286065657
9.326702309224664588782616192475	8.077902120456277756943563872483
12.149464074051584461244601698127	11.979079342954337406013110012282
10.419078506936660488690904458053	11.107296863487668758807558333501
8.772127250354472494109359104186	11.592165795401157879496167879552
15.177382519842906205553845211398	8.476208328284300819177587982267
9.313313655182916761532396776602	10.529852001461048160990685573779
12.821411398098424783142945670988	7.800963147112767614999029319733
11.979803167098825866787592531182	8.597528798813998562877713993657
9.152458843991448489418871758971	6.617938042623991101720548613230
10.646275349049062697304179891944	9.971107359476164333500491920859
8.155983790311356784741292358376	10.851942903062273160230688517913
7.798899886228346289840374083724	8.638035346683791360078430443536
13.085882447403735184821016446222	10.088365724140684775989029731136
7.723702555935822111621291696792	11.879790106985604225542374479119
9.040840669586167166471568634734	8.555014712302122958931249740999
10.471753257981630369499725929927	8.263422793065986482474727381486
7.631775308701940652156281430507	12.396672414967948583353063440882
10.518794935912964660928992088884	8.928060258790809555762280069757
7.411009028170000512147908011684	10.051465741965712297201207547914
10.046777236544819800201366888359	6.960010193391868327239535574336
10.463885477353006336898033623584	5.413384293404866376420159213012
10.524366777665269623298627266195	10.375035163455526898701464233454
12.348572904865266153251468495000	14.036456213371229395647787896451
8.008306950804671586752192524727	10.787731337535065634369857434649
8.925007087878245926049203262664	8.160605757133177817763680650387
8.119080925012065463874932902399	9.773829501397216290570213459432
15.537373315513590910086350049824	7.948045332717857291981999878772
8.842046115396987815415741351899	10.336812025921393143335080821998
8.092105091431550434322161891032	11.896761699951625246285402681679
12.410389435781624456467397976667	9.259876035414078998542208864819
10.029484658235581662211188813671	9.701013301329647120496701973025
10.166914155568765210091441986151	11.284027174962352191300851700362
13.523504383710536203011542966124	10.866197949371406039631438034121
8.585413904912323701523746422026	12.249179175862280999353970400989
11.130154447542652818015085358638	10.063933429600647073698382882867
7.954453678180025022470545081887	12.759851877026866517894632124808
9.293349499664815382971028157044	8.538941024657372480533013003878
11.861469833642678040064311062451	12.473495453117386944086319999769
9.686898653808139414422839763574	10.018099881248891946938783803489
9.792510987125684351894960855134	8.300625781444820106003135151695
11.221175211271084748432258493267	10.802479524805992383562625036575
10.839843721253840769236376218032	8.959859780008127216888169641607
10.184241912769186555465239507612	11.595884199829850302876366185956
11.593409345942900401382757991087	10.642813254767711228510052023921
12.258294678969773983112645510118	6.988924747585393504323292290792
8.650812742805713995153382711578	12.110524048131217966783879091963
7.379487207465256659588703769259	6.786457423291189172687154496089
9.319872982487042989419023797382	10.379352232706818170981932780705
14.680910171093774607697923784144	13.108804344862399204885150538757
11.357142798222524149309720087331	8.983377349457962068868255300913
15.983872900078729628603468881920	11.473920009031823852296838595066
10.526225777107949710398315801285	12.520112105790424550377792911604
9.353176221043980831382214091718	7.896338480848053009708564786706
8.510077282434000522925998666324	14.169165781146377369736910623033
11.685470574574923219302036159206	6.775154711112445049536745500518
11.404372752467271112664093379863	6.675542901524471162133522739168
9.044287862855883375345911190379	9.878145131988411264956084778532
13.490789475738694136452977545559	10.875100422227898633309450815432
12.639182264732298222043027635664	9.155598655906564076190079504158
10.676171798070139828951141680591	10.957095022715504839538880332839
9.717878200716683068094425834715	8.955099121625028857351935585029
12.552887988451541190215721144341	5.313363677786186123341849452117
11.989783133134235271199941053055	8.508640018286401485170244995970
12.509245264024340116293387836777	9.718467680392388174936968425754
7.234073842766978401641608797945	9.588196239737202475339472584892
11.738659205580791677903107483871	5.421329663498679174438166228356
8.114654926285625791138045315165	9.282769154448700987813936080784
13.195831127037070729102197219618	8.916908640669650054633166291751
8.865999148959007314374503039289	7.988582663129622396525064687012
12.506127548786505343514363630675	10.748831322402079280209363787435
11.350928454682005508402653504163	11.195130225807304213958559557796
11.040356610017166616444228566252	11.623873302242561322827896219678
7.751320290383374000953153881710	11.104265077467111666464916197583
9.342469605819983868855160835665	11.679996934951152098847160232253
9.419047885464808089750476938207	9.660068866806090781551574764308
9.861899742918515343603758083191	8.436359724268744031405731220730
12.128358174948470349363560671918	9.752441422839252638254947669338
11.091968940025536127791383478325	12.648483254885171334080951055512
11.210382335427864219923321797978	6.758506316623554610600876912940
11.496890743530810752304205379914	11.307887901228015792298720043618
