75
11.968736950726091450292187801097	12.198570505080697401467659801710
10.490824529130611253435745311435	9.164456770440629895801976090297
4.875830737839746298334375751438	12.319832068572814876006304984912
11.350904246954057086327338765841	11.755150770739451360213934094645
12.289562589887204069327708566561	8.732384695934367613290305598639
9.520653257610872444161032035481	7.756050979831945468845333380159
8.724395974281472732059228292201	10.490128663187762825259596866090
9.039211351289990759028114553075	11.312153022472728025604737922549
11.778749500661753302210854599252	10.092422520090236659484617121052
9.581002345386350427247634797823	6.874542071584074598433744540671
6.658690768020528949477920832578	10.471572920328746647555817617103
8.381209104538555720864678733051	14.041386343564571603792501264252
7.089517942502431502305171306944	7.352905524397476355602520925459
8.588847808178165621484367875382	8.695650717433146326129644876346
11.882719797231548142235624254681	10.764745740804205098584134248085
10.228161023402590146247348457109	7.630914283225330940751973685110
10.945687930250556973987841047347	7.159760219352990340269116131822
10.564956803730060741486340702977	11.994644381486567752403971098829
11.773048225647501752177959133405	7.968916636718076595968796027591
12.029481961621145913454711262602	6.420822679499055496421533462126
13.433908792011280297629127744585	9.584083138858094486067784600891
11.531254124617907663719051925000	14.611698347596099978318306966685
10.964196799888881628248782362789	9.475641366489012895613086584490
8.050557325239489969703754468355	9.785687836551797857964629656635
11.869030892061051218888678704388	9.001481018747153228787283296697
7.840448615646698371506317926105	7.404864256356093576982857484836
9.436186342079196265331120230258	8.330795861770448951233447587583
11.601283975378278157108979939949	13.219294310310090168059105053544
10.327398101813798803050303831697	10.492123759346867473141173832119
8.886166264802071168560360092670	10.630068447547992960267038142774
9.310650432009330401683655509260	11.221583877142222718248376622796
10.894885547732574337942423881032	12.783033842460524098783025692683
12.054739164404185913781475392170	9.187457414814018008542007009964
10.760795014332670049839180137496	8.146326103490530101680633379146
10.881390399987612482846088823862	9.286484367577456211506614636164
10.801008996312447152376989834011	9.580478953241666317808267194778
10.084561260331620147212561278138	6.995551946673461252146353217540
10.054311370369774181199318263680	10.271631701755723042879253625870
13.243955271571527632090692350175	7.718024665568883335708960657939
6.249475656232069020745711895870	9.325939408593743706887835287489
11.747053934595403035245908540674	11.393396593367020486198271100875
11.162576192797843077642028219998	9.994701711175341785065029398538
10.313984766635122980460437247530	11.681639871199831048897976870649
10.091725884723812711740720260423	9.202740268792412692278048780281
7.492544002296295246878798934631	8.611798280744064726377473562025
6.720474361305729615878590266220	13.338570715159960400342242792249
10.959332402417553353757284639869	8.838657317497620624635601416230
5.801862568081451065893361374037	13.148269955384815688148592016660
8.469410077236553036073019029573	7.575968585665808774365359568037
8.063187140356701476662237837445	9.708102031037405765800940571353
10.673014829449424922813705052249	11.959103382444423502306563023012
7.136030329985641351697722711833	12.806166667684474091970514564309
7.298622878753077358737755275797	7.286402099106827456864721170859
12.543202677797404831494532118086	8.485973380565038581835324293934
14.403069947020188834585496806540	13.434872859206178574709156237077
7.695616208764146648491077939980	8.079217224087686943789776705671
8.013022653925004235020423948299	6.214584809590427028069825610146
11.135764947298348204185458598658	11.209312771696566812806850066409
10.517160618033411623173378757201	9.560116590833823480011233186815
10.668296077326720805444892903324	8.033344189576885341352863179054
8.447567047798203887509771448094	9.359538164632938972431475121994
9.859536399025106589988354244269	9.209521954424728207300177018624
9.707612246016022794492528191768	10.645313960405356823457623249851
7.925481422153806576602619315963	13.044161987447413508789395564236
10.335779527495237317680221167393	10.123711570065514919747329258826
12.646186336988540332981756364461	11.133484542303353492798123625107
9.697332570010132712923223152757	9.443365556947053818248605239205
11.601918004798372763275438046549	7.152920841436014143255306407809
8.077660511732499770687354612164	11.302371461378696082533679145854
10.644655271665280693582644744311	13.929615728409546093757853668649
9.479594353067145817703931243159	12.459381232262387584341922774911
8.315521166862923863050127692986	10.167771320313100602561462437734
8.487845504718452005477047350723	8.397200166274679133948666276410
9.942795305613309153613954549655	12.272941087951997118921099172439
9.304152857231519746505910006817	9.977563819861595462157310976181
8.563954812897890178646775893867	6.616649629761004902661625237670
6.763802703425092488487280206755	8.491704395662488025209313491359
8.992234789571915243300281872507	14.111771552877559798844231409021
10.338438655189678527790420048404	12.761552554602445752607309259474
8.119574295403214847510753315873	11.764430911382502742412725638133
9.448987763782911386556406796444	8.559855180425785192710463888943
14.103790899160134841849867370911	8.154488003417348807033704360947
8.606446336854649103997871861793	10.548079280182587780245739850216
5.807605050187144790641013969434	8.860054195413198385722353123128
10.885232060542083587506567710079	9.496120277165593037693724909332
9.684364604355755190567833778914	12.301199267956341998342395527288
11.432617120410759170567871478852	10.319521070106034699165320489556
10.717696439917741457747979438864	9.110339100791122746159089729190
9.859486551764335970915453799535	11.816913913643874778358622279484
10.406419009686093346545021631755	8.335459748253263967399107059464
9.892242234858045435430540237576	8.546641489206836084235874295700
6.564795933365206614951148367254	13.059202451601922945201295078732
9.168792102144767142135606263764	8.323864496888829123122377495747
8.757589538349551006035653699655	10.709698342317208741292233753484
9.628599116712029726272703555878	9.002480365069933654353917518165
11.540866243989380990342397126369	8.810337947652991275049316755030
12.172299953189472887515876209363	9.945020913759551106636536133010
12.436537155774681551179128291551	9.364004040823200369914047769271
11.094227976595508522450472810306	9.862836521596161531988400383852
8.183191102313513098920338961761	11.573290095583178782590039190836
8.435323309412874337454013584647	14.865159584176508289488083391916
10.789702980604275239784328732640	8.153297767420475850030925357714
11.139162944641139318946443381719	11.130483307960252759016839263495
9.858015896428712565580099180806	9.968959158481725424394426227082
8.814131882502683978941604436841	8.245843449801087743367133953143
9.250561322184029933168858406134	9.444550615420343575578954187222
9.896382868440877444982106680982	10.749575455008415048041570116766
8.537258111822698225523708970286	9.607685607329612409444052900653
12.065185873670689176151427091099	11.555129116243817222198231320363
6.696550029790548919095272140112	9.886100021396956094577035401016
10.479810691249596743546135257930	11.631575636113412386407617304940
3.530477173040448946039759903215	13.001488824628914642289601033553
11.102919258693365378576345392503	9.951302752299543641356649459340
10.910162814092789318465293035842	11.910374856007214461328658217099
10.850170824720848372635373380035	9.432375279719622085394803434610
7.004826554406132999019973794930	11.744886337735731984821541118436
8.126625002659677576843932911288	7.752054932713004831157377338968
7.830633935561359670884939987445	9.760893893532918141886511875782
10.816120920556912210486188996583	10.713046534979252299990548635833
12.166912324397655353891423146706	8.938490814282513241550987004302
6.634152995392769369686902791727	8.367827696192970066135785600636
10.013097755823180179390874400269	10.796167067317698595729780208785
9.815701371663861252159222203773	10.937403004243032356157527829055
9.696820042284869600734964478761	8.573626964665352900851758022327
8.952121289811168836081378685776	9.964794605917788317128724884242
9.395927162117020614573448256124	9.443527105346772643201802566182
8.903671182267775208174498402514	8.026797656972613381753944850061
11.146714653305560105422955530230	7.535653382963564794749800057616
8.595150922927766501402402354870	4.706303878953489672198884363752
7.827133251300220528889894922031	9.817738164480331874983676243573
8.643621790618070122036442626268	13.070026818340467755774625402410
10.748937579877646086856657348108	7.812961583359617989685830252711
10.632679836401310424776056606788	11.153092429426878950948776036967
8.751731144561800235237569722813	12.727072720188420618114832905121
13.486605030981706931925145909190	8.556910269735016782988168415613
10.774927371526846542337807477452	9.319397196254758597433465183713
8.014462467208012697028607362881	11.728230098807475911826259107329
12.174446792846140397159615531564	8.363405136864910716099075216334
11.991918516728400589954617316835	9.639312386867000981283126748167
10.725737714089513374915441090707	10.301041593546155894500770955347
8.013713171679205160558012721594	10.435058034151637684772140346467
10.132199547152168861430254764855	14.387314621679713866342353867367
10.570264587861291971648824983276	9.618915119906638722113711992279
10.824063311213734550619847141206	8.270928685439226768494336283766
11.653601428788880056686139141675	10.717800269031187099244561977684
10.026536216339264839803036011290	8.634342634667097726719475758728
8.264272894635499966398128890432	7.708862599465650333740995847620
8.948178944191340633551590144634	8.959427522840424984451601631008
7.559462984111464223246912297327	9.231883720508315960273648670409
7.028346850370080112213599932147	10.800148651500020235971533111297
7.569423099583872271978179924190	10.661877371626488297806645277888
9.761958964422033702135195198935	12.198664691718635211259424977470
9.867836966149932109715336991940	8.245899364538619380482487031259
9.262532186941674794411483162548	7.575068406840264501056481094565
8.497783796721304128141127876006	11.094127505660376087348595319781
7.950028205348768750582166831009	11.015460415980708575034441309981
8.799649066258391272299377305899	11.385693637907223774163867346942
9.317378762204910458422091323882	8.511301423847061897731691715308
11.245055173199085984947487304453	12.453583005035259390069768414833
11.616374492226572812114682164975	9.276578661323911845215661742259
10.859331811109909082802005286794	9.663107764581374325985052564647
8.576915403365990897555093397386	10.922273522614320384604980063159
10.769040989362949289898097049445	7.964922214483456386346915678587
11.425528670219264881779963616282	15.911717245465155201600282453001
11.154487978810145420993649167940	8.474681759422571403206347895321
11.423069494429823222958475525957	10.314611391377361826471314998344
7.462452007762318650918587081833	10.356716157053451610181582509540
7.445942050953398450019449228421	13.466112512764180308977302047424
9.129118228467342888166058401112	10.224721652923989267947035841644
8.380253901008524408666744420771	9.121206416115665405186518910341
7.196331373425808308752493758220	12.459083723466228832421620609239
11.034619071275770352258405182511	8.356236400348384663061551691499
11.232785193761847253313135297503	11.970872443866198864270700141788
10.992676287643748267441878851969	12.190560440354508031646219023969
8.687803290498537833741465874482	5.625885368728209989797051093774
12.582230482880074617924037738703	6.402826484937577333766967058182
11.140668147501049389802574296482	10.210450137440119533493998460472
10.622299748377299621893143921625	9.261362550247508096390447462909
10.252375867187508262645678769331	11.913193135904048602924376609735
11.248864309515465009781109984033	9.122603559624296920560482249130
11.340305639341375254502963798586	8.327619184442061950335300934967
8.306918015761157292331517965067	10.501323585719065434318508778233
10.865846848337502805748044920620	7.967229156853652405345656006830
11.974839976990169887471893162001	12.424232780367315598368804785423
14.077683752351735080310390912928	8.417176299831469421519614115823
8.455206678622076310603006277233	6.159181902684053078189663210651
10.113533110681512283690608455800	9.951147561538920882640013587661
11.955212563209036247258154617157	10.591851644484330918771775031928
10.961671087206287467097354237922	10.381237756778141090308054117486
12.629398997898849899002016172744	7.969456649782745927268479135819
11.177686270662222867144919291604	10.246665719857313447960223129485
9.387677176662577949173282831907	9.920697772794461855028202990070
10.258496215805653406505371094681	11.056086311060621341084697633050
13.486299216209150841905284323730	9.234430515152162399772350909188
10.719299270372104615489661227912	8.907266185697444882407580735162
12.871079799276655464268515061121	5.687272357136175848779657826526
12.016433449464946292550848738756	7.678316984495693553469664038857
12.363785053611154651775905222166	8.556516390813163397410789912101
10.756050930393607600876748620067	5.636649900900575715922968811356
7.632779242631900551430135237752	11.047920292074506321000626485329
9.345986933579009559025507769547	10.453014935570978494183691509534
11.265693463884900893390295095742	10.656120308004359387155091098975
8.340936417645721689950732979923	9.021326232367325559380333288573
12.281825816304863252526047290303	8.878910380176712635602598311380
6.490138270524932195826295355801	9.529446343809683028780455060769
6.582849647678647997395273705479	10.866916412636895117316271353047
8.665623288709765503767812333535	8.797791895388778371511762088630
8.517442473819045289928908459842	7.918389102059691708745958749205
11.411780810652013329331566637848	8.810165810001143071872320433613
9.267545249518349237405345775187	6.197636941967743950954172760248
8.949184992038546226922335335985	7.191768782278457727841214364162
10.798724012714265185763906629290	10.626277766076626107860647607595
9.955095895610304168599213880952	9.571577868901929520006888196804
9.979377413000134922071993059944	12.058947324697442127217072993517
8.516078097275988412206970679108	8.678635527590831344468824681826
8.311045237845165800649738230277	6.973620248991118764081420522416
11.426969639108143894645763793960	9.974431201474649455462895275559
11.109917635859194007252881419845	10.965449115830717019548501411919
10.022532948766453841926704626530	10.321115044105813041142027941532
7.365379162029160653446524520405	10.474444496723565478646378323901
9.820742127537608112675115989987	12.089364768088650237132242182270
7.135986702490275668253616458969	7.625220183437383170144130417611
12.228155313678188420567494176794	7.313969631364630963332729152171
9.996651751605728719596299924888	10.110895045922992707687626534607
8.881512207251420321085788600612	10.179262519378442064521550491918
13.005549768446220681994418555405	10.818480809506098694328102283180
11.856780307955212094839225756004	10.890661698700922599414298019838
9.548611558236274277078337036073	8.829532282042279689449060242623
12.268794091676067381513348664157	12.534035991445124480492268048692
5.353478540145363062663363962201	7.788439954071336046581564005464
10.261432696306654221984899777453	9.742709670335573335364642844070
7.271688725642231787560376687907	10.188643497794661385569270350970
12.275918608597807590854245063383	10.951729248410829953286338422913
7.911282016101105263317094795639	10.689564193914318224187809391879
9.308717872079501631787934456952	11.475455123043184713083064707462
12.023649911667078526988916564733	10.476440959890140902643906883895
9.734497198674654683259177545551	6.401321351642330625963950296864
12.652160194195557707530497282278	10.406942555743032841064632521011
9.836687552999761052774374547880	8.886979453334939549336013442371
9.483863122898778641456374316476	11.881642674987322294555269763805
6.834716023291314002108265412971	4.817288758179594232444742374355
11.943371015987839456329311360605	13.410974535465724599703207786661
10.896400056033796133192481647711	10.380635725725072759928480081726
7.314373175624126588445506058633	7.803021737235638966012629680336
8.530951427169455314469814766198	8.361309634053080586113537719939
13.285270525643090522294187394436	13.200419342743145989516051486135
10.341836037725018471178373147268	7.794966795637590095680025115144
13.512514644241232275589936762117	12.639463243313073803619772661477
11.387081219135311016543710138649	8.482561271075407915986943407916
10.737846530300686254122410900891	14.752743737345333840949024306610
9.982220476439719547556705947500	7.152934338775287059775109810289
9.958361290834906398572456964757	8.979634336459431764865257719066
9.511700654095269769072729104664	7.949224182143483474760614626575
12.195709183263190311663493048400	12.201097355958784973495312442537
12.005143407866528448835197195876	11.008884351741810903035911906045
11.580645951948087102323370345403	9.819259279738320245201066427398
8.331440605520576525577780557796	11.165641441442616610402183141559
7.116221991068929497714634635486	13.518393126269462101163298939355
11.136814204668777250617495155893	12.649841156566171918029795051552
10.707935181891139464482876064721	7.153186416628077637369642616250
11.342050993259697122539364499971	8.367618107093720780653711699415
10.241794528502484951104634092189	7.334288202607908147001580800861
9.191247086049074255242885556072	12.512652892982520924647360516246
9.360809270760027445135165180545	10.321182468743165472346845490392
11.458756113072134041885874466971	12.303841996617203236041859781835
10.090905426904237529583951982204	11.809559814542110345314540609252
13.895529840899850881896782084368	6.496709219865653750503042829223
9.590228661769197415765120240394	12.961313232176166820863727480173
8.408947225014037130108590645250	10.936379503899926746157689194661
12.355545229444750532366015249863	9.792477263760384076363152416889
11.498743295883841142313031014055	9.010706314049581777680941740982
11.240358617052736533992174372543	11.114476838329883534584041626658
9.438836161573233241028901829850	11.534282367520516388026408094447
8.953420625992293935269117355347	12.029895437553996373480913462117
6.217842335916990315070052020019	8.443961334294744602857463178225
