75
11.416166231828864141562007716857	9.089098594473814074490292114206
10.338259443332940890059035154991	10.898421601656430368620931403711
11.872121927794868412320283823647	9.610291945598314455878607986961
11.786108436901582052769299480133	7.744449675223089357700700929854
7.782664436957920983672920556273	5.473309161100678998934654373443
9.010222954138725981465540826321	8.620223668254144655520576634444
9.905238618539828010511882894207	8.392391125143319641210837289691
11.180011802963530698207250679843	8.332619707306623269005285692401
9.231658458720698234856172348373	9.574961902170421979008096968755
7.287402907968081322565012669656	5.868652997230926260385786008555
10.005967530206611115772830089554	10.093933087194892905813503602985
10.240872502015959000232214748394	11.194276298618577314414324064273
9.637640704979117955986112065148	12.685703801797714618260215502232
3.717601918382918313454865710810	9.879776956246113073234482726548
9.460848035662351662722358014435	6.580521699881453301372857822571
5.656127941074051257430710393237	8.037952598471516552081084228121
8.793469659970448049080005148426	10.103513533031852844601417018566
8.935668748319999465934415638912	11.150614371450373596417193766683
13.518699871722336780521800392307	12.564264385059562556534729083069
11.069943508551226329927885672078	10.101734508327091077717341249809
10.550108210810225983777854708023	11.054241055595941389810832333751
9.986027337752911847701398073696	10.204615483805374864800796785858
11.031932517462761822457650850993	11.709760808051386860029197123367
11.600921542975422440235888643656	11.386761369552719003195306868292
11.496720407824403409335900505539	7.232377197824524373004351218697
8.196029665977459188752618501894	10.243444869478784298166829103138
6.226985137765126410158700309694	10.515763742787138212975150963757
12.016871628316147635473498667125	7.853072726786431090317819325719
8.250347503294548801022756379098	8.686359847735634076570931938477
9.813300109574537799517202074639	10.130438148598349457074618840124
7.701962029009420618308467965107	10.684665756468417541213966615032
10.461880280861640457601424714085	8.360501438309812627380779304076
11.193365049555570323036590707488	8.155367501957158538061776198447
7.439689641719853696599784598220	10.221494153698259310658613685519
7.937490421302371146339282859117	5.987610721523395795884425751865
11.230117272546856099779688520357	8.669830711023678304627537727356
8.251420724124864491955122502986	10.884054445283418033341149566695
7.519884666046131371786032104865	10.819231470029173181046644458547
10.349552501908112489559243840631	8.418495803281700773368356749415
13.308138401877043222043539572041	9.354069240756302860972937196493
10.883664821878598516491365444381	11.298042616434937457370324409567
16.286496699131223664380740956403	10.925861228669377922528838098515
9.952572263533749463704225490801	12.570379440197218201547002536245
12.348381824977089138428709702566	9.438018457967203289626922924072
14.342804464383767992785578826442	8.562762087091428497842571232468
11.573220235197519301095780974720	7.047586845788748277641388995107
6.735592091645889567530502972659	6.986358469911738033886194898514
9.209923983233654354307873290963	8.895466605721383146487823978532
10.861900010137025773815366846975	10.938846933886029688665075809695
9.828373872919835108064035011921	11.670163075279916142790170852095
5.477456436932925498695112764835	12.090680116438804247991356533021
10.186711042838188845394142845180	11.734120927308808290945307817310
5.704063516856322735293360892683	11.546910079346334399019724514801
11.876938420445524613455745566171	8.547843567793528052334295352921
9.180305068851989602762841968797	11.122299294887248777286004042253
11.154229204443069534136157017201	10.725543301618612801462404604536
11.670598353206337094434275059029	6.259379832606917659632017603144
9.903675700013531368881558591966	9.014096111208424133565131342039
10.456877563840267342243350867648	11.147211288277187435369341983460
8.769677603055294312639489362482	8.812307730165226615781648433767
10.377132899093467699458415154368	14.693430822709480310095386812463
9.600843967823697866492693719920	16.177863515904515878673919360153
13.118571402587877017253958911169	7.604455929955600268499438243452
10.476567400401588514569084509276	12.159107175404781031602396978997
10.306112541524427683725662063807	8.361383708213697474320724722929
9.526872360423702446041716029868	10.305084900338583153711624618154
8.976069328256347290562189300545	14.140597558641134767754010681529
11.796225680682695724499353673309	12.158356249635311030488082906231
6.167015982275006358293012453942	7.314006056926928955874700477580
8.801163884627747791000729193911	9.712726563731584050742640101817
7.779447492411605935558327473700	10.364353178697966129107044253033
9.918600645074343802320981922094	10.491056155177505004871818528045
11.408083375473591303261855500750	11.117605888581907791490266390610
10.511891253276040458786155795678	7.795167335847009049132338986965
6.568959534751417805864548427053	11.430005435814642567038390552625
12.603425108853972602673820802011	11.801942278011823717065453820396
10.913702389662914171708507637959	9.838870153566022125346535176504
9.861920451778175333856779616326	7.167256342481882924744240881409
7.357244561651611114427851134678	8.861421266654497586046090873424
8.761403343625890016710400232114	9.547137123083867749073760933243
11.146545192668114054868055973202	10.285142530604510113789729075506
6.661173016884172959350962628378	11.310833184216836144742046599276
13.336136517896290953899551823270	9.173718182954116784344478219282
10.978028271468394549970071238931	9.054602202969238788909933646210
12.368876823017551203065522713587	13.597230978176344962093935464509
10.372097236162963085348565073218	11.143793282697199487074612989090
13.669358114635567602590526803397	8.841169955191725549070724810008
11.104586012709356523942005878780	10.914678090858958015019197773654
7.870969536544326849991648487048	10.874952257724897819457510195207
10.535107947279179541055782465264	8.787992787657390891808972810395
8.818487471846685465948212367948	10.027391282567563735028670635074
7.770567875935824986299849115312	9.611208681071614634561228740495
12.873043138027524534550138923805	10.458252011861700836448108020704
9.074799415708316274731259909458	11.564031764807529256700036057737
11.603730974517961982428460032679	8.152320490345065451265327283181
8.962202779452592693587575922720	10.212361678022375599539373070002
9.218415698076306341590679949149	7.439269103246655134853426716290
9.452217194042006553900137078017	12.086185639048625972691297647543
10.429606476900774580940378655214	9.630117413074161802910566620994
8.245961009749693815251703199465	10.457562475815510794063811772503
8.712187158926177232842746889219	10.751047569422713223730170284398
10.871400163557781937129220750649	9.879344408165884772188292117789
10.582789232859937555986107327044	9.736135993712856873116834321991
6.883514981457428127953335206257	9.266568861530483758315313025378
9.628995676431852501764296903275	11.048271697061755602931043540593
9.593467396705545269242065842263	12.360098735573178174718123045750
14.624991458175443881373212207109	8.290899729135349005559874058235
9.857483080599875435723333794158	12.544771043716021807767901918851
11.185867092193980454339907737449	7.921556395655773741282246191986
10.115143555348328874288199585862	12.977355585353578248941630590707
8.491689591557658900455862749368	12.543131193965384895250281260815
9.451634390262372065194540482480	11.562565285051864094612028566189
6.690990913187794930649943125900	5.947892177291142168371607112931
10.377645622814803516575921094045	10.050307183734132010499706666451
10.074855618518746780409856000915	11.983892626462983699298092687968
11.837176748745921628369615064003	8.125356740262921206863211409654
9.892972550129361053450338658877	10.463582148705272700794921547640
6.694747601008526061150405439548	8.804876535325483644101041136310
11.965696164954339408836858638097	9.566133709186296130155824357644
13.408732571442644854187165037729	10.026911169169123283495537179988
9.176749753006538057320540247019	7.534479451798581806087895529345
11.155652759789848715854532201774	10.725965282039878090358797635417
5.479864695493830595296458341181	9.831774667927025035396582097746
9.723889211444214808466313115787	12.509682364590746672661225602496
12.744730096422820508905715541914	7.079198309047320947229309240356
10.958120227059096052357745065819	11.837684099821325744983369077090
8.899345505608897255456213315483	12.983143784917842822324018925428
9.669554407723035538424483092967	9.883123917728912743996261269785
11.805442810578727019787947938312	8.890382912463612896658560202923
9.905992952905183557277268846519	11.631994951008026717431675933767
14.842166450141846212318341713399	11.318380901559068618666969996411
11.993182807722046590015452238731	7.130887944776295839233171136584
6.915336916292738500544601265574	13.603687033858673061104127555154
10.663460177791970195926296582911	9.484330731450954843353429168928
11.312964538406850678597947990056	11.734800393607306645549215318169
8.693673389658682637559650174808	12.235125165840930350213966448791
7.046029190099696748461610695813	9.885083955162613733591570053250
10.733470897475401173437603574712	11.504954067547597418297300464474
7.680578758004701356298937753309	8.599562488378694524726597592235
12.473735216406421244528246461414	10.929161481020846835576776356902
8.832482728801165805521122820210	9.416720361340024325613740074914
9.435543692294647399876339477487	9.548439073421054246182393399067
9.395961694860298862863601243589	10.598520799613471154998478596099
11.710687062247131962067214772105	9.704697561695383001278969459236
7.857963533252197763090407534037	14.634841229532565165527557837777
10.390740547281779981858562678099	6.583501887254076478939168737270
11.902517036082933543639228446409	9.317635932994619452074402943254
6.877658621562661167558871966321	11.044768062800448760185645369347
9.510600655827516902718343771994	9.698315719905485465801575628575
10.338852523923614867840115039144	11.142324802911049985709723841865
9.041628134263005378556954383384	7.614696589222470279878507426474
8.833492008809866291585422004573	10.469279360433977998923182894941
9.676150399541096902567005599849	11.660365581714595251128230302129
13.254233494886539901358446513768	6.200359424159923804609206854366
13.029787184010112710552675707731	6.719107885602968011085067701060
10.748017690786385358592269767541	8.542209293977341744152909086552
11.986451445787441372203829814680	13.276274090863825705355338868685
11.598416633613206627728686726186	5.662546821694625975851522525772
7.537561992698469381934955890756	6.104595923036344906620342953829
8.844924692145861300218712131027	10.989053645986594176520156906918
10.327809748995250060943362768739	11.406414087011389923986826033797
9.661637654152285037412184465211	11.656978084670592821225909574423
8.138814204113984374089341145009	8.454876312736033128203416708857
8.557190046125082716343968058936	8.670342099506701316613543895073
11.814219563083097952471689495724	7.004159359521905159340349200647
12.668716048144409214160077681299	8.991480700959272098771180026233
11.598758754671957049708908016328	13.065435247244224115092947613448
8.422677465426421150596070219763	8.597826000925920197914820164442
10.970852020955279115810299117584	11.871776462707998689438682049513
10.698913536712144178864036803134	11.909052395612002683833452465478
10.635836723496622013840351428371	10.676164498358327037408344040159
12.988801319662304223356841248460	10.612749768692561147531705501024
9.997651428258766515000388608314	8.179306417293553010949835879728
10.123797835569435576985597435851	9.849427195903796672382668475620
9.615374118699493877215900283772	5.325695646238650660109215095872
11.335106606472177048772209673189	9.877340544970270030944448080845
11.682416403080043920681418967433	8.530213342730457171114721859340
9.988521278013461568434649962001	9.453238232676993035852319735568
9.729171194384786502951101283543	9.806230264875933855250877968501
7.235010996132793081869749585167	8.120028268134685589529908611439
8.969396953077254153186004259624	9.229578197236444125906018598471
10.602388399307118405090477608610	12.259704257506133018296168302186
6.002505171485628565619663277175	9.329698884368665900979067373555
13.344533295552693630270368885249	10.401875942339891878418711712584
10.272817995246841249468161549885	7.983096762689192438244845106965
8.478469849734759478110390773509	9.376881737530956328896536433604
10.068370991704414407763579220045	14.312571031890939821096253581345
7.075889817206950205275006737793	10.997573398548251333295411313884
6.956420282079047723300391226076	9.173475976553316257877668249421
8.199974974370716651606016966980	8.611730337558832104605244239792
8.073715236051887345070099399891	10.903652757675059703501574404072
9.357523448001392907258377817925	8.312461648507778022576530929655
8.613050511331012515370275650639	11.131133293600194988925977668259
5.590139567192980329934925975977	5.722514231926233208014309639111
9.325173745983898143663282098714	7.302578205782253029099138075253
12.175181992986601642314781202003	9.873024978464028933444751601201
9.053859276798853272794076474383	9.909761244093850507397291949019
10.782889921745224981464161828626	8.188955894528016088429467345122
10.653856019334346783011824300047	10.479321587357597778122908493970
4.640523566423381041090578946751	8.426218287119350947023121989332
11.162220147546209503275349561591	10.676455066863928422549179231282
8.028775249043393458237005688716	14.657987768329693523128298693337
9.770987579688460655802373366896	8.142646941709680064036547264550
12.871398901652970181430646334775	9.653180419588665017727180384099
6.635207815838233713634508603718	11.534185257770934285304065269884
11.270798727258423355124250520021	7.957324046343252632595977047458
11.960489848678438562501469277777	9.993378796314232204167637974024
10.459205976802104842704466136638	9.416487910329134791709293494932
10.027380193209996406267237034626	11.208929895600753923190495697781
8.137116811056172238636463589501	12.107849956862228424370186985470
12.079096044531960174595042190049	9.109582725053886775867795222439
5.771769346734077821281516662566	11.071391851942561146415755501948
10.873061676941967235165975580458	10.199662741657139264361831010319
13.929799222930512314633233472705	10.129047130497525586179108358920
10.980686838413690864513228007127	5.482785508126785778415523964213
10.043731191677965242092795961071	7.607993823782243758557797264075
13.752553689034593631390634982381	10.694345920348657941190140263643
8.902569719358234934247775527183	10.175486415332727574423188343644
10.813419114328203463060162903275	10.296662939946505943566990026738
10.111624270660128033227920241188	12.890084078848685678053698211443
10.267267322111408134333032649010	12.355912585967335104442099691369
9.345323899334916362136027601082	11.004779789735538386707958125044
9.798019453947816259642422664911	12.826048435215595233671592723113
9.523553097686516366593423299491	10.621189986984749253906556987204
11.850911361672489263696661510039	9.749492491448970454825939668808
11.045075905874918831273134856019	9.080176162305203746427650912665
4.952408274404436205884394439636	14.128337091886599807821767171845
8.534809165029416888614832714666	11.889533418990884783283945580479
7.210032342797942916945430624764	10.412303015474966727538230770733
4.610874179879667522641284449492	12.045077383941027449054672615603
10.674174399602243568097037496045	11.532934066937471584424201864749
9.149440762729042830869730096310	11.126091403153294479011492512655
12.946156766065954002442595083266	9.921366782337708301042766834144
12.007219295399440994742690236308	7.662959391834313294111780123785
11.710943767053487718499127367977	11.752852581523365316229501331691
12.489499247346307342354521097150	8.847585739794807224711803428363
8.638119087215420321967940253671	11.788053572346292696693126345053
10.780577027950526414201704028528	12.045696775578676351869944483042
9.928584068608353518925468961243	6.987403677054386363920457370114
8.584917192311126044046432070900	12.370485380007648856803825765382
7.858595510089110725004957203055	12.368087269727416455111779214349
10.322502731507118056697436259128	8.727093891047916329739564389456
9.361647019442688844037547823973	10.476917051718032780627254396677
10.126658375685039459312974940985	9.255688587019234248032262257766
10.140023459480445922054059337825	8.159773355081091139595628192183
8.440147088230524730079196160659	8.837127198530758676042751176283
10.899784435849085184599971398711	11.596778177926232444860943360254
10.452580573437447952755974256434	9.247233318070497531948603864294
6.844711019649958316790616663639	8.595355784974135104903325554915
8.886407508001953559073626820464	12.211333244356064042790421808604
8.339501746126870784792117774487	9.026584319809630940767419815529
8.334524767208684181696298765019	9.798397375573806300508294953033
9.977791094058199306005008111242	9.618384546133237122944592556451
10.296726446056579717946988239419	10.021968025597280060878802032676
12.667486222086125735586392693222	9.141890979779438097807542362716
6.952619155504884851382030319655	12.579996781734045896428142441437
10.843322798802153883457322081085	6.999127468195536216910568327876
8.196517921936429473817042890005	9.596117572627441916210955241695
10.182026000394632347934020799585	11.002703089322226404078719497193
10.217205154063430327937567199115	9.724880378704614969365138676949
9.867328516531641113829209643882	11.115579262064583687674712564331
9.778419161899993383713081129827	10.600449652734708294588017452043
9.619528415495803841395172639750	7.279588239439722663348675268935
6.719053436637701715028470061952	7.111930816603003080444977968000
10.015747183411750853565536090173	13.534700514949388860941326129250
8.205685053933324368813373439480	8.158852723789784988639439688995
10.891657927095234725811678799801	12.370409201580613967053068336099
13.028692764613834853548723913264	10.296587263696499903176118095871
12.149895708696988094743574038148	4.836140399489799790444521931931
12.187949365469524565241954405792	12.628552209148743656896840548143
12.844780161231225790174903522711	11.768199441672830829475060454570
10.752952984193987262528935389128	8.072128945141503919558090274222
9.030282055044501987595140235499	8.049851807573192630229641508777
8.786407873345893904115655459464	10.229739601793381709171626425814
7.988946514013710142876334430184	9.869432179712564590090551064350
