75
13.408046256339321899986316566356	7.956431009607407567330028541619
10.745790114719511620933189988136	14.742647031077702024504105793312
14.564112544285414685418800218031	5.639908105522544623511294048512
0.720737994156117833810526462912	2.997637855206448875833302736282
13.405199102243916087218167376705	9.361279228912030347942163643893
11.097175760764308449779491638765	17.058840074210348092265121522360
12.199805274591490444890951039270	1.740435727252952036181454786856
11.585599912805628619594244810287	14.051088103017418617923794954550
19.108435804155639914370112819597	8.275350719607502014696365222335
14.360511381705668654262808558997	18.316243915879908854549285024405
9.904768560336746574535027320962	14.070917515142475906486652093008
8.181613419842300061191053828225	9.141166661165742723937910341192
8.462861015909018291836218850221	19.924923698215920353504770901054
4.245171804829452888441210234305	6.293500072585497484567440551473
2.659368160839092887215429072967	6.080758406782345915075893572066
11.714371066189931624990094860550	14.090798468676707599911424040329
12.925212607090713845536811277270	11.915947623723560866437765071169
13.305019991905371767870747135021	9.618728567738417112309434742201
5.777348543411600090280444419477	3.993583958137885581152204395039
10.436709818610465205779291864019	9.712128586560710985509103920776
8.397297461169561216820511617698	18.285979808492797360486292745918
2.597494916027047739959243699559	4.582482219740611206759695051005
14.326941714136955496883274463471	5.875862950897109193704181961948
10.680466106227402889317090739496	6.502400279136774763344419625355
15.459893665216204894363727362361	3.581621501326438306023192126304
13.163653182532293328677042154595	16.344755541192615311274494160898
5.454035737767662261887835484231	8.198456301156674896901677129790
9.330349374060704192856974259485	11.226378459849399860104313120246
12.083011987965306843761936761439	4.710099702715679903519685467472
6.489171149406562477679472067393	2.750496477489293489782085089246
3.260809722506284646925678316620	7.501081004643961769318138976814
4.406289930155608658424171153456	2.220170656266653441690550607746
3.385392863458243084551213541999	16.272801061114218867942327051423
5.146443518902817260141091537662	4.466504429053944846828017034568
4.599377596117426136856920493301	5.229688673323885872434857446933
13.490798391673864742301702790428	14.826760752676758414736468694173
7.335523901268896196370405959897	16.025249016510308308625099016353
8.494911070176707212908695510123	14.130698092330078452505404129624
9.814783861297927458622325502802	18.936490006249709239227740908973
3.613150383873723558991741811042	9.777975260950862335107558465097
19.598884583260907987778409733437	8.560971582786489619820713414811
15.919504723106150834155414486304	5.888182527397376020417141262442
12.719256131194676129325671354309	7.536849697476040610411018860759
11.782365297133715387190022738650	8.334540941269898084442502295133
3.127078287306690462798997032223	15.872109491368705747049716592301
3.802601332770456643572742905235	0.714545156705802542163041835011
2.239022101935897346436377119971	4.634355330047226217971001460683
13.876056757544459330233621585649	14.689485355818858280940730764996
14.455524195181375546326307812706	14.324043350991528811277930799406
2.886728876756482264909209334292	5.582234415619841350064689322608
13.179260620636920720016860286705	15.160670047571317198276119597722
9.282712044363538694824455888011	5.393530276124995026520991814323
15.241911863479510103047687152866	16.604766004941165391528556938283
16.533249844568043585013583651744	12.359109913095011279438040219247
1.163236877439130179112680707476	9.687177973105397299491414742079
3.508286251276580891556022834266	5.065220549194870081066710554296
14.154090883970491532295454817358	12.728906375240976345253329782281
18.503086919389886588760418817401	8.909147676813180538601955049671
7.229759495801902247080761299003	10.583578014865555161350130219944
12.347212456106106515107967425138	15.517906451086078689627356652636
6.878102469742576552391710720258	10.487143925002841982063728210051
12.326430792109652756494142522570	8.876982918870840677527667139657
5.390685100554285291707401484018	7.474583330885335108462186326506
11.358117452914729739177346345969	8.791722913963250007896021998022
6.346072727116277789605192083400	7.103447506385334619949389889371
6.394216880969678662438582250616	10.557447855094972410938680695836
3.851859869540649405905696767149	7.320609070354967329308237822261
12.053959282018501752986594510730	8.442973767433224807632541342173
11.826351202003964502296184946317	14.034890468076666181218570272904
9.938944539139926703796845686156	10.825360468698864480074917082675
8.541929313949916391379701963160	9.364925931068754039188206661493
7.121232554282005189350002183346	16.997413154496914700075649307109
6.992401833367155816745253105182	10.538721871386691475436236942187
15.573906905639869791002638521604	15.033700777345371690785214013886
7.640897661843231603029380494263	11.464587305615632217836719064508
11.121017509616972773756060632877	12.851847339451813567734461685177
13.510994317455210733669446199201	0.065756312274381167881642795692
16.508258395044041577648386009969	7.791736452314654393092041573254
0.982508129663241636109205501270	8.996340656216800013567080895882
13.122425525797217105150593852159	18.177225184122221435245592147112
11.112332995734440999058278976008	6.996078338766154480765635526041
10.838250609011158331895785522647	2.729827407826146856706373000634
8.100950122422380772491123934742	13.730051963972252693224618269596
13.095444235436183078036265214905	17.793900731670273529516634880565
6.470235423019949472234202403342	13.330024316835761055699549615383
6.969392265771494621162673865911	11.959015857372277125136861286592
11.949642494059334651979042973835	6.201503534429964936691703769611
11.402546014444167710166766482871	2.926801064344024094765472909785
15.666763022102474067764887877274	7.943621264792098735085801308742
5.433777958803936769527354044840	12.308718684005249599522358039394
6.318675935027077805727913073497	11.863305295381447734825997031294
7.129818831766553621775983629050	8.440939602062519142577912134584
4.839436035650465761648320039967	8.877939946843113716568041127175
2.460190393897198735118081458495	18.270417753515868497515839408152
19.515795724420264889431564370170	12.028230667382580065805086633191
12.487224335484812698382484086324	18.371557611340222138096578419209
5.246934641390383013970222236821	10.407797033389957874760511913337
14.918766900200782998808790580370	5.097577208549399330195228685625
5.205450605716674949974276387366	8.153234373757534569904237287119
8.925295920218912826271662197541	5.956313815104516962151137704495
18.985051963583654099920750013553	7.835045050423145696072424470913
4.737202153637134927066654199734	11.525173285440747150687457178719
4.618541541183717846763556735823	2.524929619614108666780794010265
8.325445439479343789912491047289	4.682038597918121602958763105562
13.427732869998555642609971982893	6.728784882984291115803898719605
10.759996147162475210734555730596	8.509114761552577732572899549268
18.815597752091214545089314924553	14.579668471122527506622645887546
5.560791802427382357620899711037	11.828408422949816980462856008671
3.640467807663791965921973314835	19.461786555215805805119089200161
13.130479845471157318570476491004	10.060220430484205778043360623997
7.436195000234364194113823032239	6.007498547905629315835085435538
14.820418139675103574859349464532	1.809727124317394020280858057959
18.035876580463810370247301761992	0.690668801792879261114421751699
14.752787659714725165827076125424	16.859086952801693115588932414539
4.416027891359901147438904445153	13.000466143392868545447527139913
0.463120361328830831837422010722	12.678772450723048592635677778162
17.461423377504655007896872120909	10.683747487163694600553753843997
14.320336927814294014638107910287	18.048058944751954157936779665761
3.898732570371550298915508392383	7.283323506835331251352272374788
4.542707286938801658493503055070	16.100925430001581162287038750947
7.147565077480307671464743179968	6.373719503114801732124305999605
15.374382759403971476785955019295	15.488334269343123850148913334124
8.391450430979649155460720066912	5.278116330471487316344791906886
13.636931993769852766718031489290	5.963902511938369954691552266013
8.113523894311034823090267309453	17.479547491863193897643213858828
7.317087667989512489441494835773	15.512332536104441516044971649535
16.524511331081029652523284312338	7.146991181197313025563744304236
11.767219252431102560763065412175	6.185528482813754891367352684028
13.306181256928651279736186552327	2.983789432348370240788426599465
18.221130180823113420274239615537	12.722222153724134230401432432700
4.487460300171617788578259933274	10.139485365243780634614267910365
6.840317838828829266617503890302	16.935352058207179481996718095616
12.643822068185919249572179978713	5.375725560944721870271223451709
9.440392699103078655298304511234	13.893300002290716932407121930737
12.960656509929272317549475701526	13.514756765727284459899237845093
16.926299571670540444756625220180	16.712326443975324963275852496736
0.988679077249811300021065108012	12.311401366471882212749733298551
9.449335526008299623867969785351	5.408253146238154229763495095540
16.037829916962348164588547660969	12.766692723165684597574909275863
11.012310906018571543540929269511	3.898013227926367285647302196594
18.217986147688694842372569837607	18.097643832933275831464925431646
9.995045397725684566125892160926	15.496519489370385258553142193705
7.277378014773169034867805748945	6.841984934637348914066024008207
15.289313377954727002361323684454	9.623077317542419351070748234633
8.709375459068816383023659000173	12.364552589470429566631537454668
8.118197065301602677322989620734	14.603627804342503182510881742928
17.907222594809262261605908861384	0.867395209897400487619734121836
13.942735803487609658191104244906	11.901335858309945336941382265650
17.576891677125182411600690102205	17.743697532474008937697362853214
3.663190630364869804225236293860	7.267275926151705256472723704064
13.524967972534408744422762538306	8.984212962673183255901676602662
7.570124154558201645670578727731	12.857831382104402351274075044785
1.937300851182740091260825465724	16.322177065429400499851908534765
11.703806738192279013333063630853	15.163809897680971872091504337732
14.814282834762153129304351750761	6.892385621788111649266284075566
7.554012918391459052713798882905	11.665589043485722342552435293328
6.748371574168067432708539854502	4.987498663438266532921261386946
9.801319634962384341747565486003	9.020320026029688520452509692404
7.265185369912520840784964093473	5.905368491426741250904797198018
10.745647054799036368422093801200	8.465530218260321149159608467016
13.484837053545748020155770063866	11.132355517983643977686369908042
15.333726344307953226575591543224	14.285449937463383207614242564887
16.321300062098295313717244425789	3.332821549079207912313904671464
7.068889902794529334073558857199	12.390476225526874998195125954226
11.995532049692759102299532969482	13.674340020952207908067066455260
17.472594457813531931833495036699	4.173362888542584414608427323401
16.891352436787190782752077211626	15.006453276873054747397873143200
18.799630308760256980349367950112	6.848444080144853174374475202058
2.868406114769349812831933377311	7.465061626335521616226742480649
9.334717666872624164398075663485	11.320154710302091416451730765402
13.886201773234759571096219588071	16.350242672697991253016880364157
3.165778400304294581957265108940	3.791117373170954429895118664717
17.883411918287301034524716669694	14.559945710105854033145078574307
7.026541788633949181530624628067	8.264453630212802437426944379695
8.966789291512114346005546394736	9.492760329830849386212321405765
12.883426483410508112115167023148	1.805567179184884407661115801602
11.597939991870982012756030599121	14.901624208066184706922285840847
0.862041464174734484160467218317	2.783220107089626083052280591801
9.311266379095959777600910456385	8.062280493825872085267292277422
14.325393735934435213152937649284	13.520198333398726120435640041251
8.471236519134890841087326407433	2.096910448105648860916971898405
13.523681362462657062906146165915	9.352279087619205455439441720955
7.971699131495349810450079530710	9.164467682343012455703501473181
12.294119542365267605532608286012	6.355650770380751879429226391949
7.600563215672805128519939898979	13.185690740595568115622882032767
16.890158555179255017719697207212	11.579935879755765881782281212509
12.210372727473311371682029857766	14.096826275189535238041571574286
12.825183500496361688192337169312	13.243730834692691189502511406317
10.840624456240350426128316030372	8.549485149246603299388880259357
11.377668068958890046360465930775	10.093485071294145072329229151364
16.458522473211747438881502603181	12.161615184321199478745256783441
5.757790532987290710309480346041	15.009671972012259999473826610483
6.834459954887671884193878213409	3.672933861366274754800542723387
12.643178001165257029470012639649	6.095680786166446374352290149545
1.640778218536800725502189379768	9.740811320669948258910153526813
7.729848097681014884585692925612	5.201810391738715289022820797982
6.725721820371232340107781055849	9.120908776787375771277766034473
6.999447472900478750545971706742	4.272413682018191494194070401136
3.771601196071689976463403581874	12.145353325102417940684063069057
16.117149784016401525832407060079	9.998896775424828575751234893687
8.511569230811245390100339136552	9.658778099046362086710360017605
13.723820509327044447900334489532	8.869459462031226593126120860688
15.397858569785778826144451159053	9.692960293021780415756438742392
13.232964291117477628745291440282	12.200127514034084796890056168195
15.831381786803181199729806394316	19.112990812391522865709703182802
6.119113679145993245356294210069	1.998026917122964096762416374986
11.444665126492957085702073527500	7.050194329334038556567065825220
2.593023553601467412477177276742	12.948046947335162926151497231331
11.252908400034714375692601606715	19.798427706977683726563554955646
1.543663855782432037244689126965	14.109682422469864704339670424815
12.754476794578144094316485279705	2.998119374234844869420157920104
10.432168812453010531271502259187	12.816856588568965591434789530467
13.030689034868428777258486661594	10.045995968129552977643470512703
14.377857803821244786490751721431	0.051869707308382473343044694047
18.262361061109590565365579095669	13.161626792633592586412305536214
1.404465512567324658732559328200	12.655235640066445412799112091307
11.172001667809468017367180436850	11.492018319276041893317596986890
18.067216720543843422319696401246	9.067798007665613724270770035218
6.097048552859294368033715727506	13.848236350809324690658286272082
15.158356430719912566473794868216	14.235971393891880154569662408903
1.264428459886134836764881583804	13.135566964975541992544094682671
5.355974462954065096198519313475	19.300961212099739583436530665495
15.420761751196524258489262138028	12.110028834259182417554256971925
8.743655135212861750915180891752	9.937071062165768964291601150762
11.796426193418479755337102687918	5.599747355057765219044085824862
19.808340477318139960516418796033	9.857261491789486740344727877527
12.722877736828170469607357517816	7.153599760124659034943306323839
12.226656670782880098613532027230	13.669378484750302149564049614128
9.738364333148950890972628258169	4.088003293185983544333339523291
8.093510358578468455448273743968	16.048953488294852576245830277912
8.765753486905305535970001074020	8.791778790244251240437733940780
0.126326557797502792013233374746	14.260450729889443621800637629349
1.432144829674037111999496119097	15.553137499508718377683180733584
1.878695059440880887891012207547	8.952052260629068669572916405741
8.560103098619403994007370783947	11.347057994660080026960713439621
18.797358639765931798137899022549	9.543132946059275312222780485172
4.789272412252023158885094744619	5.183900115237053185524018772412
2.065661915913393542609810538124	7.274786721651540055688656138955
6.864356141791248866468322376022	13.258859523525821089151577325538
16.876378389202059793205989990383	14.762653347646038426432824053336
5.411534744949072717190574621782	6.384459952100815627318297629245
7.312884909726737880930613755481	15.410588118485005537650067708455
5.505092820120969676622735278215	9.411724527365100456677282636520
3.586838274957478311932845826959	13.024546325806511504197260364890
3.074891520558252988593039845000	5.198622639030858749720209743828
8.526116346008352664398444176186	1.081971942283906251702774170553
3.850324649431894119544494969887	18.153556542489820202490591327660
3.078683711598230399175690763514	17.699395811702370195916955708526
13.209415682323992768942844122648	10.290751195402290107949738739990
18.267325154838243150834387051873	9.076512629124721343032433651388
