75
12.438605711588616387075489910785	4.698444516134092197034988203086
7.132162503153652188814248802373	0.180769205946114341898578459222
12.696490362998437362307413422968	16.879060247250695425691446871497
9.099047018116783291930005361792	10.028607905974302738627557118889
10.508820715185008154435308824759	7.039123969390546520230600435752
8.019630713624270157424689386971	13.731435493210838671984674874693
3.966838856319843120701307270792	19.282652553423790919850944192149
14.146898321085696892396299517713	12.773688054042455775061171152629
9.381960609350585400534328073263	13.142982333504553693614980147686
3.845431173612194442057443666272	15.297729993933522507632005726919
12.176400928715850113803753629327	10.065833919917327676785134826787
8.660921123691293743718233599793	10.147948749702159432217740686610
15.531043920939991309637662197929	15.763174256841374187843030085787
9.955487616008092288666375679895	17.896842622666174094092639279552
5.008582439753911152990895061521	5.974892729676570368724242143799
16.728380049786938599254426662810	13.031837844845279406058580207173
16.178760258910589442393757053651	11.618872186620253117439460766036
17.276507375136038291429940727539	12.231853961112499007413134677336
7.232821277605046894620954844868	17.107437601441922936373885022476
15.060806353344279528982951887883	6.220457675680084896896460122662
18.020412472438728457291290396824	3.331072507115844683056593567017
15.315641858383443718594207894057	11.960649984753983332552706997376
10.520685631474268717511222348548	7.156815817034036797394946916029
12.760748325305332429024929297157	4.043277474748291133721522783162
10.129030458666850478266496793367	10.880207459407548853391745069530
1.964591205784635974396223900840	5.328735649374220173513094778173
12.658781168845665732192173891235	5.501267744033516038371089962311
2.267546819355873211065954819787	1.940410619286683013839933664713
3.954673553586929735104149585823	2.254957528824196977268456976162
13.434507495137539834217932366300	9.029988290858625532564474269748
5.475717434155266793993632745696	12.522585026798305207762496138457
0.475770044066458508424943829596	11.544477156599658229652050067671
1.174031153263446425327742872469	4.378334917803429426896855147788
16.990825020260651001535734394565	10.228568020125258897223829990253
3.329479807260267598678638023557	9.016161651549470690270027262159
8.409270485812129436453687958419	11.065328814089047781976660189684
10.325346020810284741742179903667	11.732764117429024253169700386934
15.380179865907361858035073964857	6.046552556667637468024167901604
15.985672177469767873958517157007	16.685710407265947452515320037492
8.190456083603537607018552080262	5.348988149973074257559346733615
5.828692626227701900631927856011	8.827422836500883107646586722694
8.537822722096507277456112205982	10.622775535729555684838487650268
13.611047591979128057460002310108	8.536449904617796846650890074670
5.397703978411626302147396927467	14.621550773529344624535042385105
8.967603353755286832438287092373	3.013249855298360202482399472501
7.184256873687064448574801645009	9.155813894536672492563411651645
4.400941831646699498037378361914	11.592276429778358703970297938213
5.932249618628643084150553477230	13.899265366959300038729452353436
17.625463399570250544456939678639	3.797349052069040720169823543984
7.062092330098831638451883918606	5.026031058408760188171982008498
5.959729411451580638470204576151	11.299819288507322312398173380643
10.410054874298744209681899519637	17.808860050202152791598564363085
9.193723908713712589246824791189	13.810163749195490723309376335237
14.590818561922899831984068441670	13.276811287230502856004932255019
12.770299568054921834914239298087	2.756487311342576518313762790058
6.709296642493320028677317168331	19.173576885956979509728625998832
8.345621395315300006245706754271	5.538502849187094234650885482552
3.442386475330688533347256452544	11.640580763677721876092618913390
8.722706076815192943740839837119	0.665808172394901864876715080754
11.711036376546701376355485990644	7.611842390347003828310334938578
19.957536802340257509058574214578	13.295260156768355486178734281566
9.045247266592145507502209511586	9.473390484490559870778270123992
11.078336627413385429008485516533	5.193342731342747597977904661093
9.375162562018729772717051673681	4.314386422172006518849229905754
3.765704527833098946842937948531	19.532305877671362281944311689585
10.920417585354432077338060480542	11.007792284232905899443721864372
6.708574553705703102934876369545	8.361020444813469509881542762741
13.486840846184694697740269475617	11.950081861885388789801254461054
9.665524360650277202466895687394	7.403174333382512628531912923791
11.839388277041221542162929836195	7.231043308095219224185257189674
4.130091099876095128706765535753	9.394163337959160031687133596279
12.252325782161745948428688279819	4.417143433528420537470537965419
10.893761677064654591617909318302	7.468350503804036755184370122151
14.727296321815856572357006371021	7.158181696380326641815372568090
4.738495312647923896065549342893	15.452285531928431794312928104773
3.401290879147588874786833912367	0.279871841382766550765381907695
7.248575134207641212924499996006	7.267306007248757637739799974952
8.952213443055084596267079177778	14.914528892801239834398074890487
10.241887279572576829878016724251	10.117003379391704243062122259289
1.143604517862450764553727822204	5.927646208002782302060040819924
11.274626444453451412641697970685	15.487530933168983438008581288159
16.012664343856386039988137781620	16.616522589190662273495036060922
17.136467784782116297037646290846	0.297900932348435620866666795337
2.349997797708990532328243716620	8.447358970794608623577914841007
15.856330486763587472864855953958	5.834413700831367677324124088045
8.114591182037228733747724618297	14.871375181990726943581648811232
7.441190104032854968352239666274	3.743043217904656660977025239845
13.130483631968727920025230559986	2.197680672853163930113851165515
13.208603013096487543975854350720	3.145894458008185345931906340411
11.414144689244297481423018325586	8.344642957361580570818659907673
15.708700428307112773040898900945	16.371944912832589125173399224877
5.924616152010709235753438406391	10.988244880775297929176304023713
13.879733069788805721600510878488	8.108208543429988424122711876407
14.097076896967703163454643799923	17.178678073640966772472893353552
2.119230648024898133741089623072	14.984915085531127942886087112129
13.805662070393434959214573609643	8.498811841770292474507186852861
14.822221354939213000534437014721	6.052918028441680142748282378307
0.080036981358794445640114645357	3.998387674948240100292196075316
15.422372712882985723581441561691	11.236680787762747257829687441699
6.849640341464849235819656314561	13.671101079657823618163092760369
4.057096216041907510430064576212	13.866725412179507159748936828692
15.063340373180443165779252012726	9.765997073854439491924495087005
9.564967959019039511758819571696	11.622103363663285335860564373434
14.720734402603564916489631286822	17.896494825991570820633569383062
12.018684385427970795490182354115	13.303832047651003023247540113516
10.692595722443838823778605728876	5.582130275454239232146846916294
9.163096902553657940870834863745	19.358272012795673333585000364110
17.729378970579666940921015338972	2.797090935071560480196239950601
16.179961578053813298083696281537	13.167951535581675415187419275753
13.049452178462900064914720132947	5.726543837402886083509656600654
19.986780134372409634124778676778	3.309466739756138586869838036364
8.842984745793387446610722690821	2.790926286011671031417336052982
12.450894129016301548062983783893	13.647918260886759966865611204412
17.490784512201319245150443748571	2.120756251739036812864469538908
15.240079436111074073778581805527	17.595620469870041802096238825470
12.090182453217776625820079061668	13.682744834446271653405347024091
11.704836819302439465673160157166	2.858873095988600177008720493177
11.543463922940206956013753369916	6.283519983271839137728420610074
9.745634260799009851439222984482	8.808980647425848076181864598766
11.940161516688347020931360020768	15.052604951117988463238361873664
14.778303633917863280089477484580	11.407090224719135918007850705180
5.296289674017563342545145133045	4.468814850851505759976589615690
12.765563065947134191446821205318	1.690018395510678672621907026041
14.738791543707614906111302843783	8.664873549838192801075820170809
9.334279850516081111777566547971	12.351371298081488703246577642858
17.106792551870064755803468869999	13.495795824568338261428834812250
1.958650066199712602710292230768	10.401921430514633470920671243221
3.212249607788195238100570350070	16.409864036067617121261719148606
11.423329953347828080723047605716	15.419353197314370262915872444864
15.429264492364829663983982754871	2.094785365326500503613260661950
3.757547194185562045021242738585	12.203491174004909680661512538791
10.975982293496716835079496377148	10.236694969022535062208589806687
9.931980194337008072125172475353	18.895170017887256364019776810892
5.555065612428736976369236799655	4.726923346646377588342602393823
17.459967495202619147676159627736	11.331558978497564993404012056999
15.201699642512320309606366208754	3.140733922915224685112889346783
3.205725045548516671800598487607	3.236963133940748971184575566440
3.028268840305762488185337133473	6.815589679008666301740504422924
9.792332922703270270403663744219	3.748688484571026879876853854512
7.116347283498872577922611526446	14.890651216168878434586986259092
8.815319460763939574121650366578	6.065280157800291505054701701738
9.817103624227385694211989175528	16.618449645107212120365147711709
0.359091957509155790262411755975	11.420099253041124498508906981442
13.355486379805251218044759298209	9.075114771286905579472659155726
19.038924933911971493216697126627	0.818000670625035564142990551773
5.401687923189810724977633071830	1.872367287375684252737073620665
6.472902996502852168703157076379	18.941085479807888702907803235576
18.332924191172295991236751433462	0.619701204235460156866110992269
14.462631918100054662090769852512	15.428231129971921475885210384149
13.136365726070559745153332187328	17.999187754777455694465970736928
1.765102777698758229618647419557	15.260053001694654284392527188174
18.404486911960571404733855160885	3.780103885043795131082333682571
9.768102093523005180486507015303	13.059823119071380048694663855713
14.475287086391903201842978887726	15.344398466805033720561368681956
19.814358518823361521299375453964	3.187875707230893418397954519605
11.926206105737090723550863913260	13.127700788677776344570702349301
9.585034870880859259045791986864	2.437500386156137288651279959595
2.385459734066651904527134320233	6.486586035024031637874486477813
17.441768609391335331793015939184	12.204872358285932421040342887864
2.767546099384329494341727695428	12.702093176246634698145498987287
11.420402254556003995844548626337	14.347938573457820865542089450173
9.269159500153273611999793502036	2.492468177612321866831734951120
6.299563745590518237804644741118	4.183786301880170199751773907337
0.399330284777907218440873293730	5.434204267952992495338548906147
9.065072635069915563121867307927	7.816154792399395923041538480902
12.621250912072202510216811788268	6.984735838314280798044819675852
14.017307291534153890211200632621	10.178257097455148283415837795474
7.015756367596303277878178050742	12.595422140007555000806860334706
7.550199483617290319159565115115	10.326146800307331119483933434822
9.473494046757330977470701327547	13.764950366808239579086148296483
5.184174707375417412436036102008	7.152622105962064047446347103687
16.027604334735954694224346894771	4.466935878390698277939918625634
6.632918310549759333127894933568	13.725115840086491658667000592686
0.848369188671328711137675782084	4.834455899818292934355667966884
14.412032093450154235370064270683	14.851925749092858453082044434268
11.151139704892820248005591565743	13.722091408272191870310052763671
12.142951361456290726437146076933	6.093976136974545987357032572618
9.707546450517991587503274786286	4.213006444532328309549029654590
17.082961407923690444476960692555	13.568139180723171932640980230644
5.311547617455110170681109593716	16.608596647232349852174593252130
2.110838204412239793583694336121	5.754374252769089537196123274043
18.686944402709791290817520348355	5.064275800790368542436681309482
17.799917196437213817716838093475	15.225928704661390256092090567108
17.674966282120678329192742239684	8.418894132180341216553642880172
1.652348392777769792161279838183	5.756638557446907888959231058834
6.965821269839697293946301215328	13.618750815366650996907083026599
14.367589951178086238314790534787	14.078702833284511442002440162469
16.676459497271160614673135569319	9.551764321126219314805894100573
10.533498222717502912360032496508	5.268047866819439484231679671211
9.828456897969353178723395103589	6.494782118698564588044064294081
15.618179872669925245531885593664	13.665854257589741038714237220120
12.672700593636635701955128752161	2.949894247388396451015069033019
2.681089497903225371544522204204	9.154558892156826388486479118001
8.921496947360255447279087093193	10.278526653905538879030245880131
5.724448414074879920576677250210	12.340121911949069044567295350134
16.489821025025058531809918349609	10.037149552821031051053068949841
16.088456245486785434195553534664	12.604263637407353115804653498344
5.980053682604462572669490327826	14.770287179870630112077378726099
10.383502903278737150571942038368	3.243086619634014677870936793624
2.070923177821207161741767777130	15.110372889871408474959935119841
11.486234868900881522790768940467	0.735260195149423090299478644738
15.934123008572210977717986679636	15.154195246640528083048593543936
0.260338118640415672189192264341	0.853220704180867928201337235805
13.490927988356371969302927027456	10.003135347864009929708117851987
12.706018537454012218290699820500	17.748747375834014405882044229656
12.243534978447796035538885917049	2.565921163403857452323109100689
0.517294169984780838333904284809	5.581096350194324706706083816243
12.889027192922034359412464255001	11.563012421460358680747049220372
4.558568507692385196605755481869	12.088084193782327346866622974630
8.572318102478581280934122332837	14.681537530229681109972261765506
3.056737703330167033044517665985	13.833549279299422352096371469088
13.450497526309007412237406242639	14.399416020533610804932322935201
9.679614200513940502901277795900	9.581139837941426762313312792685
11.428181716799912237547687254846	6.102404992666729199868314026389
17.094273192390588178568577859551	19.243714559762349125549008022062
3.746873731914421856714625391760	19.167705877599988895099158980884
5.971860548235779830861247319262	8.841613451729553929681060253642
4.015573772829750254231839790009	3.969658443990102369980377261527
5.736284716452050957968822331168	5.514164096509404089374584145844
11.916025888626636586309359699953	0.085503933442339752346583736653
3.897432234933938310916801128769	16.297525924337818992171378340572
6.396000023593678029953935038066	19.363739145130047347720392281190
11.423482764885228846196696395054	13.981523411801438427914945350494
14.816438391173791799815262493212	11.162575177296266915050182433333
7.513778334561972194194368057651	1.845580313920118564752215206681
8.692615717501256611399185203481	16.462685751521910049177677137777
5.553791588948361557243060815381	11.018776251240396391040121670812
16.914394676217085589087218977511	16.996251595715012427945111994632
4.911900370404648441535755409859	9.212018680233059697570752177853
19.843189563478983217237328062765	4.450119796485055623236348765204
16.483341613232795452859136275947	9.902689140584731930516682041343
5.598238679775390913562205241760	8.096192480954425008121688733809
13.175166287057606950838817283511	10.942542517327249029790436907206
12.104076103981846301849145675078	5.365682407812777832134543132270
13.657868099468577938182534126099	11.496333377330381964043226616923
4.646595938936721736922663694713	18.310710612905673144723550649360
8.202488067726193321504979394376	1.041672778577611424566384812351
17.305130768151354203610026161186	10.071888936908859335517263389193
10.453990428188895123184920521453	5.945936179193298976031201164005
15.058800208320155533670003933366	9.943202502154067090600619849283
17.052820997215423659554289770313	0.233327969249738753632072985056
9.802593714703347060890337161254	17.780654281415916528885645675473
8.440204739153420732122867775615	4.750696078228257235309683892410
11.323311934560873481814269325696	13.103674555784344590847467770800
3.425627046810685527589157572947	12.927902353463029072599965729751
6.212125648340657946278042800259	8.452344553643893476646553608589
3.326727247789853514348124008393	3.763056585078885074580057334970
13.457980647693149833798997860868	9.248939701092321996611644863151
7.967090364160592130815530254040	10.770176435134624526313018577639
2.541087154525804692184465238824	2.699999098452928514291215833509
