51
250
inf
50
inf
inf
inf
0.000173887585674492584075778723
0.136701619665238638390292180702
0.702779785689202185494650620967
1.369364341122636385961186533677
2.729936365331110614818044268759
5.958040986350095380430502700619
8.648218635762628281327124568634
12.525130160779564647555162082426
16.694859333577706905771265155636
19.341518197348630536680502700619
21.631078515341794599180502700619
25.240169414014427928805162082426
34.055441013789462090244342107326
42.895195118403719902744342107326
49.444506769080724950526928296313
51.628721225212942158577789086848
57.323385608127814805357047589496
65.625344729769963691978773567826
71.515583274741828745391103439033
77.232537722934026191978773567826
86.631858023169968419097131118178
97.635069998267624669097131118178
108.177081936683279650424083229154
118.398880456581096609625092241913
125.458954309120159109625092241913
139.566125411041213055796106345952
144.617791670806838055796106345952
153.331021540178255690989317372441
164.078131869104595352837350219488
176.648918071760476777853909879923
183.994242885330550052458420395851
191.124563801422368669591378420591
197.231185063738280405232217162848
202.282851323503905405232217162848
210.511443242449217905232217162848
215.563109502214842905232217162848
226.566329106707030405232217162848
233.152587338941515326951048336923
244.155806943433702826951048336923
inf
inf
inf
inf
inf
inf
inf
inf
inf
