75
7.804297227331725039789489528630	2.874648402095942856249166652560
3.336752018252494789152251541964	4.273097865842466980268454790348
4.532405839256369084466768981656	8.599698454454211216102521575522
10.926711956287032734280728618614	9.008549216713230833875059033744
17.961833445396685249306756304577	13.604397569906700127262411115225
1.713248354563873032674337082426	18.753002707717140395971000543796
11.537008029118998919670957548078	13.554712516739540362209481827449
17.377466320032439739406981971115	15.871722680129888516376013285480
10.720988060970778832370342570357	6.924498235960937719823959923815
5.344808864899039946294578840025	0.749125344326936115635362511966
5.467308544074295006964803178562	12.922468874919983861104810785037
5.481434360731895161222837487003	19.701658665755967803079329314642
11.920820154049208028368411760312	10.592846792843131353833996399771
17.445765069887904985534987645224	8.680355524518144960666177212261
0.697831662447056855214100323792	11.701111226297932432771631283686
6.002005543195272352363645040896	0.167994968127254562517691738321
3.776307363850466281007811630843	16.113479325071992320772551465780
4.900574835301341636295546777546	18.401191609996928377768199425191
3.755654716154753103296570770908	18.489490926204304344082629540935
16.159768061943488248743960866705	18.535602437620546822927281027660
14.344152259980267771766193618532	12.722190360883216087017899553757
13.585623208655057680971367517486	6.197059051784210126356811088044
0.596706119248135991028902935795	7.963074030384404089488725730916
5.749338323589674892843959241873	6.051216427972742728513821930392
12.389091204675921176203701179475	17.368223231275241147386623197235
12.935833411376711055140731332358	2.157669476919171547280029699323
3.489962104963776567956301732920	9.621530038677660101598121400457
5.903632956227092165590875083581	10.095352472982636271581213804893
11.865101805193347672684467397630	8.733411450717120771969348425046
11.250531356341351596483946195804	18.309008435662498470719583565369
14.390524510676275582454763934948	4.509203860717416745274022105150
12.571609667855433656313834944740	3.154577587682051209583278250648
6.211170945522387576431810884969	17.708401275528551366278406931087
17.651463142541981454769484116696	15.054305671235464814117221976630
12.982394866635761587758679524995	9.479925185112202612458531802986
12.998752907792326283242800855078	11.923408763752959771409223321825
18.689439928498401854994881432503	5.246952101812439650529995560646
2.538721861154120240655629459070	19.253118448573967924630778725259
1.447886850107088063666083144199	14.651197596622900221063900971785
10.581601904821399173783902369905	12.844846568829655808485767920502
9.675811853690941433114858227782	18.791573167868229177202010760084
4.997447945316220163647358276648	13.630998520697225728781631914899
12.486922522684754000010798336007	18.309856064490368510178086580709
13.623788822680316101809694373515	11.027189961976182175362737325486
4.066137924328137032148333673831	9.799463392914626425067581294570
6.742975576951621974330919329077	1.813743526171976760963389097014
7.803693774171051700250245630741	8.786552322754971555696101859212
8.756731329883518100132278050296	10.490900123177741676272489712574
12.198981678759842850467975949869	7.332754390320475934572641563136
15.139250522383473906984363566153	19.222495767451931669711484573781
9.226688504257625211835147638340	11.433340527275378306626407720614
4.395977191003458628415501152631	12.011175686931288453251909231767
6.648221713094907947549927484943	11.050560204336075997844091034494
5.835526113324039698682099697180	1.730633429071979811908477131510
10.546266248363961537393151957076	5.604227202521619766173444077140
11.471100519155644548163763829507	2.090765799335331465158560604323
10.626353021088249306558282114565	13.374294223113333046626394207124
0.570722299443569003329912447953	10.862943617966198672775135491975
10.213136777794415976927666633856	11.455265862390913156332317157649
0.124116954564777337566283677006	12.849494814263383801744566881098
4.122231451466518592496868222952	6.528311049318284986497928912286
5.240594761376177856959657219704	4.314963685124768133505313016940
13.572369867602812831819392158650	15.368264928427979754133048118092
5.830732602884022952594023081474	5.086291742450955943866119923769
12.943229978147467562621386605315	14.025042655443911598922568373382
12.827160633772800579777140228543	4.349938686986822844460220949259
17.997117980671067272169239004143	4.533530151259155260845545853954
3.392925415447050063733058777871	15.693144049643693804796384938527
9.346694738259570200966663833242	9.509749684645253609005521866493
8.442546430569603188587279873900	10.140260602071190731976457755081
2.459816041149704535229147950304	14.954674480773693545643254765309
8.704233497012168641049356665462	5.848203492338468478806134953629
17.882704467870080833336032810621	10.583025894801002309009163582232
17.772473381949009052505061845295	13.023666352782024446810282825027
11.114529505002058940021925081965	7.877062608957797529285471682670
16.869003500999451006236995453946	6.896719672599076034202880691737
19.583939929443396010810829466209	8.628732739680588181840903416742
6.414208833525373520956236461643	18.045376212832429985155613394454
5.180507021486744356764120311709	19.479491144095103294375803670846
5.962169977101189566326411295449	1.098186636245146008405981774558
4.477574831589032910983405599836	19.427769684915471515296303550713
5.165226223975345476446818793193	17.663865506320711062926420709118
3.765644198980820700484173357836	11.446824266166709449521476926748
2.543465220454901754010279546492	2.989987751406590898994863891858
12.489521572604447285925743926782	19.067809116882994402430995251052
16.404962369780921704887077794410	13.271533791564605664348164282274
5.468974081342711457409677677788	12.177633342868842802886319987010
14.268347031386348078285664087161	11.785743592954158742713843821548
3.989342284833858442993914650287	8.408824160115528911774163134396
13.293153202693119396826659794897	11.018174110776332241812269785441
17.628467459638592629289632895961	3.869625689347280683705321280286
15.762672165977267724201738019474	19.355592751474901547226181719452
2.135231615603402133274357765913	11.147752297100332441459613619372
8.570779180994023249695601407439	0.697915670492504913724474135961
13.143671038992494004560285247862	13.306151631365192855582790798508
2.663111485187007687613913731184	7.548449931922074362944385939045
11.521475412114787317818809242453	18.760534117294849210111351567321
1.127972538775552813206104474375	3.721961587465470344682216818910
10.074544755194704492851087707095	1.651228583476433309229491896986
18.762196146012772857147865579464	17.074664716222542892865021713078
19.347255593948553098471165867522	19.014997250669512851573017542250
10.767247440608514352788915857673	5.925267926787913808084340416826
2.971361732291086799051527123083	2.307022644475480888104357291013
9.707579246383396309738600393757	12.238690203668554090654652100056
12.111815553179098969849292188883	9.060650421760021444583799166139
6.665370509706058044230303494260	12.299873053677785605941608082503
2.940156607932714383224492848967	10.671822300122112636699966969900
2.574878475829029067512010442442	6.555746024929117510282594594173
18.418095641454971911343818646856	11.360042309595035803226892312523
12.060080773544775922800909029320	17.951328304366992227869559428655
5.719040544923977620328514603898	10.542191953134359749810755602084
5.764102966202169220366613444639	17.956110562535194219435652485117
7.693394548635709817574479529867	10.303067854239827738638268783689
6.338763626360812253324183984660	6.170858149240850742955899477238
16.253704879131287697191510233097	13.423537876813993463542828976642
8.412476674460569014968314149883	14.448090745138106427702950895764
15.168691374185732101409485039767	3.197919743281022242342714889674
0.792013307212700023995921583264	12.955524064024656283322656236123
18.604172023356902343493857188150	9.287558313221881078902697481681
6.689420597387067068950727843912	19.664647779584125686369588947855
1.953107931776860262118589162128	5.829372737585807762172862567240
19.138386056654145050970328156836	5.645381243021267536619234306272
19.533096045792024852971735526808	5.451011640902471810932183871046
7.749414770625259407665907929186	1.600332340294147392967261112062
0.245704256111935359641051945800	11.986275120853667530695929599460
8.750353013034340321496529213618	2.284994478229473990893438895000
4.497419307264044263661162403878	11.449593420793533482537895906717
3.446125209709034908911462480319	19.125806593597712179644076968543
3.168157622193435773993996917852	6.684262707851145179915874905419
10.833343048387567009172016696539	9.921966149153956138206922332756
6.171222904286933541584403428715	19.236240869105493800361728062853
6.390080031740787980254481226439	3.353568007828845232154435507255
7.851022231133475415276734565850	11.318091885673306151716133172158
7.084556916443375484959688037634	16.580467601003935129710953333415
3.944179593445740206192340338021	5.369582514712297971470889024204
15.628743559155324760467919986695	16.894378986378143281399388797581
7.069289963403889487381093204021	8.288569550682566955401853192598
5.688930270564690694357068423415	9.608249231649603316895991156343
11.178470600362587106246792245656	7.958148486809654365004007559037
13.079463870982126039166359987576	5.273091118917203168336982344044
14.449707872156164256693955394439	17.096361873968270117529755225405
14.841868222569182478309812722728	15.598841422404440493210131535307
6.796883275572194627045519155217	10.168744227652490863533785159234
5.809695530847457156653490528697	1.812534180773266001551746740006
13.207918317396883267633711511735	1.094533963808975940423806605395
11.022628093350826716800838767085	1.939020259083114705589423465426
8.732364579912500701652788848151	6.954877642930633818707519822055
19.913393232409589472808875143528	17.576009476530519037851263419725
19.121433849967999663022055756301	15.584987833707673487992906302679
0.218186273592175794533432053868	8.427410703235210576167446561158
17.357281014511244165987591259181	4.635484491420839070485726551851
17.898431149352415303610541741364	10.468395321052131663464024313726
9.998216383206825597085298795719	1.624612127689215146375545373303
4.966155656812077268114080652595	14.230674095779058063726552063599
9.000920425625224652321776375175	18.192080814033072755364628392272
12.536033693366093189069943036884	7.757999906549852831005864572944
10.838767324698585170494880003389	6.792157382243072305527675780468
7.113144820818841473908378247870	6.205881968488271560602242971072
7.765999623109014038391251233406	4.838789352915027208723586227279
0.683383019319640405697668938956	18.337869280294896157101902645081
17.213961872005206998892390402034	9.063200141993691616448813874740
5.619262166242796396886660659220	12.209202755641328508318110834807
5.257822033196996258652688993607	14.506776249760545027811531326734
8.765142631392004446411192475352	13.634311525557221145277253526729
4.555869563083168038986059400486	17.455718417167133793554967269301
5.246308576934441525452257337747	8.551470072991769200143608031794
8.645758847059074270191558753140	13.503706120816978852872125571594
6.049252179829908371289093338419	14.972082277743828271354686876293
13.887100722065463642707072722260	6.135260201527266588072961894795
13.864094286452756321637025394011	8.322696386172214744192388025112
15.659628982349650172523070068564	13.998001838961501519520425063092
9.496668075826212529477743373718	5.952428818356604089956363168312
10.360489872741363015506976807956	14.318695268829554123612979310565
15.727248887320264714162476593629	11.756779573885692613544051710051
4.876593573472281839542574743973	13.227326881837832672772492514923
