75
9.247269565805783742007406544872	13.035002107655749625791941070929
8.598677618871349181972618680447	8.307741702295231789321405813098
0.291029387462872657366119710787	9.983739867875678797304317413364
16.863174431397812469413111102767	4.922177583574667281141046260018
19.786026883407316745433490723372	17.607402124808693599788966821507
10.261980912340471050470114278141	1.845160789330911876859886433522
11.146578685494867855254597088788	8.004000589178358993081019434612
7.227592700917838008933813398471	7.584401446224052989464325946756
8.502867624967517912182302097790	9.788222503595608969817476463504
13.865284326064955422452840139158	2.036217923023617260014361818321
1.679425392137773975775871804217	1.632374830956128342052124935435
17.042236080558293309650252922438	13.824996603793779925695162091870
4.038125233475509112679446843686	10.384991782597944975918835552875
8.459454439246357537740550469607	11.305432611854788760297196859028
3.641169546541103141379380758735	11.794097137032059308126008545514
9.818845408731792900880464003421	13.301957579970730805030143528711
8.851566988129254909267729090061	9.331443469454219652448045962956
11.175326138189266345079886377789	16.475402369734993612837570253760
5.804871889977143872840770200128	17.566459401612160462491374346428
19.510327954208332101870837504975	19.710125709336036692320703878067
18.365363336307574115835450356826	11.602199843201677964543705456890
3.672740801439533520067470817594	12.681011907534061933233715535607
5.149354031475176007859317905968	2.532391059680930922581865161192
9.024209668662830807761565665714	5.358072054761674252176817390136
17.238596030391665436809489619918	12.656422257069674941476478124969
10.583562604001899742911518842448	7.057050095092788133399608341279
5.952981015003592446532820758875	3.778343765350233418587322375970
14.972652340271491056000741082244	8.617994172949085651680434239097
14.395269175773691472386417444795	19.437797101623111473145399941131
5.300265821072840388694658031454	16.959310568387447659688405110501
7.393370680809099759756009007106	2.990211965495268131576267478522
1.635626888433010517331922528683	6.123240450271329571307887817966
3.592081231733738722056159531348	5.821661165779988600377237162320
13.993231926745085758057030034252	4.043402766772038248177523200866
13.273783456257168822389758133795	13.362998670333931627851598022971
12.308969158889322415006972732954	3.478643934322965591832144127693
8.978272358882033898908048286103	17.420252718440536909838556312025
5.383637767767400106322384090163	15.565062906090131988889879721683
4.231762039837665412278511212207	7.340703631153334463022019917844
6.888846591350982428991756023606	4.712107119537068733450269064633
7.569262991027263964838311949279	13.272571266906462383872167265508
8.253734286485322257931329659186	18.090435684123530535316604073159
5.562128434369066454223684559111	9.954300921512151845149674045388
11.579107670393732121283392189071	5.976779709333909451629551767837
14.605901122506953271340535138734	10.556632686097506379496735462453
13.315910512859085557124672050122	7.074416259605807333343818754656
10.366332062282419101961750129703	12.996556828673243799698866496328
13.525704713453793104349642817397	17.504863673967271608944429317489
1.789248861485108310631630956777	5.774109288629731828734747978160
15.201591184692281544243996904697	5.626079884997308155902828730177
9.981515986942875784393436333630	8.895397520274885394542252470274
1.563191983517149052929084973584	10.111714393527808653061583754607
13.702420960475512501375305873808	8.453369619273754409505272633396
9.039359222576155872275194269605	5.135690502650769317938284075353
7.287980867968175680005060712574	2.168441729844298393459212093148
8.150107872079686899269290734082	12.218457207558799382240977138281
19.508407919049989942550382693298	6.983248798707262672280648985179
18.172660812190343904148903675377	14.465831560946131872924524941482
14.916080491611893421577406115830	13.553072977206115368176142510492
16.025861673077542945975437760353	7.359253934987721734728438605089
5.563027061868265121802323847078	3.107634615034198244387653176091
17.003723269005806884024423197843	15.461289899855596985389638575725
10.147187369372645093790197279304	8.516994385476262863221563748084
10.372183482242901320091732486617	12.189001302973322182765514298808
16.567128379689584960487991338596	11.803096370306295881391633884050
3.298558645762909691256936639547	11.747912673978319730849761981517
14.136113788974345339966021128930	8.140989233321434426216001156718
18.588557511665452892657413030975	8.852640793182269263184025476221
1.342886767071611142654319337453	5.781583458992432866807575919665
2.509066929090626452136802981840	4.466561996687330449162800505292
14.284908752046071356289758114144	11.308797194027883747935447900090
13.391383156288096500929896137677	8.806590480679320265267051581759
15.574677581784946767129440559074	11.344996664714791734240861842409
12.334206970889244558975406107493	16.982261127612940043718481319956
18.864839953504048963850436848588	11.300010789972553482130024349317
18.805885415560435802717620390467	4.507669153350340351948943862226
18.172124499655872398307110415772	5.378646491790607164773518888978
12.104033484795474251427549461368	7.861634210412544732093920174520
14.877260299639866403254018223379	10.048753712143605909545840404462
16.247267542984115351600848953240	6.632539513974974099141945771407
17.756391305274817682402499485761	9.392569365385007529312133556232
6.873670390411732000757183413953	8.703831939972648257253240444697
17.370106321301310714488863595761	5.643774346199096569876019202638
19.727055688748098560836297110654	11.111431352860728694054159859661
3.767402310034895673851451647351	3.976900366530156105682181078009
15.235724620115606242620742705185	4.937559977365497232426605478395
14.517105665159547811526863370091	16.561001990758651203350382274948
12.113829153772686098022859368939	10.358401485153725829491122567561
17.102056341051937948805061751045	7.483993382847357267451116058510
2.591949445040790944716491139843	3.824447114873297692838605144061
15.338643307746494315324525814503	14.317491617729761088639861554839
15.268956884405822549410913779866	17.673070000471309271006248309277
18.083009260357030711929837707430	13.650217348380978776845040556509
13.644426108942067088491967297159	4.210018525258000465782970422879
12.899405857292736143904221535195	11.170093107345358873772056540474
8.351630167489457079454950871877	4.290273200868812253361284092534
15.013241089632801461561939504463	11.827443296021201035728154238313
1.189442352865001772954656189540	9.638581051529452992099322727881
5.857597173722128403028364118654	4.879689006890870928145886864513
7.717196473070959683582259458490	5.359893558904216703808742749970
19.823891505518719924339166027494	18.127372700235781621813657693565
13.135755460940044869744269817602	7.289929042071353393339450121857
13.767821896534247372301251743920	12.442669168473868168689477897715
5.332982433280144540788114682073	13.084345314016678329949172621127
15.272204874618909187233839475084	15.943336147379261191758814675268
5.421841102422556346596138610039	19.092717219809831163956914679147
12.498874723398822439435207343195	13.282351478448997994519231724553
6.555958412356660325315260706702	7.443892531036501836183560953941
7.508529352834210968126171792392	17.815533248915937036827017436735
2.945309073317149639592571475077	17.896493856683356682424346217886
0.428438584595646876351793252979	19.320692974949285058983150520362
16.537701080048492485730093903840	17.212949324472518242146179545671
11.037888197855236782629617664497	2.050397664320529056425357339322
9.842517160646703899828935391270	19.187571971652403135522035881877
16.917071457651221777496175491251	19.361624861946136633150672423653
16.068207060374877670483328984119	13.092358723975205947454014676623
15.772800437142812768342992058024	11.446981717773063280674250563607
17.088913448408078465945436619222	4.851059165490029911893543612678
4.491706573322256978997302212520	2.833902085207922194598495480022
7.112200898745239641129955998622	2.046687693136019614570386693231
11.616656119576887817856913898140	1.753929858909347938578093817341
4.691733709575190758300777815748	6.769583692620456893962455069413
2.213518171742523854561568441568	7.739524316601901432477461639792
4.016091094832326291452773148194	18.075487379696003387152813957073
17.787789937339400836435743258335	8.852164799221714730492749367841
16.109192872760743853177700657398	11.496346375725160271485947305337
1.016658605485604383034115016926	9.181996171102872139613282342907
5.713125294407064735935364296893	16.740743458840789514852076536044
16.758916056432994423630589153618	1.302389882480766258865401141520
2.824366414405248271179971197853	12.010018288108172512806959275622
3.271540971240627371230402786750	18.255864698658715639112415374257
17.329976211536298080773121910170	10.616722168687669380915394867770
10.965863027585132982721916050650	8.444192502915399245466687716544
13.388043553691140630235167918727	16.526794667002778993492029258050
4.187636056563090569682117347838	3.485307583587889279641558459844
10.713489025905969853624810639303	16.083001762814404855816974304616
12.114496807901531383322435431182	13.379254961846793747781703132205
11.884364797862795981586714333389	9.397571904010165511067498300690
17.723345434640940254666929831728	2.568188293156173251929885736899
17.464364968983350223652450949885	5.564471242117906335522548033623
15.310855628436616626686372910626	15.970990407644659825336930225603
0.551158748902759398902162502054	16.567974059252257745811220956966
5.351957356041100233312590717105	8.485061433009798648186006175820
8.774991521885395329150014731567	12.996532082930750462423930002842
9.424468210450498872887692414224	10.416373884665247828706924337894
11.165967382836111454480487736873	16.698225017443643736214653472416
10.896940200797725850634378730319	10.907089107111671566485711082350
1.547038266716556975666208018083	5.450849911295550853651548095513
10.444171822408009120408678427339	7.220162024837670777799303323263
14.661020034196495132050586107653	8.362486484363710559364335495047
13.718447123743489513003623869736	16.295725283216683010323322378099
10.892332239690821538147247338202	3.586306362333144370779791643145
9.153358261576631349498711642809	16.420742598279556290208347490989
10.810299526889318499911496473942	6.299824931986469422895424941089
16.001289599109785655173254781403	1.294466695398452271703604310460
14.112126585710035087117830698844	17.885197980070614676151308231056
6.688315210427699497586218058132	3.733529502199120830852052677074
11.112168618932690478118274768349	16.386512707674196320795090286992
7.971424695173227270572624547640	16.493412372996800741020706482232
2.631129979091079817976606136654	1.318946759176988337003422202542
5.882698144786759897328920487780	15.842402663882337421341617300641
15.620125015292023462620818463620	8.150998371423490596043848199770
6.807438592355672390965537488228	7.915636621405618633673384465510
16.099008913014454691392529639415	3.144833405104844548105802459759
17.603027890594095339338309713639	7.231804377448911580472667992581
4.137700482323701578479813179001	14.141726039153063254616427002475
14.692058049517976670017560536508	6.286997178425431265225142851705
4.797998681616249427861475851387	14.799700879095929906270612264052
16.319893125791384846934306551702	9.183879090848369841637577337679
2.190796415086724291398923014640	13.371987470674865150499499577563
8.251402727286373917081618856173	4.651340062138574538153079629410
7.216032086395940403633630921831	8.773093336693587929175919271074
13.715254848729450998234824510291	19.161885304354715486852001049556
8.942857168258310451847137301229	8.510172945943484279496260569431
16.161575623795712886021647136658	17.230774542980086039278830867261
