75
1.496674844722485353543106612051	1.906007190463272493730073620100
17.286503764045303199736736132763	7.316809513252493957224942278117
11.665417089900039115946128731593	13.145525832868475646364458953030
4.658943631425749742902553407475	14.799147808080128640995098976418
6.545458064864988045883364975452	5.693158221295568033326617296552
5.416946712546601538917911966564	8.085179412521871000762985204346
12.608042147465582161203201394528	7.659157314061014076855826715473
3.802435740090489346698632289190	9.222030624104430529541787109338
13.837479722310131791118692490272	8.434475618669432961382881330792
12.488380783886324110198984271847	6.189948546664502337932844966417
11.500927930871323923156523960643	5.512799905023991087205104122404
7.827489060100283779775054426864	3.403720883061854607376517378725
7.482884617568359431061253417283	11.516889181416862797391331696417
8.348114588922797452141821850091	14.223540208805374618350469972938
1.919546088338761613556471274933	9.807710240520959743548701226246
15.376919250833175567549915285781	7.923742477959708097046132024843
12.213823301411858679443867004011	14.986942775950030437570603680797
8.114975896695657553436831221916	9.230885618651511137500165204983
13.979921470855410703393317817245	7.132807249384250702917142916704
8.750041052501673632946221914608	19.376869481973084674564233864658
13.303311038885425432454212568700	9.418474954697542145254374190699
17.527508056987340268051411840133	9.186862974041147822390485089272
5.840933419842615492711956903804	8.435805512090526647739352483768
11.639478067007164696633481071331	10.696168574418434715767034504097
16.847224076892853616982392850332	10.221852143372473165072733536363
1.275321062591020515597506346239	8.666786620931267393075358995702
5.823397098297506957464975130279	4.611082807462279831156592990737
10.458070817761216275698643585201	12.235521013974901549659080046695
7.651053777312386117159803688992	6.108797413255111052876600297168
3.495552472905242069600717513822	4.821057814241704875257710227743
11.389615753407994702683936338872	8.606337997149159591003808600362
6.901709933020747200771438656375	4.402295217794801374111557379365
7.503300447268319572913242154755	9.664477811628382042385965178255
9.374763228089840083612216403708	14.429297123928931156910948629957
6.353681226181439711808707215823	10.971636740161377687741151021328
7.289821916242905430749488004949	12.057589208350355747256799077149
15.804504113855882607708736031782	8.991104125148684289570155669935
12.515714072454317218330288596917	14.359956897219882776539634505752
3.342190009506940118200191136566	9.413229175611563803727221966255
13.975308957078704352738895977382	13.196888631359913190976840269286
14.211565143236581931773798714858	12.296037944474825565066566923633
8.215926414817406708834823803045	14.241770943957369865984219359234
17.165941719427273426390456734225	16.838092342933091316581339924596
19.483421877621942996938741998747	1.228869081713236388608834204206
5.365683367248988311359880754026	11.241095819742877637281708302908
14.979981957801062009139059227891	9.276757685884488680017057049554
6.971433480170597718483804783318	18.012738365448395683188209659420
11.215941358113612480451593000907	11.931329720346893097371321346145
10.854346592564613871445544646122	10.700751872387179730594652937725
8.861406711194600660519427037798	3.274997753810509948380058631301
9.223428153677053487058401515242	4.037665532959268333002000872511
7.383966646440623726732610521140	11.671367643805686142854938225355
7.512061668512922452123348193709	15.926589936149724735514610074461
5.952434773737625306466725305654	4.429736342983373376114286656957
7.963078265225194130039199080784	14.145389456774640990488478564657
7.447467951593277568633766350104	18.688537778309594727943476755172
6.888250014209972960088634863496	11.689712071038183438531632418744
12.688792048074619245312533166725	10.634270867102770807832712307572
8.002046395292508051966251514386	15.169175806011962137631599034648
13.122096891188316902798760565929	7.671494611782716077641453011893
18.151676396378235267548006959260	3.522494141946478585225577262463
13.252841295495377593738339783158	16.947797974245329299947115941904
5.008078158379063893335114698857	11.243608979088271837554202647880
12.403338502719551073028014798183	14.930438996868458545463909104001
2.272310068149111295099373819539	16.190722665565804305742858559825
13.854104279361001417214538378175	3.951317550946522594301768549485
17.995514467869643482345054508187	0.006012482531215779246736019559
12.070712601427583621216399478726	19.811330646245288278350926702842
11.411503061622513044426341366488	2.976448672458633648574277685839
4.059863649104906713205309642944	8.461997389233316013701369229238
6.419157027766251744083092489745	13.639614495455029796744383929763
5.329592198119708967851693159901	14.036462906580274179191292205360
15.824519217349475752598664257675	11.601067033939512995743825740647
11.006816331032910127873947203625	12.484046767367766861411837453488
12.850308232029163946208427660167	5.731805910702285622448926005745
14.871635908002049930587418202776	10.251680491946094875288508774247
9.827405448397241727320761128794	12.511601015887386267877445789054
7.177872122170525059914325538557	13.141941195583033419325147406198
4.565271173267246851423806219827	11.579987796901686891715144156478
10.319089243251756471408953075297	9.039031991418543299232624121942
10.332883494889847142417238501366	6.156176366748479011903327773325
4.193938461027229891442402731627	4.041933618098240366123263811460
3.770955730702234554030383151257	11.896971955048007529853748565074
17.883031221429796175925730494782	4.840407661105622594277519965544
16.734022423518148059429222485051	9.125199934307007154643542889971
6.611028936699824498646194115281	10.257880362235139770632486033719
15.689757875452720270459394669160	12.513167677428869595246396784205
7.132053719693090876319274684647	6.332408370457755175664260605117
11.536293112312746345082814514171	13.379676207217116257197631057352
2.679761484016357719895040645497	9.450493185390978823079421999864
19.970303726474554650849313475192	12.130346628773827077907299099024
6.450435053797458628821459569735	7.452943261498160332223505974980
8.469230455180190020314512366895	11.326743142862355284705699887127
7.750319666213047575809014233528	0.752814956886092012666722439462
11.274019450454874302636198990513	7.174648069116702941983021446504
18.158890257751284735832086880691	13.697892560077425727627087326255
16.597360705713224859891852247529	7.655231070880038402037826017477
5.690225216359268145538408134598	7.333674198843891822718887851806
8.186892788841241497266310034320	3.872911364829572988810468814336
8.239063022054731177945541276131	2.149816433691533745786728104576
7.151118350119888944504964456428	12.646997407391104673024528892711
16.260578261388292986566739273258	3.989892884907947134820460632909
8.431287999605169503070101200137	14.938624362000171075237631157506
4.214629020316160712411601707572	2.014811574585086084709928400116
13.458268700366762260500763659365	11.000892878295520205256252666004
9.242903928476602359864955360536	9.957081649837659753643492877018
10.974284980020989621607441222295	12.157452078561391317634843289852
4.768062896099875658251221466344	12.856641462052657232106867013499
4.512101886201654643571146152681	14.175095188665343570733057276811
10.263803269205158841259617474861	6.696983487737758977687008155044
14.951985164956871798835891240742	14.524525100207918981709553918336
4.739359952408096710030349640874	1.540920882488930887532774249848
15.468294651208205792158878466580	10.790780135704872932933540141676
6.747990395919717165895690413890	7.321030264334385861957343877293
11.755329452317777594316794420592	18.177020232961492496315258904360
3.464260796776087225623541598907	10.450019674714898343381719314493
8.943798322007141976541788608301	11.638343747427862595600345230196
5.470239454183237981510501413140	3.631846660017089334360207431018
8.091109469538601217664108844474	11.476144582916706582409460679628
13.456349719269047326974941825029	6.226573538706061228253929584753
12.745366512251964152824257325847	6.311689993644822749274680973031
10.325393668520318257719736720901	4.404596816306196593870936339954
7.757751613902554410628908954095	12.257941115054800107486698834691
5.770972030646158934530376427574	9.769346083578426487292745150626
14.202226486150557605014910222962	5.246221258650380470101026730845
14.651701707120801998485148942564	13.358805704152080906510491331574
13.118615141835954673865671793465	11.302229909860507461871748091653
16.954192713794800084770031389780	7.605475059045178731764735857723
19.396089083744861625291378004476	9.617264508041518666914271307178
18.032266474829057756323891226202	6.714453219700792452329096704489
5.200493350805255765578749560518	12.772651137388585595999757060781
9.135893536873311404633568599820	7.356211769902933461651173274731
5.073877795220544051346678315895	2.287357563998861031961951084668
9.643901934001705811283500224818	18.820493422544835482312919339165
5.598937614856410505126405041665	10.873908115838176513534563127905
9.491741688977816338024240394589	12.616270872817000991972236079164
9.989732191621891743693595344666	9.671925924419950248989152896684
9.169320616839842230660906352568	6.294818484829922233814158971654
9.147290247182809252990409731865	15.180200082511452919220573676284
11.917817070927853251305350568146	9.288440991697131110527152486611
8.828612347366862067588044737931	17.811381387571412204806620138697
16.244018262335451652234041830525	16.274361241958537505070125916973
15.850918177532335562318621668965	14.951234471636693612595081503969
6.293626101762596292132911912631	4.941087723866997016841651202412
11.655110235636616522469921619631	11.615861388537858545078051974997
6.289735789291015066737600136548	11.040022515280861981068483146373
16.331667728074734213805641047657	14.560421026249638742910974542610
3.257752013233420562698938738322	19.927417176698931200462538981810
2.008090959944873965525857784087	14.544018549210534274607198312879
4.625519244997311929523675644305	8.635611914257589560861561039928
13.014562062989465829332402790897	10.007258454266521496833775017876
13.568822981301472907489369390532	7.175157838383182884456346073421
10.061911479929502633012816659175	9.881675929615969522501472965814
4.986292303183179619452403130708	3.753489025016972568948858679505
3.710681488974914898903989524115	1.635389948869221399263551575132
14.710147955621785342827934073284	7.664896855883084114680059428792
4.852488632864991657811515324283	10.862915581007944965108436008450
2.245604328305306207624880698859	11.602733967949442117628677806351
11.020243975582337370155983080622	7.378330650985631677940546069294
12.107624004906515580159975797869	9.952041318858718454976042266935
9.503303990840652915039754589088	8.697361113937537524520848819520
8.354800934251175092981611669529	13.605525325663681002197336056270
11.919892375334327994096383918077	13.924101369132323213761992519721
11.035975062737083618458200362511	15.184673902408711398948071291670
9.593657840278719817206365405582	14.203052698744107473771691729780
11.297027914322082864373442134820	3.957605852043518446237158059375
11.170911134666139830073916527908	10.029828053536748555529811710585
11.742619304121046042155285249464	12.373270183193946891719861014280
12.933757542926262118498925701715	9.245071402843784369451896054670
19.413641478059247447163215838373	7.273402316404522949255806452129
5.754080646779039298621682974044	11.082684479252984388608638255391
9.694550020975384541088715195656	15.408445357478402826245655887760
9.211294423168698841664081555791	5.088609295290377865228492737515
14.702669767373064857451936404686	5.388294947950011071213793911738
10.733781703168787657887150999159	14.498265981086071008121507475153
