75
6.460453127127287586972670396790	9.658856003070724227654864080250
6.610378776647589660342418937944	12.046631088394335051816597115248
2.119589161417325673397726859548	5.148933521122702750005828420399
12.674932977780574816506486968137	11.155862002175254588109964970499
1.503860197404194298798074669321	5.665219275118216657460834539961
19.501443597042612765335434232838	19.082361965760412658710265532136
4.543924378400456376425609050784	10.629369855948144873991623171605
12.495490948746111214973097958136	18.131740164641076518137197126634
17.814527141155402034655708121136	17.016867465227921485393380862661
19.476396943589517007922040647827	0.482377520488415090227363180020
6.764079394401376177370366349351	0.472706576188601790278198677697
6.591610621923338797500946384389	10.220845459170854852004595159087
4.838839358163720127947726723505	2.241408713612718095475884183543
3.333476696350794465928402132704	19.975670424531202229445625562221
14.708917897408628761013460461982	16.610312823448346364330063806847
18.236979102138576536162872798741	10.756535707451613248508692777250
19.156222136205766304328790283762	12.533915611105248544276946631726
16.919917902464888470603909809142	15.937624612473985763472228427418
4.216963036152410637669163406827	15.767264151471955813121894607320
17.734370954967989320039123413153	4.917657464973991920942353317514
16.983380134984393805552826961502	9.263858320229228837661139550619
19.323701738482316869749411125667	8.617384712155800485788859077729
1.581156701616996951287319461699	3.109622059456274012489984670538
0.437546327910913745995458157267	10.866189347238959683750181284267
18.905438528055498181856819428504	3.629977168039564272561392499483
17.495529786381020187491230899468	4.091921779738790121427882695571
19.092939606434335075846320251003	0.892159347823151538392494330765
0.794101240997777679808677930851	14.071362865386177531945577356964
3.713122658053886748774630177650	13.601222009700892456862675317097
16.583911946123269132158384309150	14.389433941164568864223838318139
13.530943151533163515409796673339	2.399424795477935745680042600725
3.051294395152985838848280764068	18.909636708312739017401327146217
13.467814093435322320146951824427	15.211241130965795775864535244182
18.070170946811039414114929968491	3.249492093123695912737503022072
16.163772313664914292985486099496	0.460116105289281041024196383660
16.577294684958992831980140181258	15.770984507203653635087903239764
19.066810012331693258147424785420	1.267297415585955100425508135231
1.890601527639628187671405612491	5.838148063378625352015660610050
19.404937550222957298728942987509	2.402095446203660333850393726607
11.532834006660134917865434545092	9.328584782877801018230456975289
3.375055548320060605504977502278	0.991002861797614098549047412234
3.288412332920822578330444230232	6.361411345180689735911983007099
13.557228475111745780168348574080	15.783384940919972905248869210482
12.263598614062756197995440743398	3.274758900428735852727868405054
13.553275978450594507762616558466	14.027394293168377714664529776201
18.336731272454144914263451937586	5.062471152056802203844654286513
13.629398271226708772019264870323	19.722877053739075847715866984800
8.917120022608006735254093655385	15.217329993541516941490954195615
2.336732370216103582549749262398	13.433813147638922202986577758566
2.621499673479861236558008386055	14.845019664731589514872212021146
9.982328959249473498971383378375	10.867648213053550776407973899040
17.630528114931472316584404325113	12.540114817432128191398987837601
8.257682027064291219176084268838	8.831797381482239472916262457147
10.845199071992253081475610088091	13.285140169729551473665196681395
1.541765506025944976187247448252	14.039982504303091914721335342620
9.118429812584068372416368220001	1.312607420312699169073766825022
7.963284678754670053990594169591	19.586548748226224603286027559079
2.829161131671305007273531373357	2.607599200338472922311439106124
8.274588262642328828633253579028	18.387357976638771361876933951862
14.805356710412414855682072811760	2.449864383812039303478513829759
14.374883740693519484921125695109	10.882752969634900352957629365847
15.601779870358878810066016740166	17.589670474786121445731623680331
10.505597833857269307600290630944	4.375470402702108074777243018616
1.041964680407416743435078387847	19.541512275522631369994996930473
16.327592118546444766025160788558	19.913640159168505050502062658779
17.077982196036124662441579857841	2.262890095888261399181828892324
18.260278462843558600070537067950	2.638362911595757420712970997556
7.151979013885436664565986575326	8.131041881827911765867611393332
0.399862709730560705878588123596	2.272232063389330036784485855605
18.248256957125107646788819693029	18.236897043286770525583051494323
17.248859198130382708313845796511	2.885654843712952555279116495512
6.172983553232191944459827936953	5.295519705109286157096448732773
12.960913141360553169079139479436	16.764189220849331718454777728766
18.704950876729185438307467848063	6.755804621349388305873162607895
7.308939943802423400143197795842	15.789559561169850709916318010073
9.589497670375790150387729227077	17.528530542095186461892808438279
8.604029180343212956927345658187	19.553536699740256210588995600119
10.698169254288007579134500701912	14.202394334700906952662080584560
7.499540993575624092670750542311	11.274592559264586810741093358956
18.793455235405161829476128332317	3.160670458030889751199765669298
19.549079712478270920428258250467	11.180782523969883257564106315840
16.954555377532724236289141117595	11.340605571099528603440376173239
10.927739809613694177414799924009	18.381336931533361678248184034601
7.359280924029829584753770177485	7.492339378829246498980864998884
17.591755511675803091975467395969	16.561999271760036833711637882516
6.608725417960615189372219901998	5.566259522783479241070381249301
2.459255991181654721344784775283	11.192826357697127193091546359938
10.059188027802694165302455076016	10.353914734384712659220895147882
16.264326370505493457585544092581	15.429813013280222477874303876888
11.423656606481474184988655906636	2.129689423451044394397513315198
8.256545010841673359891501604579	11.196922299290168467678086017258
10.096379590864440700670456863008	18.090219687732545850167298340239
16.823544792575383155508461641148	2.096526483906118176747668258031
19.654472170028657984630626742728	7.613110366088326586009316088166
17.588472985234371748219928122126	8.204785772398441423547410522588
5.811351153746777242758980719373	14.153813727766513252959157398436
9.385239581913131345913825498428	14.248997168765590970451739849523
3.252530377048397092210052505834	13.830458196593975017663069593254
15.340472829924514996946527389809	5.744208329024469428247812174959
17.557437282566890957014038576744	16.051002616363859942794078961015
13.346846985708296529082872439176	3.133491585892798081403043397586
19.744176380821560456979568698443	16.590643701071005722269546822645
10.071645504650927449574737693183	19.290357145502991187413499574177
6.541906869592699180770978273358	17.461901436821797517495724605396
7.615269240543747208960212446982	11.847593248926242992524748842698
1.620248691306727106820062545012	4.681533456242224389143302687444
5.498379046160335903437044180464	17.603238691847110430899192579091
16.821226597468232455412362469360	18.871977454745170632577355718240
11.856620232472689480118788196705	16.727660925865471597262512659654
14.649143322814095924400135118049	13.783173092093871758834211505018
2.241508160796521487156951479847	13.563964265963395661174217821099
1.101386419879535338850473635830	10.382622993691761337231582729146
0.207898716034200514712892982061	3.266376251450462397940555092646
13.722774391571757490737581974827	4.915059440145856939352597692050
1.622087225084374306760537365335	7.287667547234242704234929988161
16.301640510230747338482615305111	18.845999494681898056569480104372
4.268036728296626947098957316484	5.965805580093239690597783919657
7.364854205438944312334115238627	18.487965551290734822487138444558
13.810913570910161141114258498419	1.786777611514707153617109725019
19.250467593017560830048751085997	5.639710150001898014693324512336
8.912692580709123291171636083163	19.676147546494171081121749011800
8.522262844200277243089658441022	13.312116343728634504373076197226
14.927417489085904378498526057228	17.450464232330574532170430757105
9.004388737894233329939197574276	1.899868431414244440702532301657
7.151391221752012583579016791191	11.479391161461860448866900696885
14.822062332665879580417822580785	13.382108740238898292318481253460
11.580314429926335861864572507329	6.545518466879438612693320465041
6.914304742864234576416038180469	15.638013008815665472184264217503
11.932488504812548413269723823760	11.461766710975233252156613161787
11.910871155078371685931415413506	15.168750607303811861470421717968
19.014576667977543422693997854367	6.051833834637658782185098971240
19.653766794113881388739173416980	8.303760091983987123853694356512
19.777224105549024102401745039970	3.353835609488389213339587513474
17.656799712639134725122858071700	6.143006647454971158595071756281
14.314160994909011392905995307956	16.536403768400209202127371099778
3.380456852416344748490928395768	2.861896642569450310844558771350
4.142339741084883897315194190014	14.259217018685035327507648617029
19.548677590979817608740631840192	8.213067635168386004806961864233
1.950430331463812727577078476315	9.875277217249420758093947370071
2.263095386267992559226058801869	3.868539790290008717477121535921
7.640725652948951562848378671333	5.846792561055787373902603576425
16.519387185686472463430618518032	17.935308785042401780174259329215
17.651567597245968244124014745466	18.429501354155092940345639362931
4.177102551429703325425180082675	6.948198799398568326068925671279
14.041381899704870050982208340429	5.314734056221479541193275508704
5.071457705513029878829911467619	5.178427980771478367216786864446
12.363386976515391424413792265113	9.123068208694910197209537727758
16.271073182763494457958586281165	14.765041839677802926189542631619
5.716294047932668931366606557276	7.245917124917640173009658610681
13.488648662309570269712821755093	6.863053274694134842093262705021
13.157460433638895835883886320516	19.088424724931389420135019463487
9.660158427739551356694391870406	14.789025031055478720531937142368
10.410839621582393732523996732198	13.466470682622290411245558061637
16.098653895439120731225557392463	15.499637513142101141738748992793
2.613091752280871649105620235787	0.161996980027716563910189506714
13.203299875301050647635747736786	14.567050111991388661181190400384
4.672339756054149084718574158615	19.237035021805009904483085847460
15.165295903752953776688627840485	10.243547859438171698798214492854
1.939146054030795873757142544491	11.988147989951368543870557914488
2.405504179672712794513245171402	13.747654560799983158858594833873
8.449844772654062197148050472606	12.379139272860143705656810197979
19.848126467424286545337963616475	6.261474359712286386070445587393
14.638321200386236853319132933393	12.324950520766471129263663897291
17.123565209489090221950391423889	19.836605406283403851830371422693
18.078013882521791089175167144276	1.719935547052022783987013099249
12.184164538881161021777188580018	6.156856309160120943602123588789
18.717764053271672253231372451410	7.343365607374439107957186934073
13.833892342713031808898449526168	6.023191050298326132406145916320
9.829956090105721244754022336565	14.654134335686839207824050390627
19.670691351982242167650838382542	18.820849906756684788433631183580
13.820975275083082323135386104695	1.014500082528155822103599348338
2.254364027095117073429264564766	18.564310776311543804695247672498
8.274948965279643076087268127594	12.172040658673598301220408757217
17.179224086718360098302582628094	17.371207502627456165100738871843
7.730097820396572672052570851520	11.733072551488678669784349040128
