75
17.790052433451027269484256976284	16.723350557671224692057876382023
3.487952308254294031542031007120	13.935376763584150339170264487620
3.748603097524672023155289934948	2.793515796140109141987295515719
17.738427985586724844324635341763	13.154507857079957844348427897785
18.817877633900121026044871541671	2.757132492859986072630817943718
18.441983639417951934547090786509	17.513894952782212754982538172044
6.125257452369156752070011862088	13.544456547543376245812396518886
14.450828734582344736736558843404	15.579817533442007260191530804150
19.075558268746259926729180733673	7.112725455651909278742550668539
16.145729221807481934547467972152	11.617129797838618543437405605800
16.941050345341000848975454573520	9.352481360607630023196179536171
6.001978227884093186617064930033	19.273665368391313279516907641664
3.219489708820160167590529454174	0.769807852853912066848351969384
17.686220946649278573659103130922	2.019964266241367489840285998071
15.567899962930884072420667507686	3.728495325473657473480670887511
10.734305942606617634282883955166	6.873972918306321844283957034349
1.817044464724411056977260159329	17.299945508215664347062556771562
5.995163820226654394218712695874	10.023446381044415431915695080534
7.969854114051049265299297985621	6.597440013042302098256186582148
4.585826856811705098948550585192	2.362279941819891426746380602708
1.813136002608062291585611092160	18.361096934974511896143667399883
5.131747880242225612335005280329	2.125579362635419133908953881473
0.222865349538523549455248939921	4.402567203684057517421024385840
14.849129871492197096927156962920	7.891503237030845774313547735801
18.939364881814402252757645328529	10.001335773964372677369283337612
15.636855113159883856610576913226	17.834594352693287078182038385421
0.294789363832230755235741526121	4.031765130631241866865366318962
14.346375680887099690608010860160	17.963778342679013633187423693016
0.852178822168907501577450602781	5.376044681034118255524845153559
15.111851350529178716897149570286	9.014022731152939726939621323254
1.670361499396486593127519881818	7.873854136683502424887137749465
10.660771839131150784396595554426	11.146132732634869810794953082222
7.500895524298323735479243623558	8.013386373130529705122171435505
15.165981996117212204921997908968	1.612720367969366908056372267311
19.179208854371012193951173685491	18.975717247852582403311316738836
3.414321394860813096983065406675	11.140199976508615264947366085835
10.078006109097900733218011737335	3.241764397797255448097075714031
4.961116839763073826929939968977	8.229578304772926955479306343477
11.558850662103523632140422705561	13.496493769270376361646412988193
14.110664614978363218256163236219	1.084869242639248110293692661799
5.038814741541726149876012641471	6.155916985663067997336383996299
12.113650296450661159042283543386	5.126362676375642024595435941592
0.814278337332021706629348045681	16.209919603864040738017138210125
17.191377382858508582330614444800	3.348716862809697492053828682401
3.850014901445777404376258346019	0.831953802430931421696413963218
15.067004408670685577931180887390	7.633023318981435600960594456410
12.144817846128708183073285908904	10.344097202804608315318546374328
13.903195070654687626188206195366	16.752510702909596318477269960567
17.926038897154480622475603013299	1.818654791961196171001802213141
16.897821629345102678598777856678	15.255806887370336966114336973988
17.519674968914749513260176172480	18.459330492983788474248285638168
19.587825552796115147202726802789	1.734571063825203207642289271462
7.289161303852251805324158340227	14.155905304398508803842560155317
5.369283338726493326475974754430	18.299563543783833097222668584436
5.722031742478968396881100488827	4.850296710328418470226097269915
18.688144527219854751365346601233	5.738387376021605312814699573210
5.725518117614631918854684045073	6.780134352358135885197043535300
19.451973176808664334203058388084	2.705517344526142675675828286330
9.706278679416900700971382320859	6.321553516969440345008024451090
2.731340283908756383368654496735	8.115613381668641324040436302312
12.844298591630634476246086705942	9.207362937699992144757743517403
6.093218626396517123566809459589	17.741306512353759217148763127625
6.182853840111501853016306995414	0.366732766220125849798705530702
11.228601325282557610307776485570	1.805261482938615991145070438506
16.379706937819392464916745666414	9.037650081896034137685091991443
1.501861425162571705982372805011	9.478161017349311379120990750380
8.659847824541913041684892959893	8.407545147115975225915462942794
13.331864490307358650511559972074	18.103881438524041413984377868474
13.564147047502013165853895770852	4.535805830001469196588459453778
3.417016486771864425264766396140	4.005814425218341412460176798049
10.294275332053695493073064426426	8.416690119668279734810312220361
2.835730046447153540611907374114	9.301870673936232236655996530317
0.056536891491900664874492576928	12.477627090260259734577630297281
8.888744100171365403184609021991	19.701307390243496087123276083730
3.202306899667695105904385854956	8.823761293874630595723829173949
0.372780123264526697113296904718	3.428440374274492885575682521448
19.320893528716879927742411382496	19.659476840132942498939883080311
0.331108842071465847567424134468	16.158246506179512635981154744513
8.693054423515754081108752870932	16.095668048597996602211424033158
9.606411236811602805119036929682	18.579073609881156414758152095601
3.242058987777116652040376720834	4.898378686641851054162088985322
5.522642139625382640133466338739	18.232812308539841694710048614070
6.574693206140724832664545829175	19.067694809701936975443459232338
12.620445729007411017619233462028	17.315161013458727268243819708005
16.954396944369889865811273921281	2.864163960055272628579814409022
4.767693333919746478954948543105	18.968648720651287931104889139533
2.234134050149159111953167666798	14.752500972166773252070015587378
17.914510360929437382537798839621	10.550711248006685138989269034937
7.321783743783307762953427300090	7.849651521469156456589644221822
4.971093879223866807137710566167	19.269341063172177541673590894789
8.604645468037301014874174143188	0.632003197913206804514629766345
2.743664776946108663224777046707	2.731376577636570601725907181390
4.602310940373241621159650094341	3.420226746194945377510521211661
7.455340477842453239532005682122	4.810677482314583031097754428629
15.208241115711940594223960943054	17.917024303236161131280823610723
4.126202557471247978071460238425	13.189028692074201032369273889344
11.777348549671275534933556627948	12.266380500047588952838850673288
0.709868199017777978809817795991	4.368253537317210444257398194168
5.864981320904114170389220817015	1.750177119085638555162631746498
19.195172720154701551109610591084	15.134947318036928720630385214463
3.109745188853654251914804262924	2.309805639524618037228265166050
16.045726557373566123487762524746	10.501777977727391188977890124079
1.602735746968075858376323594712	5.475284863432126059024085407145
2.517947305077583575183552966337	10.520232338121521920015766227152
10.587230197418598720560112269595	19.805581897976168193054036237299
1.451698256480808968404971892596	19.009645170836940053504804382101
11.966219964609392079069039027672	2.967844828380035160364514013054
9.608227335975076499607894220389	2.717775635029968661626753601013
17.163002466755781227902843966149	13.837544254275561783629200363066
18.298181303827053767463439726271	18.858400390743497609946643933654
2.739137977266736800885382763227	15.348022887131492097978480160236
5.553524777058173711452582210768	19.791532984039147180510553880595
4.240395686098832328525531920604	7.272804672026456529465576750226
5.876314563121733947070879366947	13.965165964008345866886884323321
6.266130488390341923832238535397	4.508210811324577349523679004051
2.800519351941599399680171700311	2.635649999471352256108502842835
19.241507772646148310968783334829	18.096166619482069393143319757655
13.410557839273430147386534372345	17.547632674780292205696241580881
19.722616445262033835206239018589	7.200434746080750514352075697388
15.570731640347759139331174083054	11.917152818719053186669043498114
2.291510488186789817888211473473	6.354002917167265174214207945624
0.443992660853969045575695417938	19.372189708568146926381814409979
7.258054137651699377897784870584	13.643400384446366047086485195905
19.252724968632346502772634266876	19.689342474584854869590344605967
9.118275073839958722032861260232	0.845075691656473892976464412641
19.229447560111861292853063787334	0.894749913316585931966073985677
15.754931771606452528544650704134	0.213551187795411046010940481210
16.162222270100595977737611974590	6.665790021436501788798523193691
10.000641572450255978310451610014	0.718202386253357083489845535951
1.516816297768499577358625174384	4.939117466354985275245326192817
10.238662059753478317247754603159	17.333608468785513423426891677082
0.763662562378490950010245796875	17.953083827025551499900757335126
3.427975189090477492470654397039	6.318435334595388752632061368786
13.804219906824785724097637285013	18.559816077321475091821412206627
4.702800184591515275656092853751	8.028865790313711059411616588477
5.586153490332770310544674430275	13.264852020952089262095796584617
15.967785964183695668339169060346	11.390901102643960385307764227036
4.839082661371463700561434961855	3.449050213650037832735506526660
2.350402601368888344524066269514	16.309698690791961439572332892567
1.385710833371627259680280985776	18.317804840122381193623368744738
6.668357356163858717934544984018	12.342664129396187178144828067161
14.648307708348456301905571308453	13.092012888715620633206526690628
5.414768681523280946521481382661	15.806732098793803587000184052158
5.583440041803902076367194240447	4.817665356103281837363283557352
7.034089347691667271078586054500	12.630395404317656726789209642448
12.349973779215353886229422641918	18.625187488113930101008008932695
4.024524253519219385566429991741	15.722024159373502172343251004349
2.137935448504988400486581667792	11.782163734520914033510052831843
19.233740464508628065232187509537	19.967304524789273756368856993504
2.631991677625480363644783210475	0.998872627141751401325109327445
9.449917012645167702089565864298	7.523874912538072834422564483248
11.780195849829503629280225140974	19.940571088418995060465022106655
3.509611913820609441216902268934	3.254106521573500998556482954882
11.955560511693786196474320604466	13.222539251938423277010770107154
7.077013222684220394853582547512	12.594309096715480933426078991033
17.205528756439527171551162609830	14.000238586268011431457125581801
0.207588367667608242328469714266	7.531376040785358050300146715017
0.077465656223014711656560393749	2.669808132317597060279013021500
11.725279305469971546926899463870	10.925017691208351422460509638768
1.764255934208063258950005547376	0.728864166417924064234057368594
9.804539484332559950985341856722	3.816795391438911888570828523370
17.807559896786301578686106950045	2.363011525339728802208583147149
2.740168015504935716819545632461	1.450724717991223045032711524982
7.513759878806139269613595388364	18.990630468525097285237279720604
9.856972412480534018186517641880	6.044203492786754949861460772809
6.215027004020070577894330199342	15.674981717186371454886284482200
0.030905007663368788684010723955	6.950172246846455514912577200448
8.471701730259175278092698135879	14.724785251320875900660212209914
16.162837903489016611047190963291	12.156650247851484181182968313806
10.596950898645669525421908474527	18.700384491150870758247037883848
8.366719217008890652209629479330	19.674843473920123670950488303788
14.517409388251348190124190296046	1.358326324727159306604562516441
7.326070946303588904413572890917	16.355153830670875692021581926383
8.789261367274416869577180477791	19.693973075856970211816587834619
4.605835622398480211359128588811	19.043751034266076516132670803927
