75
10.583297966964064329431494115852	10.101936966904636605590894760098
10.147389940525203044785484962631	9.268315072339065707751615263987
10.384191228305420295896510651801	10.078916497545696628890254942235
10.974009445984416188935028912965	8.784643798393428681947625591420
10.958744439717531093947400222532	11.690085118973621902682680229191
9.814083176361242166763076966163	8.837220852360806233605217130389
10.504106929156961314220097847283	10.009326379948232599303992174100
9.466232059492268646749835170340	8.925521934457945505414500075858
9.207951280970938512382417684421	10.443970821074799459893256425858
8.639771127019375995814698399045	9.852727471200735109846391424071
11.737283369502387486704719776753	8.261109405872247180013800971210
12.131348605846415722453457419761	10.018705230534354910787442349829
10.633446116483172616540286981035	10.148063407268006486106060037855
9.907278394042174696210167894606	9.693245557655981059497207752429
10.803307772101213402038411004469	9.572744556156237649702234193683
10.864045974161276930658459605183	9.976585894962104461569651903119
9.028672641936626774850083165802	8.878316959327110069466471031774
9.251026999752944846022728597745	10.776863979482786959351869882084
9.778586471103013266770176414866	10.861085926288161829234013566747
10.179851092718504190770545392297	9.744711147072377954714283987414
8.953326768381787204020838544238	9.803691572640342855038397829048
10.094032978253110854893748182803	9.298864736141394971014051407110
10.305308678102360175898866145872	9.586640150238189050924120238051
10.465143340178281405883353727404	11.085046587596991685131797567010
9.357425199954972683258347387891	10.231685388287466764722921652719
10.200435431616384107655903790146	10.866125561879456995484360959381
11.105786899520996513501813751645	10.388148595963935250097165408079
9.367328778412444378886902995873	9.647096340295419736321491654962
9.581777330912890633385359251406	9.801134566315587548501753190067
10.763676216111100814032397465780	9.266248853388002970632442156784
9.836805302106895965152943972498	9.909281988606322144619298342150
11.410982902293644869473610015120	10.291165830636920475171791622415
9.462799657257370711249677697197	10.701702985512410393198479141574
10.147929018069349993425021239091	9.809696109762368720907943497878
8.787798608222168184056499740109	8.872435068990940365551978175063
10.227438628489647243213767069392	8.958504529362567581074472400360
11.753831256548506800641007430386	10.107889406356706629708241962362
11.941829451265965289508130808827	12.147632901972631458420437411405
11.332714058979853177788754692301	9.399372856888771110561719979160
9.370871184529960373765788972378	10.601607883791110964466497534886
8.901082390034765978725772583857	9.977356592026429993325109535363
9.464944811557307602356559073087	10.412500344794283435589932196308
8.307567211839133491935172060039	9.413170308540260933227727946360
8.161319498730595256574815721251	10.996796252555416373297703103162
11.811847879120042748013474920299	11.323681293015528837031524744816
9.532356138467298123373439011630	11.390721182326901228520910080988
9.364588691745693083134938206058	8.337094449061030587699860916473
9.138869547269750981399738520849	9.780181342661034449292856152169
10.873575920996985999522621568758	9.389922657949892226270094397478
9.871788195997627468614155077375	10.515355955592022851874389743898
9.754677548561172528707174933515	8.988687403721788982124962785747
10.113841551629597859118803171441	10.528647537997631644657303695567
11.144691004799183176032784103882	8.835107160407339677021809620783
10.529030431657682598256542405579	9.652588443855718125519160821568
10.100495037195754477465925447177	11.070405492685695847399074409623
10.556025806786927034863765584305	11.048644221651546359908024896868
10.334476505119713607427911483683	10.467449058625060587246480281465
11.040278269461436977394441782963	10.064777627966321915664593689144
11.444595956590935870167413668241	12.443660293894788892998803930823
10.895079464962149629059240396600	11.731754767823471041765515110455
11.102599742887187872497634089086	11.697039749083957715924952935893
9.252486564220209430686736595817	11.081632611972107582687385729514
9.344019325604653758432505128440	10.755561527833808810328264371492
8.877402807517629668154768296517	11.000998294890759865438667475246
7.628659890700941303975923801772	12.013740335935354508478667412419
10.562737077021077780614177754615	9.888863505673839426890481263399
11.011075514788201346050300344359	11.369616649205010361356471548788
9.827630093084993134766591538209	9.513314945590103377526247641072
7.941714957130644236826810811181	11.555928802662521093225223012269
11.345122235062039095510044717230	10.224608381191877981564175570384
8.552304154763611165890324627981	9.860599672136478588413410761859
9.602109836779547435980930458754	7.879154215694459395535886869766
10.517168846083620792342117056251	11.095062866857238859097378735896
9.303650610079888139125614543445	9.217260546379780095094247371890
9.694932543936218394264869857579	9.652595774418990970389131689444
9.978245416911191156827953818720	11.051473541630510766253792098723
9.768008573226337531991703144740	10.385471731173312903706573706586
10.068996725084495835744746727869	8.279038909120423284093703841791
10.197061258342262846099401940592	10.469120869956011432577724917792
9.274845269694946381378031219356	9.578908697518976111950905760750
11.885286015622511968103935942054	9.438162799605191111140811699443
6.650074629581649077181282336824	11.082144941294437501255742972717
10.463520145143672124277145485394	9.473368741715317398188744846266
10.054589502845763249183619336691	9.612531743774074044495137059130
10.420038822547731172107887687162	9.991811452023350526019385142718
10.699121374050267974098460399546	11.445507545887330991263297619298
10.088726613564457323946044198237	10.204202314413191032826944137923
8.771570442535173484088772966061	8.123135859560644433940979070030
8.582131564881253282806028437335	9.331271022976054041464522015303
9.476713538422684379725069447886	13.210475537455451444657228421420
9.761421331265305312285818217788	11.476079022094026527156529482454
8.505448125788202418107175617479	10.493851093725512058085769240279
10.086021545282969569257147668395	10.481554458188513834215882525314
10.097548466364697716812770522665	11.640980126269681704798131249845
10.809155191944105567358747066464	10.777127004608995974876961554401
10.892148651390229474600346293300	10.038926508150446181844017701223
9.700800063739096756876278959680	9.535758747317984784785949159414
9.293156843111217924047195992898	11.021338325733506025017049978487
7.555717980183962012574738764670	10.569557818902621804113550751936
9.899918284040035487691966409329	10.149734201798199961785940104164
9.865223163999544908620009664446	11.287824587724669456179071858060
10.331275526062571046281846065540	8.899747662350840471390256425366
9.811083296615672466600699408446	10.594740301182827835191346821375
11.408951516722172669915380538441	8.391099672717235335994701017626
11.013374609381889612791383115109	10.266757869019599525017838459462
11.217587621385604279566905461252	8.931796873457908958471307414584
10.591634957939843886265407491010	10.947751041269759397778216225561
12.224309183172040960130289022345	12.120064872496122632128390250728
10.711766587398619421378498373087	10.030505432509968954946089070290
11.004769136158145670378871727735	9.215137836924133907245959562715
8.756654486974257523002052039374	10.187824471709607365710326121189
10.060958444794655619602963270154	8.191435456415099736204865621403
10.214219759764457506889812066220	9.797701973146700993311242200434
9.756521795058644030973482585978	8.253125196787467032777385611553
9.875116859116959133757518429775	9.789302946246408509978209622204
10.169209270472686412745133566204	9.269568160524425337598586338572
10.188367189985790162154444260523	10.227720289772113559934041404631
12.409894071140325166879847529344	9.832057699508141013211570680141
9.277228629958244709996506571770	9.982672196485701476831309264526
10.669230235594508116037104628049	10.390669597620689756922729429789
9.297735803144899335848094779067	10.315416099023074991691828472540
10.484952954959268822676676791161	10.684409609537082630481563683134
9.332126093488129825459509447683	10.721070499431766265274745819625
10.403621457550547901860227284487	11.111908908058872214041912229732
10.192621517378835704903394798748	9.108626274638814024342536868062
8.030664582557617947600192565005	11.216019500800225472403326421045
10.428751055763175514812246547081	9.497313980382742215624602977186
8.706450276363529638956606504507	11.121638619435804784529864264186
10.595940093954098415451881010085	11.419773144768896599998697638512
8.971868352369417820568742172327	9.620681500926565377085353247821
9.499513727158863218846818199381	12.214736649436590099071509030182
11.335970629065776904553786152974	10.934894896338446912409381184261
10.106717560336775818541354965419	10.189742661577859905719378730282
7.210245469924044137144392152550	8.658969406902450316465547075495
11.665373745162433749555930262432	9.238610436122259628177744161803
10.394303452000302812052723311353	9.864664231195774846128188073635
11.188295626790679904161152080633	10.014984670297408797523530665785
10.442398039750205640530111850239	10.173090032778985047912101435941
9.942883356209872403042027144693	12.348831162271999062340910313651
8.808796812909619688980455975980	10.248903771066137480261204473209
8.243098562310972710065470892005	9.359141445423999172703588556033
10.053823744833454867375621688552	9.440036814851497481981823511887
9.212240326509176568947623309214	10.988637170637469253620110976044
9.274667647522035096585568680894	8.866777821185664265613013412803
8.321350717053611845130944857374	11.016537544600836895369866397232
10.907247843231768769101108773611	9.158878898914549537835227965843
9.186421674415477411912434035912	9.297354215800870846919679024722
10.675743380651647740364751371089	11.040842817697049227376737690065
9.965914589608813045629176485818	9.532532159350225242633314337581
8.896069090619473485048729344271	7.171812724887248080563040275592
8.802027170380561926776863401756	8.251161322138891307531594065949
9.450457444500248271879172534682	10.635581648282700584218218864407
8.259023049965623641810452681966	9.107871733957935589387489017099
8.669688865762168461515102535486	11.062662662431574034371806192212
10.509675415783956253790165646933	9.594019984122970967632682004478
9.638061861525002882444823626429	8.307365374881959141362131049391
8.743350116653328285565294208936	9.158840455491029430845628667157
8.255935301137411030936164024752	10.208615359228334185104358766694
9.636080354947706538837337575387	9.441993773009240698002031422220
10.673295700721640244523769069929	11.404778528990254571340301481541
9.273436324564023891525721410289	9.091523576503051984332159918267
10.004038940864329987334713223390	9.595378697454304273151137749664
7.660661830654561299525084905326	11.217676430144324584148307621945
10.017830658347676830999262165278	11.235368178050013199253953644074
8.466844487935658136734673462342	9.413220135194256599220352654811
10.084211071942572601756182848476	10.130472506244455388468850287609
8.640391518580806007321370998397	9.497289893087240031377405102830
9.863930089650295940373325720429	11.257978589543141012541127565783
10.796673570984143708528790739365	8.999029643775116937831626273692
9.332267358786349831234474550001	9.782438562098935364019780536182
9.938216367345695800850080559030	9.533539379395584489884640788659
10.224707779877952873448521131650	9.393987179617694138755723542999
9.476930118409283565483747224789	8.764225358931101439452504564542
10.390780547097625330366099660750	11.032522350813428246851799485739
11.358509550334762394641074934043	9.855322630459564692273488617502
11.222648647100639252016662794631	10.199047568997066548490693094209
9.825993379769460744910247740336	9.559058879683329124077317828778
10.263989921778414071695806342177	9.388592499123745938049978576601
9.761141482823425974402198335156	9.656815492309783977020742895547
11.777525347444042225220073305536	9.697547968615669589098615688272
7.754661883909379938017991662491	10.353272173803375721945485565811
10.542335504486546327029827807564	10.531911927006602169853977102321
10.375072810450541638260801846627	11.155003893882923904357085120864
9.091482801289302528857660945505	10.125967771942114836747350636870
9.529795197993419009208082570694	10.427649940779351922515161277261
9.422809765151747285472083603963	8.818258322638028445794589060824
9.756268387849326373384428734425	9.976380319599790880147338612005
8.637328144165939747267657367047	11.296647859998332208419924427290
7.949409459193342186722475162242	8.736167974852017792386504879687
9.510436564150143823326288838871	9.748582466437897053879169106949
10.256487359144278670441963186022	10.695891120571285881624135072343
9.444841781577476780284996493720	9.187515390301632223213346151169
7.825715319358221400136699230643	10.615842861859769996613067633007
8.167568877116382353165136009920	10.005448844734331714789732359350
9.822583523042094810762137058191	8.513516599936933104686431761365
9.286836221049657780213237856515	9.407667164491584799179690890014
8.672293617032782009346192353405	10.744154636397507118772409739904
9.551019057526382027845102129504	10.516394496705524730373326747213
10.933583957846090939369787520263	10.831686901648064136338689422701
10.188374854517720180524520401377	9.937060488373509414827822183724
