75
10.974459033567976362633089593146	9.587639948269002232450475275982
10.820106366763710070699744392186	9.253202198365027442150676506571
10.348416004513122601338181993924	10.692755473987661574142293829937
11.123708184069636573099160159472	9.059586631956612734484224347398
9.342361561019639992764496128075	9.905875990303655953539418987930
8.944495641532819618646499293391	12.263374092298356288210925413296
8.934415591492017583163942617830	9.116233343159267477062712714542
9.647939048491172897570322675165	9.904634820300787012570253864396
9.581592080742128203496577043552	8.529384122664815492953493958339
8.330392539622017977762880036607	9.190588553586215070367870794144
9.005009554904066959579722606577	11.033330619263404415164586680476
9.985248965886382777057406201493	8.903226327797463923729992529843
10.571788279983080016677376988810	9.472648683273302339102883706801
9.887033107740622384085327212233	10.021772886532442470297610270791
10.392188022755423304488431313075	10.264160980661623412402150279377
11.037911264504222330629090720322	9.998183038332921768187588895671
10.387070343284269924311047361698	9.619145395703863954395274049602
8.177614968188320787589873361867	9.937404333508204956615372793749
11.761897962899148240012436872348	11.447338485674396935110053163953
9.949986780017473719794907083269	9.615208844058448889313694962766
8.270422267384070380558114266023	9.696918304921151587905114865862
10.366981412465067435846322041471	9.712416309777097467303974553943
10.100206969172877080609396216460	8.408498075572303775970794958994
9.016768966799840967496493249200	8.397876038600189829708142497111
11.395069704417235101345795555972	10.273573488162249134347803192213
10.431946639327639658745283668395	8.218240061786170613800095452461
9.675946411080062148357683327049	8.726336913331966371742964838631
12.465755903136676252529468911234	10.722279314207142419945739675313
10.606895684488090836339324596338	11.642126099603574473917433351744
9.560658540935053295584111765493	9.921167340090249808781663887203
8.185203293871754937072182656266	10.356709497336755276819530990906
9.209890700271191832371187047102	11.477021891208583070920212776400
9.696325144868444212420399708208	9.389807402190621488102806324605
8.270992763093975241872612969019	8.339064213389615787264119717292
10.964328108984178200557835225482	10.544610004234854727656056638807
9.724145905317364224629272939637	10.919133014430162376129374024458
10.445653331680070152742700884119	9.107701554725160519865312380716
9.979761921994711570960134849884	9.523520066794930016840226016939
10.851640194930729066413732653018	10.484473939949893406264891382307
11.832171030885426432632812066004	9.359914863209080948536211508326
8.164237427123341106494081031997	9.526151458261912452485375979450
10.602452713312645826704283535946	11.482637823725639236727147363126
9.260552137872918976313485472929	10.878576089852060704288305714726
9.831602989618396293280966347083	9.954221018151081068481289548799
10.606592902136878109331519226544	11.519713176645463903469135402702
9.286258012893354063521655916702	11.359727871023610035194906231482
9.239378179790600498222374881152	8.216927521763569330914833699353
9.485362054664259190417396894190	9.978107555728522370941391272936
10.115678036897838509844405052718	9.173523255090975325742874701973
10.105909503694107343108044005930	9.544078424940101612605758418795
9.735250242719533986246460699476	10.122790897549782229702941549476
10.070804007860997941747882578056	10.021681980241192277958361955825
9.080098783904560377777670510113	10.198090884081176810127544740681
10.920945518052043610168766463175	10.284063589449131015385319187772
9.474555060991793453695208881982	8.753320777248413619986422418151
10.997180355355748559986750478856	8.379642098316312015526818868238
11.224124671134514841241980320774	9.594131038757579332809655170422
11.009933212304970240325019403826	10.779561103124978060918692790437
8.590918563334343005521986924578	10.435318136167264668756615719758
10.748750935664283190362766617909	10.752063812181106072785041760653
8.352323289886147250626891036518	10.135623450292676750450482359156
10.904416095940808517639197816607	8.096027572656105064652365399525
9.919492464044397550537723873276	9.000385402539421875189873389900
8.074750981571938268643862102181	8.604612542121948592921398812905
9.376102544696056639850212377496	10.771215102802152330241369782016
10.843874918632991466438397765160	10.490079733900538272450830845628
8.632655919087639517783827614039	10.195930035141234526463449583389
10.231264324031883461429970338941	7.448695806642342986947369354311
8.603543804768140290661904145963	11.096755485495886972557855187915
9.062317498125791459528954874258	10.869419914545840555319955456071
9.932278817413696003768563969061	10.161571932237871251913929881994
9.831605595166335476164931606036	8.365703247798954578229313483462
9.812456163697170552495663287118	9.157125097380333755836545606144
9.510871861354148748546322167385	10.167349182809045871067610278260
12.043639939660064186455201706849	9.400252456985821680746084894054
9.462186398589915725665377976838	10.211422106456474523383803898469
10.228818278648175166267719760071	9.641608094834319686583512520883
9.664020674801779620111119584180	10.130251811208573542444355553016
10.076947471567848424456315115094	10.127320981236167085626220796257
9.084869893508255245251348242164	10.184083280028080054080419358797
8.993353656951988739365333458409	10.066093620271720610048760136124
9.581525023891954262467152148020	9.754670736077040160694195947144
10.901992350912522056205489207059	10.625173175447947926386405015364
11.475597131587093713278591167182	10.438424003575173415470089821611
10.280064117391001232704184076283	9.694825091179394505047639540862
8.797572411437775130593763606157	9.309034091859043513750293641351
10.542764560198172318905562860891	11.319174556478264648262666014489
8.422435632357283097348954470363	10.218644637035241728995060839225
9.979838384954588192954361147713	10.201918544967217172825257875957
10.721520147519727927942767564673	11.390371720108174002916712197475
11.074583146435667657669910113327	8.426515530954361565818544477224
8.475312104698176085548766423017	10.763673827944833405467761622276
9.517529782324734455301040725317	10.485925296029098063854689826258
9.543097613968248182914067001548	10.590860312484295491231023333967
10.825120234314049127988255349919	8.140267872650936098466445400845
10.872743007615492061290751735214	9.789896984947830560486181639135
10.120066188907323123657988617197	11.967296538632751889963401481509
9.588009053648928414759211591445	8.817658325767364857483698870055
9.013401706731993812127257115208	10.732654740050026731523757916875
9.602422222142173779957374790683	9.645449948905444159663602476940
10.138467024036602381897864688653	11.914556063251884765463728399482
9.481712369666352557828759017866	10.088949556633123094684378884267
9.685525275753377627552254125476	10.285382308539514184531071805395
9.652684791922752083337400108576	10.605652480817015614888987329323
8.648393036188434024325033533387	10.554862597188762407540707499720
9.827261955496144452126827673055	10.927434808290721335310990980361
11.543606568305069259849915397353	9.183519022831086786595733428840
9.402776517536906908389937598258	11.142802767446488232394585793372
9.754477771736565827609410916921	8.519428602302191677608789177611
9.703776954968368784193444298580	12.018332100749340440870582824573
9.911318190297322416881797835231	10.843856516580723692300125549082
9.441994604444133187826082576066	8.147263177672064315970601455774
9.716186549742374722882232163101	9.182639260250500257143357885070
10.116233051500303830039229069371	9.820222270501918870877489098348
10.162239582266089144013676559553	8.000263209938154318479064386338
10.808605902804856668808497488499	10.560381722602905085750535363331
10.233753310916995360457804054022	11.103572723026065460771860671230
10.212088137093585871184586721938	9.854413915700883208614868635777
10.458664389061222976806675433181	9.232056900064982585263351211324
8.894151495393685991075471974909	9.273190844406144606182351708412
7.940111032827482873130975349341	10.171719255105124091187462909147
10.026157020555283239104937820230	9.395825847869977209825265163090
11.945841604984357431362695933785	9.917132535914200630600134900305
9.791148083493647291675188171212	10.574236195568101237540759029798
10.438640391544813823543336184230	9.808428772878816204183749505319
7.406374333443150881350902636768	9.220568056249101474008966761176
9.396451745207160755057884671260	8.778183214107967202721738431137
10.025955816091730810057924827561	9.466202562599296044254515436478
9.895110395395958491349119867664	10.676953605921793766242444689851
10.279733837532367246581088693347	10.564092158376393371099766227417
9.083333126306424532003802596591	9.887928245019034889651265984867
10.420658593792486712459322006907	9.898216567294685575006951694377
8.889054634688232425787646207027	11.104881201459019024468943825923
12.297035217367588089132368622813	11.300674391470163726580722141080
10.579845802306387270164123037830	9.363427778774212839607571368106
8.833574617225645297935443522874	9.480415047318574650603295594919
10.679087387676299059080520237330	8.315034487584821221162201254629
8.588419397675895794463940546848	9.842419510209586164251049922314
11.072714893745166264693580160383	10.080456271572701965055784967262
10.247575284411034601816936628893	10.910077631928899677404842805117
10.234345895471497200901467294898	9.502408673781733483565403730609
9.633498717160485114163748221472	10.579850491259813694000513351057
10.192937118899331849775080627296	9.136814771246797306503140134737
10.049158374871227650260152586270	8.113752501420750107286039565224
9.237980324213006966260763874743	9.882280327763046656741607876029
10.854793321708877229525569418911	10.867877273005486671308972290717
8.048197549506244996564419125207	11.875632181103529916299521573819
8.623699292463754773052642121911	9.513508426078351121191190031823
10.021622068734554744651177315973	9.503213733614044755881877790671
10.268039646110489471197979582939	9.157277624630602019806246971712
9.499841217487283273612774792127	9.583420912919793366313570004422
11.438260159832051243711248389445	9.403474799688382290696608833969
9.857753212166130651894491165876	9.180118419338269220020265493076
11.370688381398871058536315103993	10.490775414378306962248643685598
9.528594359919809519965383515228	10.974417462190933392207625729498
9.009343436839776231295218167361	11.567355582048124418292900372762
10.415987175169959755294257774949	8.768019839210559496223140740767
9.227861295750898307233001105487	9.031543045518860779452552378643
10.041706092696424335031224472914	10.178680212597376097960477636661
7.759633650893162482020670722704	9.863705595251525792832580918912
7.570827811335178125773381907493	10.736979751473104016668003168888
9.579526786979544183964208059479	9.086153305238449107150700001512
11.575088139606682702265061379876	9.743175193062441508118354249746
9.149686344629810008655113051645	8.452574740672730513324495404959
12.258294066081983686444800696336	11.109063157736343896431208122522
8.101173059510008656047830299940	10.289153434789813701399907586165
8.876398627800066165605130663607	11.220290436744161155502297333442
10.584929488888707993510251981206	9.853499120897499352622617152520
9.317264831815103676149192324374	11.495494510145114475108130136505
10.020728464520919587243952264544	9.303339031645744938714415184222
10.207507153821291367989942955319	10.079550589213530642496152722742
11.420339144130540631749681779183	9.237902027418217087983975943644
9.839091548552087118650888442062	9.703305489719440402041072957218
9.763227961074111505013206624426	10.825740255922831067891820566729
8.255762914228828464047182933427	9.108084545816121035954893159214
8.959530642091964480755450495053	8.710642505498745080672051699366
11.853109213133834032305458094925	9.489601477362704429197037825361
10.063374110014668971757600957062	10.290016061471090935697247914504
9.759966020721028812090480641928	9.610742023412717216501732764300
9.930921775599527379085884604137	9.229279329759625838391912111547
11.509260765838039475283949286677	10.623616334601933886006008833647
10.426853586931420281302962393966	9.350883332851761764459297410212
10.052474342394832618197142437566	8.617728925139552131895470665768
10.086381279195313354080099088605	8.903065256949400207986400346272
10.240602432962116807857455569319	10.334539198150766381445464503486
10.391001898170175721247687761206	11.115109687625270851185632636771
10.600934566646996515260070736986	9.675632756240080567522454657592
8.699290690337370790530258091167	10.517644548062650144970575638581
8.150111359120911558306943334173	12.298531968969072636355122085661
10.026253409036570474199834279716	7.952089609746424869740621943492
11.260123187329023508596037572715	10.186690022748894790538543020375
10.939319345647671610777251771651	9.249491885993409212574078992475
11.845040555470838228302454808727	10.173776598011121663489575439598
11.909818371522675306550809182227	12.399487279109244752817176049575
9.104545964826131765335048839916	8.222124013369874973022888298146
9.258564351139382253563780977856	10.577487318094091151010616158601
12.166241032633026364351280790288	10.181210260373896758778755611274
10.474354414963009674011118477210	9.555794442878797312346250691917
10.008842385204571812096219218802	8.076731517202237142782905721106
11.245501159856202022524485073518	9.502781610855690175299059774261
