75
9.950662346088149590173088654410	9.655224125706267201962873514276
11.512242938071890918649842205923	8.416427339542781993486642022617
11.501679270954932476911380945239	9.483030366741457939383508346509
10.480745504324602279666578397155	11.593070140943819268386505427770
10.486446245016590950172030716203	10.412843585833478243785066297278
10.307335784527603905758041946683	8.643996460722721764113885001279
9.690883690459084931489996961318	9.531948059055823208041147154290
11.728311450103074520256996038370	10.522816224948128294158777862322
9.909175633917724823618300433736	9.284656322217170298927158000879
10.284827072270273262688533577602	10.514037973226653122083007474430
11.270865674846087145510864502285	6.799586092170205375850855489261
9.607724133085687512334516213741	10.474300515950647039176146790851
10.450946835246162081034526636358	9.864775161416485360632577794604
10.467035893814081504160640179180	10.634056797202040556271640525665
10.603573958534415311305565410294	9.039795446321953420465433737263
10.961208285628554648383214953355	10.488398224056052043806630535983
9.726353464701562145933166902978	11.248996232798115002537997497711
11.644293587598754768919206981082	10.255060383532446977028484980110
9.833383433180806321161071537063	10.295389610801819912921928334981
10.955437473486565380653701140545	10.257480212498061078463251760695
9.476470524831910324792261235416	10.578035234177459500415352522396
10.201633009195369083954574307427	8.391718796095132049117637507152
8.670428386211685989337638602592	8.393166407249644578314473619685
7.770328564237318325069736602018	11.719830938524514962750799895730
8.245601457614604612444964004681	10.274595676650339015623103477992
9.729358185780641932183243625332	10.554925793175479853402976004872
10.371153820152551716660127567593	9.289284205489863666116434615105
9.665087344348011200168002687860	8.513326827672052843354322249070
10.929039190000121806178867700510	10.497161215203762552050648082513
9.738315148097974827123834984377	9.913040901847516295219975290820
8.579427498723021017212886363268	10.432780492410703487848877557553
9.656905954094355593042564578354	10.500108978261085468375313212164
8.366958800440567500800170819275	10.275471863726222565560419752728
9.002663102483005275189498206601	11.205804793682151654365952708758
9.519291494993968427706931834109	10.508902481886527979781931207981
11.047129665786282970429965644144	10.505917759994217064445365394931
10.659732134112292811778388568200	8.682866535650434869353375688661
10.161111723883305302251756074838	10.278333816676335388251573021989
11.456759334998597665844499715604	9.848258023227396407150990853552
8.802858584531417562857313896529	8.743535354120968605684538488276
10.811479318546105332643492147326	10.455657654464628691926009196322
12.347755645016800229996078996919	10.924877890558573056978275417350
9.351594839362405764404684305191	9.120320101508575305615522665903
9.663102364685052236836781958118	9.638396789737525338637169625144
10.363224971012108710510801756755	8.099339438985586170360875257757
8.957772912430957745755222276784	10.521122334021859145991584227886
9.472352169480483752295185695402	8.432165039424770469622671953402
9.900746996658973841931583592668	10.244433879745997728605289012194
11.078057030468533739053782483097	7.951513143402745953380872379057
9.402162284711602424636112118606	10.053358449341299518664527568035
11.477213514068536071022208489012	9.364350152973090146701906633098
11.264946125560644674123977893032	10.365052756995151383989650639705
11.985864592668686867682481533848	11.161481480731991311472484085243
10.056245911275956572694667556789	10.166644301859095733675530937035
9.344046162272469757681392366067	9.268407152901581014248222345486
10.689733459337061205474128655624	10.136708759333181717465777182952
8.750618335821975790622673230246	9.343767205784031304460768296849
8.142559817154785051229737291578	11.726536431785413938655437959824
12.083570456466608433743203931954	8.734474574592500317748999805190
11.053757461037465148478986520786	9.612858862581390440027462318540
10.544533733787401885706458415370	9.841057809741892370425375702325
9.433197733357935987896780716255	8.161975509482143564810030511580
9.406297859198257782509244862013	10.575927613640464741706637141760
11.231780272767037942571732855868	10.081227612123170089830637152772
12.283757110542651957985071931034	11.026840641700905720767877937760
9.331448796840124515483694267459	9.909921688515151316778428736143
10.662556680177658563479781150818	8.061227357619289435319842596073
9.984910342178807240998139604926	9.706582750680352589256472128909
9.091957319447949714685819344595	12.784378787445595193617009499576
11.496496467880632508240523748100	10.784961147221519439654002781026
10.027522063994229739591901306994	7.866946031756921087207956588827
10.979013956366905802042310824618	8.642200778658366999707141076215
9.111756557560259039973971084692	8.974365035012931812730130332056
8.263021223117744895603209442925	10.421482544686533344702183967456
11.033059861560712278105711448006	10.808407782616695769206671684515
10.053462560710823225917920353822	9.374648008388437148141747456975
9.416450735618518308456259546801	11.552140123153870732153336575720
9.150377674692437679482281964738	9.422353812712653819971819757484
9.687149227688641062172791862395	9.757374901397152910931254155003
9.761417178504780522985129209701	12.028788967618680771920480765402
10.079684145614004719959666545037	11.057745579417852965775637130719
8.572689309227900622545348596759	8.603684540476734809999470598996
9.406023080942501835011171351653	10.079789153843460525195041554980
9.119899847588945007714755774941	9.912419493341767307015288679395
11.159420621260501604865567060187	8.790281585065860880945365352090
9.227220889851118101887550437823	10.362874195730178428220824571326
10.877594603430704722768496139906	10.377625460906976684327673865482
10.539475484782014902407354384195	9.950381653373923995786753948778
8.475008689935878081200826272834	8.456442180131999108994023117702
9.668002332481272276254458120093	9.735001757033833413856882543769
9.224779761452600368443199840840	10.075273594942336430335672048386
9.900922368022714081803314911667	10.531111694470157047476277512033
10.696810506419378583586876629852	10.579026881723841313487355364487
9.388321081299624282223703630734	8.692404905831597972110103000887
9.379829951903559503989527001977	10.147515311255578041027547442354
11.453553923621269561294866434764	11.296359149069910898788293707184
8.935992201495594144944334402680	9.854756098179306533779708843213
9.449028494692024437995314656291	13.106536638065851008150275447406
8.910829061030309361512991017662	10.839296193066516593717096839100
8.564156162099477498372834816109	12.126948076629499695400227210484
12.484467094514515750347527500708	9.065424808493020236710435710847
10.912046885390205730459456390236	10.305672950410517785257979994640
11.098677366653609155378035211470	10.651899539962199625620087317657
10.787153674571861472486489219591	10.111385705436234161425090860575
9.415264061190358191311133850832	9.924298949258787416738414322026
11.268035682794454999111621873453	9.922538328740403201777553476859
9.337558356429035200108046410605	11.138965588462992784002381085884
8.769037837380754041305408463813	10.562525100529985166986080002971
10.636281226138654787405357637908	9.374570649425981727631551621016
12.124424759976324850185847026296	9.850236136840473832876341475639
9.991709276231244274413256789558	10.548092312059322850359421863686
11.003688204368113900954995187931	9.175417523170123601516934286337
10.523577931662517315203331236262	11.424124527876923451685797772370
7.969480824511318672875859192573	8.938988140960333339535281993449
8.653049839729840542190686392132	10.596855683971512007701676338911
10.773915269877488043448465759866	10.344494252519744748042285209522
9.989967261561053746277138998266	10.390836041333319172963456367142
8.760043178779815420398335845675	10.853664174980833578842975839507
8.550568678979869829959170601796	9.853470822404846174435988359619
10.029158318417806583511264761910	9.665775410239078269114543218166
9.794963064288507936794303532224	10.821672547434323163884073437657
8.059368062256922371489054057747	10.065269326263658555831170815509
9.194524373257904059641987259965	10.527853756782702632222026295494
9.471420620998866723994069616310	9.495048295666846271956273994874
9.390561831027934402982282335870	9.290384573117309585654766124208
8.224245248492499271719680109527	10.606215230751677935927546059247
10.501115288993940311002006637864	10.233806580130734076305998314638
11.049015257476607843045712797903	9.817337213551992292082104540896
10.244448669592511436121640144847	9.130724177411082109756534919143
11.420758136819797456951164349448	9.998038405106120407594971766230
10.384817134529599869097182818223	8.100258443764516869123326614499
10.380798054759658555212809005752	10.429403222263461614716106851120
9.834113183596230101102264598012	10.655924027426683764474546478596
9.279559410393359186741690791678	9.822460948086394694200862431899
10.734234499143415320077110663988	11.297100102320978720626953872852
9.253729637526555862336863356177	10.516039367572012963591987499967
9.297525301107217643448166199960	9.202487021159884150733887508977
11.821835702303891579845185333397	10.447713936221793673553293047007
9.423534849895283116438804427162	9.367856328386359621163137489930
8.978789716107154816882029990666	9.356198403769479199354464071803
9.624263471272417547197619569488	9.428673559046577778985920303967
9.780572564067410823440695821773	9.953063146627815882538925507106
11.344454095998544929102536116261	10.949105074912427681965709780343
9.577069192371169492616900242865	10.789500489756488121884103748016
10.746592837332551439999406284187	7.882400052040232196759461658075
8.915013265332841996269053197466	11.545483543686385630167023919057
9.376404215884148740656200970989	9.632722393506796265683078672737
11.561267233194460146705750958063	8.681671275934430553888887516223
10.168122392812090737379548954777	9.824988769163956803254222904798
10.678484285894276339945463405456	9.043614671294413653868105029687
8.383298650329530588010129577015	10.768226549789510215759946731851
10.217970012281591962732818501536	11.289094260123663460149145976175
9.467233682054194687793824414257	10.830746040764060111882827186491
10.120143221581987091894916375168	9.113708380274568199297391402069
9.913692817113481936530661187135	9.510819094885645696990650321823
9.678521078391773002636000455823	11.057557484343714548913339967839
9.605211633821850725212243560236	9.455260943110262772393070918042
8.645015892308244076502887764946	10.462492744969734914661785296630
9.346156407520501474550655984785	11.129407963702982797826734895352
11.083424601355144289982490590774	10.402274809048545733958235359751
10.072695386744619838736980454996	10.261335360322167531421655439772
8.633716234257784449823702743743	9.293397996092586765826126793399
10.993007818348109694284175930079	11.066283187100101059741064091213
10.218837400150077243665691639762	8.924051204075437837559547915589
10.057834502638574036836871528067	10.107455703365291199702369340230
8.308855815006518596987916680519	10.310062001834106482078823319171
10.349744194471753644393174909055	10.256968157385312423457435215823
10.135964540124707156110162031837	9.841617161472376196229561173823
9.607589511044771768411010270938	10.146186856701291389981633983552
8.579962686446881647839290963020	10.232600939705728038120469136629
11.678216524976969381555136351380	10.130672606834860260960340383463
10.241856923202751872281623946037	10.316927144623056378236469754484
10.016394485307579031996283447370	9.233282198436835841448555584066
10.759448418857916252022732805926	9.976300657390607895536049909424
10.349606815734746945167898957152	9.587635095849032396131406130735
10.269941514414473004990213667043	10.880189131881200736984283139464
9.193010217904090453089338552672	9.521511945231640794418126461096
10.256408497004146695985582482535	11.272539387240463781836297130212
10.143777043064341469857936317567	11.292321563837818487741060380358
10.958052537431667516898414760362	8.902863085249419938804749108385
10.549668080431308325728423369583	10.163763247151846869087421509903
12.620418553345206902349673327990	11.267074752869657316978191374801
9.585375014758376721601962344721	8.575673562722231579869003326166
10.658036152975833843470354622696	9.979048800812044817121204687282
9.770857843684677135343008558266	9.234751592604665049179857305717
8.001604095442882425004427204840	10.247049755459938680246523290407
9.804758742520510494955487956759	10.232007399332436747840802127030
9.878761220603553994124013115652	11.488296400143369169200013857335
10.195831228938036616682438761927	9.733642179960485307788076170254
8.949624593776320580218452960253	11.521695400400187025979903410189
11.134738270152952921421274368186	11.060060120315508669364135130309
10.559060830881099590783378516790	9.092857005285999605348479235545
9.751368129543022789107453718316	11.062721683054290267023134219926
9.869000969579747817306270007975	11.198611507773001960686087841168
9.831160808494953329272902919911	10.270354149380668928870363743044
9.587957511756535211588925449178	11.973864058984077018976677209139
9.324199446048645256723830243573	9.663426085267300180703387013637
12.528827136728716951097339915577	10.783259633897044338368687022012
9.694908409478751210031077789608	8.592855588993828064303670544177
9.230134947170146375583499320783	9.746375127636140334175252064597
