75
10.000650262781134003375882457476	9.917843190011245368964409863111
10.520170162490853016379332984798	10.201460263013336415838239190634
9.349815312323993765630802954547	9.707206420719435513433381856885
10.922620251340545038942764222156	10.730218135764362230588631064165
11.527046225599130835348660184536	12.739724379225274120130961819086
8.991530113839186100221922970377	11.705970632400063635714104748331
8.699055699346340375655017851386	10.734073248927167298916174331680
11.091577621985029722395665885415	7.615238674122434048285867902450
10.831409462853255121217443956994	9.093073783818644173493339621928
10.566013753824714527240757888649	10.789947651753609036973102774937
10.012640967221408061504916986451	10.797322795636638659289019415155
10.363661377465414048515413014684	12.103624701557707865617885545362
11.067780718605618517358379904181	9.943908535689431005266669671983
9.685668552117830287784272513818	8.376155655026895630044236895628
10.064454941356617112546700809617	9.809008126062849441950675100088
9.506884968021154236339498311281	10.344803539267461545136939093936
11.823818312862846013899797981139	8.739036031990725206242132117040
9.923888721882130781182240752969	11.689673433593011253606164245866
10.795515384375061529453887487762	9.075171488873513325756903213914
9.078623852168648866722833190579	9.374667698139615978902838833164
10.131572424762312678581110958476	10.286663758216670672140935494099
10.723358831957552794733601331245	10.209714855855780868409965478349
9.234311264486823489505695761181	11.947657381283804056693043094128
9.801856233240778593085451575462	10.454938680180699606125926948152
9.692649182636259297396463807672	9.653457177308274239635466074105
9.669601057712496228191412228625	9.216674881639960403845179826021
9.730001449626795917424715298694	8.262046994889791662330935650971
9.822085789093144114758615614846	10.427123069852287429171155963559
9.304212184272589780675843940116	9.809888844259932128011314489413
9.420482719925717063347292423714	9.635973413068006365733708662447
8.187677571503753526371838233899	10.666079666638824008373376273084
11.250413315756095045117035624571	8.745234104119100848606649378780
9.751392631358793749996038968675	10.315000359521748762858806003351
9.614283928079125018939521396533	10.494200385492462146430625580251
9.184345594577859372975581209175	9.362299153504137549930419481825
9.608900109654529231306696601678	8.555103625043688708728950587101
9.204640581740374472019539098255	9.706090561259046012310136575252
7.414357398774640728333906736225	9.949581742409261408965903683566
9.538359231336109189669514307752	10.542645284167114994033909169957
11.107188832322092864046680915635	11.467048177025281674445977841970
9.087127962666366798316630593035	8.847538572339502138675015885383
11.221261889965264302304603916127	12.256788661788394989571315818466
11.602703918561950047205755254254	10.520126503992855759861413389444
8.934657356351889845313962723594	10.447002087929902813812077511102
11.528753568304308529945956252050	8.889310256564900925013716914691
9.526736060404999761885846965015	9.826574589088847844209340109956
8.323296801644204379044822417200	7.935857690202618996977435017470
9.292877260073145961882801202592	10.597684274346107713427045382559
10.012596225919851988805930886883	7.972372926283758154397673934000
8.825575442843543783055793028325	7.969490959514170747013395157410
9.838649202284683426000810868572	9.805559952604834705880421097390
11.362902680558340406946626899298	9.142479953473722886769792239647
7.495259116822069245245074853301	11.032987745796413392440626921598
9.653416355806806237183081975672	9.835961529801085845292618614621
9.723707476316562292595335748047	12.072267599075395594354631612077
11.056322185671060509548624395393	10.708779436685652797223156085238
10.475435285136811103257059585303	11.081518232521238687127151933964
10.375569549022936044480047712568	11.440224921626750642644765321165
8.145073845745550045194249833003	9.355516300598957002421229844913
10.560175292201346763931724126451	9.183761119355473567793524125591
11.797508596044416151471523335204	10.388613889114214572373384726234
11.688360277606353321289134328254	10.802531471914367244835375458933
8.897550039085080797462978807744	9.849868555541712922263286600355
9.864274680421550201003810798284	10.328990160809032872180068807211
10.042553070800163794729087385349	10.214064057635201976381722488441
8.790086480591250861493790580425	9.289762003418012170641304692253
9.569707343226978579764363530558	10.389165286940894361578102689236
8.733390086616976688560498587321	9.259380967663110695298200880643
10.592977567141453221211122581735	9.338514522861206756942920037545
9.788421613270600118994479998946	9.345820264534618004859112261329
10.563327842812819667983603721950	9.480297061773455880029359832406
10.876322713517458495857681555208	9.568353176372953683426203497220
10.058846711024834519321302650496	10.603752753573672862330568023026
7.383165908066014360144890815718	10.671352653890050277141199330799
8.723608339280660928238830820192	9.336210980957757143983144487720
10.407094268403717762794258305803	9.409649019506950651248189387843
11.351202348067609193549287738279	8.767364421131588869684492237866
10.957128584414739691510476404801	9.018746437612451316567785397638
10.368812539609958633946007466875	9.753404292641931760954321362078
7.493595025981921509128369507380	10.486060852730645365227246657014
9.263786724707980368975768215023	11.715380642002113376065608463250
8.793795233233385744142651674338	10.085299675521806506139910197817
9.385825328135862122280741459690	10.586000778628237739553696883377
9.872671207461197084853665728588	10.858970625840781210058594297152
11.451197061555465239734985516407	9.963925563388277950593874265905
9.171196560689452326187165454030	7.569060353196036317058315034956
7.596206821662493169355911959428	8.876706277965027425125299487263
10.962279426075919985805739997886	8.544624254778899086204546620138
10.403847998775887617739499546587	8.927647250753096841435763053596
9.096559609038360250110599736217	10.417611203829824972899587010033
10.126815390968658903148025274277	9.927132900616600252874377474654
10.770180036351963082097427104600	8.706010876996895575530288624577
10.182182158877731481538830848876	9.933198616885469789394846884534
10.089687022910428737532129161991	11.389059076765784439544404449407
11.040881045294890228092299366836	8.989672333952427152325981296599
8.527266461085766025007615098730	10.990801547521627412606903817505
10.435202858566414718666237604339	9.161460049438257868814616813324
11.746576900801994014500451157801	8.581451851118677254248723329511
10.972775256681087441279487393331	10.655509151778199239402056264225
10.049637061703119655931004672311	11.654780587301639016573062690441
9.803536495676700823764804226812	10.963745760445807064797918428667
9.658087596191338164430817414541	10.351216156614039931582738063298
9.388148552111410083398368442431	10.948547347552654684932349482551
11.191386202983743203276389976963	10.390374085625026623347366694361
11.035426877915526233664422761649	8.704790504997880873361282283440
10.301440448462480858893286495004	9.814756382921583366396589553915
10.503570217245780327175452839583	9.591953907366733034223216236569
9.488505877789563669466588180512	10.304464127038567511362998629920
11.392084480854267170002458442468	11.231092192485224501297125243582
8.628646468541841585420115734451	11.413961182015986750570846197661
12.533462732545354256785685720388	9.682735956627007922747907286976
9.752905660035589008316492254380	10.446397022917649266560147225391
11.520238415992785974140133475885	8.915293615319974662725144298747
9.206118606537618376250975416042	10.073711801512658325918891932815
11.216468693504477727174162282608	10.743498917642439138830923184287
9.816173390597779047084259218536	11.041560989210196908061334397644
8.761730626077657291261857608333	9.222385998129801976119779283181
9.363820269767444415265345014632	11.084426794761879975226293026935
9.302151324571793722384427383076	10.145133223196996397064140182920
9.832815211630357765670851222239	10.169673409221264392954253708012
11.056663841263691949734493391588	8.594949355099060994689352810383
9.564672119591637766689018462785	11.325915302527585382108554767910
9.979499771385800244161146110855	9.822138760483541730650358658750
12.266316343284785261857905425131	10.118801586577543361045172787271
10.384786258721257823367523087654	9.893764015596598682122930767946
8.201595322192483550338693021331	8.659826845743463508142667706124
10.431317387121939788130475790240	9.782674358549709126009474857710
8.749039974166796795884692983236	9.905428880656716117414362088311
9.215800084382598456045343482401	10.220264804175378969830489950255
9.138188192653503350015853357036	10.503321640928405145132273901254
9.677726756236882721395886619575	10.064130302783482306949736084789
10.319245300198161885418812744319	9.461996526584243838442489504814
10.978058731830238059501425595954	10.094196167887735882118249719497
11.196908062789381332891025522258	12.400244254764388074363523628563
10.944486232378757506467081839219	9.782049107666944465222513827030
9.008120263351578671517927432433	12.009900872633261670330284687225
8.599296230101542093393618415575	9.930407643536414141749446571339
9.566401288506888533902383642271	10.016125603711627078951096336823
10.474410028643275083481967158150	9.081941570843625299858103971928
10.397610636516054327671554347035	9.080928735220972214392531896010
10.620858809481537932128958345857	10.123299553011802842661381873768
11.098239589217277156762975209858	10.371255222731582179562792589422
10.244387858815402481127421197016	9.754350959242760410461414721794
10.086589729740083498654712457210	9.656892935655914556036805151962
10.109881811746975088794897601474	10.581468497953929741584033763502
10.993551564555367860975820804015	9.644564551415772513109914143570
10.909358309069233428090228699148	11.362996124292090271978850068990
10.678476716858838813095644582063	11.119867603307923786815081257373
9.689116033782356751657971472014	8.695049665573494124259923410136
8.649457178889086605977354338393	11.185104491487468436616836697794
10.471888133207258420043217483908	10.357232031466711674738689907826
10.386157188647072047160690999590	9.553391542863565177867712918669
8.634816289096001185043860459700	8.508686986642906902034155791625
10.126025372689431591766151541378	9.883991228784662297357499483041
10.325744455126265819444597582333	8.696621523709984202810119313654
10.039495024644866205676407844294	10.985127652891637950460790307261
8.843678539090364054686688177753	10.852621603114693371594512427691
8.667236698563364427627675468102	9.952128041805325509017166041303
10.757407468597374844421210582368	8.542946213007208910994449979626
10.698525617247018004718484007753	11.659386970032560526533416123129
10.070139240378221501259758952074	8.858003971090763428719583316706
11.288951591798111806497217912693	9.376113152895374724948851508088
8.941716233403136371293840056751	8.940596861553121499355256673880
9.991993302200906867938101640902	7.848222264508778245328812772641
10.729125622472327705736461211927	9.598863498191640530876611592248
10.154183552277563862276110739913	10.655087605957673346779301937204
9.277744522367243007465731352568	11.179281296340892737362082698382
10.126107749269177560336174792610	10.597378580632200950617516355123
11.406107507149769730858679395169	9.195361194743531640938272175845
10.339958185233799170532620337326	12.852537344622925630233112315182
9.127303977516969979433270054869	9.684985494972915276434832776431
10.573225611214191133058193372563	10.153116570872988688734039897099
9.707538034397483528437078348361	9.536807260239802630508165748324
10.187402907840347410228787339292	10.107657746187465264142701926176
11.352381857579366908339579822496	9.643829052571859961062727961689
12.765884438535604061826234101318	11.031885089568115532188130600844
9.777278746615982285561585740652	12.146227311146093441607263230253
9.218218398993741402591695077717	11.433933697083242364556099346373
10.788985380926076729224405426066	11.329824095765603786389874585439
8.972355881552381617893843213096	10.023903730860601157814926409628
10.884358711359558569142791384365	9.756862578286305875963080325164
9.838312912169369539583385630976	11.060098106979943111127795418724
9.188407265955307323679335240740	9.081160220518073700191052921582
12.041095886764276556846198218409	11.066375734486188164851228066254
9.798624862316058781175343028735	12.928346474759059958614670904353
8.729942545277154408722708467394	11.373671905744121346515385084786
10.100135241849526934743153105956	10.469914573222840914468179107644
10.288327065221945844086803845130	9.757433903508154315886713447981
10.626805986762732914030493702739	7.293076369664255764746485510841
10.193047363561477780535824422259	7.392733847787564371856205980293
8.640982373776221692196486401372	10.335714135598161433904351724777
8.351999520235178664506747736596	10.422157334265209627233161882032
10.324205967829435337534960126504	9.535505117375643990840217156801
10.530125137101878252110509492923	9.367310419088987316627026302740
9.117314043862135619633590977173	10.947408924498740034891852701548
10.127022125898140103572586667724	9.388324876340846003586193546653
9.217357756090644116397925245110	10.590757521404958296784570848104
8.766455639606693495125000481494	10.144715951794163188992570212577
10.869633300675538123414298752323	9.840944389667267699906005873345
9.526301105850343731162865879014	9.242837488011886648564541246742
