75
8.439900542337440469964349176735	11.207056612222428881864288996439
9.642186153863919528816950332839	7.637533110004905978485112427734
10.799400050944475637493269459810	10.843302450816608484274183865637
8.608703824952488758981417049654	9.219853387879298978191400237847
9.617013617138120196159434271976	10.240322063985404454911076754797
9.068693494479187933166031143628	8.990202860253985406302490446251
9.756047012523920258786347403657	9.416209524926577145720330008771
9.776950199427290044695837423205	9.687998740455180168851256894413
8.833471014707763302453713549767	9.675262129313203729452652623877
10.708786489241651551651557383593	11.099417992159981594113560277037
9.124419159434644654993462609127	10.257468418161694856394205999095
10.783226556095875992014043731615	10.706783003104504814473330043256
9.732851320903062486422641086392	9.484375998037968713560985634103
9.729655462945123289841831137892	8.881852527569428445985977305099
8.640977582385039212908850458916	10.002811987715997332770712091587
9.358751362821665864544229407329	9.906225960192951873750644153915
9.933089864811735836269690480549	9.497960433277915726080209424254
10.212714804587740502483939053491	10.107120469453505506862711627036
9.001911003704190505914084496908	10.136834778152753244739869842306
10.184182227809602139245725993533	9.267694847930675550173873489257
11.450775294158688666357193142176	10.955853849101892194539686897770
11.131462105752365943089898792095	11.637818019815496128899212635588
9.082464967401071120889355370309	11.165510064900530551312840543687
11.216876740952972824061362189241	9.196109493425364433960567112081
8.109507465769326017834828235209	9.308034402952614527748664841056
10.168381254566575933040439849719	8.287958624394148543501614767592
9.463048114477413008671646821313	10.145096141951983170770290598739
11.055941628669136989060461928602	10.374105895154306367089702689555
11.276389587767589262057299492881	11.518760124049466142537312407512
10.833256600494916455090788076632	10.783988575777691210078046424314
11.917211432547071936483007448260	10.403362131255248002048574562650
10.319527108157526384957236587070	8.423627445042376038486509060021
10.929219043138063582887298252899	9.850349907417228934036756982096
8.627986696660579823969783319626	8.956420375484293927570433879737
9.302659169365607993995581637137	10.108020090605938534622509905603
9.795626383212791665755503345281	8.881123535823126857735587691423
9.655580068032797669275169027969	10.070409918053437436924468784127
9.283223685220969301212790014688	8.938659640377705883906855888199
10.319803192065032604318730591331	10.492427154229257979523026733659
9.421036415898008442582067800686	9.656953143650500948069748119451
9.568727102823805452658234571572	9.937100658718943435587789281271
10.480742731930192235267895739526	10.246402934759274216958147007972
10.730925689017059454499758430757	10.118090375905529398892213066574
10.085458360940352307011380617041	10.834269957155941099813389882911
9.662576918639960155132939689793	10.182367809508878764290784602053
11.090236553104423578020032437053	7.911417357590142529488730360754
9.418159382569781357119609310757	10.016807254212746869370675995015
10.198347145847010963848333631177	10.230680252784539518984274764080
10.782169143143308431831428606529	9.505049611319392965924635063857
10.526453622380943286884757981170	9.853115832526052386697301699314
11.918075178429212712671869667247	9.987536906581542694993913755752
10.699194737619013295670811203308	11.081728429409780645187311165500
9.007696204676582496517767140176	8.160243580884982250722714525182
9.390361228226506540295304148458	10.952036352466764768109896976966
9.808743038085090404365473659709	10.513171497128272591226050280966
9.912439973019530725650838576257	10.261285768961707631774515903089
10.941799256073799995192530332133	8.040129805126630557765565754380
9.779148451363710137229645624757	9.579685083779651222357642836869
9.152752791443777624635913525708	9.351331606905915805327822454274
11.087214595066210875984324957244	8.917187156530916425367649935652
10.236104591938660846039965690579	9.481265129071584141229322995059
10.129832631255474950648931553587	11.260807766523559081406347104348
10.046591479022838555579255626071	9.283905532038128072258587053511
9.049579946080539727404357108753	11.094537632248609781981940614060
10.110600109820653713654792227317	8.980411547121516235847593634389
9.848400963029174448593039414845	9.796421439340351255964378651697
11.133846094634114010091252566781	10.797925999806190944241279794369
8.529024574187513252354619908147	10.432460757327840283892328443471
10.707328580422320385423518018797	9.927979919140373255004305974580
10.815889826092506709187546221074	10.018723428589758839279966196045
10.501835711699055053713891538791	10.751144116563370545236466568895
8.534512624254102064469407196157	10.230604583866597323549285647459
11.014166582258635429525384097360	12.138588071265454360059266036842
9.179079748967996721376039204188	9.334080064892425809830456273630
8.861253133774445345238746085670	11.289000023850283227488944248762
11.012029879129975995510903885588	10.368877107587245234299189178273
11.092903862296108030704999691807	8.849940357463374596136418404058
10.246975622295499519509576202836	11.653978267734423468482418684289
9.071207919240388051207446551416	10.765585591013437039009659201838
9.163797428969933989151286368724	9.294519948620633797986556601245
9.955801971410592088318480818998	10.075095061779521188327635172755
11.023495394193115970438157091849	11.363749266239526747312993393280
10.401328128440088249817563337274	12.501181521149220543520641513169
11.923200709200958868905217968859	9.523854649816724915467602841090
7.918320068941006262264181714272	10.446100021650186917554492538329
9.609011905234117634222457127180	11.483181577892338509627734310925
10.290712188135003657407651189715	11.403596400451078807236626744270
7.865767669281625629196241789032	9.945309453185638304262283782009
10.250204410122778497793660790194	10.943020391013641656741128826980
9.143657897253220312450139317662	9.046947186963436138285032939166
10.395203698941028136459863162600	10.759629679921172140666385530494
10.458247567588459858711757988203	10.113907156823126243239130417351
8.861307424905092489098024088889	9.387669560431207926853858225513
8.377431717824332935151687706821	9.160009759510518989600313943811
9.671693184876691162799033918418	10.260102256988256286263094807509
9.878457802640244977965267025866	10.494723054886852864342472457793
11.420368215819651780407184560318	10.297279549850514968056813813746
9.354021124441057821741196676157	10.468253936370306433900623233058
9.098364841393852486817195313051	8.859565123955793097820787806995
11.214785049294778929152016644366	10.825024952141188094856261159293
10.642652263678048285555632901378	10.469855379898252323300766875036
8.692961865450303804436771315522	11.473252345317035860716714523733
8.949391883102414624318043934181	10.046360072953495645720067841467
9.028013424524221619549280148931	10.903339935291059603628127661068
9.809094909930852423940450535156	9.624345417509136524358837050386
9.325072349925196846243125037290	10.594418868556008561654380173422
9.427836208599126521789912658278	10.065110628781509305440522439312
9.705821337987593722118617733940	8.274661589489182844658898829948
10.858158759814690696998695784714	9.115615390893346159373322734609
9.324822710766424549433395441156	10.253091795242605499538512958679
11.498734980807270744662673678249	10.153148903337479325159620202612
8.532874536623562988779667648487	9.075119459699802604291107854806
10.652532816818512273471242224332	9.916557378017628820998652372509
10.516170805806865473641664721072	9.865663765529017581457082997076
10.535043944235342294746260449756	11.167382559145453413407267362345
11.748883075044373569539857271593	11.671500109980089021632920776028
9.861553315411983433591558423359	9.874046258537669373822609486524
9.604173960096122897311943233944	10.537876509794910973027981526684
10.908351533310977288238063920289	12.277822258021698687002754013520
9.186764110601236765774046943989	8.836684855899550328217628702987
9.156994431824577063139258825686	9.111239309556713905635660921689
8.717247107015866802726122841705	10.763642134381338877346934168600
7.431196674537327240273043571506	9.898190242071873257145853131078
10.895303898463867042778474569786	10.935156626476572938599929329939
9.396100479350035783454586635344	9.160417892252779026307507592719
10.155088900789026595816721965093	10.642244598049058978972425393295
9.791297658198768516513155191205	10.391238486212911240613721020054
8.340885754044103705950874427799	10.372762622160191625653169467114
11.505316850623442448409150529187	8.911893444749958703710035479162
8.960197292939191981986368773505	9.651746549629180549345619510859
10.483152148423069860427858657204	10.457051767804086850333078473341
11.612711504141653762189889675938	10.811936642124759799798994208686
8.860189694520746783723552653100	10.621062390480034309803158976138
10.249578948789597632185177644715	10.645305174430092165493988431990
9.397377955385490366779777104966	9.723328300310368987879883206915
9.595082286996822418245756125543	10.499440651203306273941961990204
7.768935647889369633389833325054	11.009203539821344364213473454583
9.708051693996429420963067968842	10.212306330532943121625066851266
11.021110364125274116986474837177	12.018195729531779392118551186286
9.180260609317922870786787825637	9.835209021443661825401250098366
9.156631781019592963843933830503	9.780958692216003669273050036281
11.217769193540553018806349427905	9.675926129696851063499707379378
8.243428034260569248203864844982	8.757652567096981144345591019373
10.264793307549117784560621657874	9.410370910257590537639771355316
9.589346121085107199633057462052	8.913992337599424331529007758945
11.366942256440282221774396020919	11.167758505512090039246686501428
10.242075433456289346167977782898	8.720624757925671488578700518701
9.939215343951877557060470280703	9.323948595879965495214491966181
9.702079095931484431503122323193	9.847973068658921746987289225217
9.289824496721090341111448651645	11.487945529003795286371314432472
8.985141353224666005417020642199	9.988317950866013816835220495705
10.395967481189927639206871390343	9.342989477497583905574174423236
10.450716796274175379721782519482	11.102004603679780814218247542158
10.526355098057475601081023341976	8.792977457703422317081276560202
9.818449629180950211093659163453	8.767129210304851483215315965936
9.699368973028896334653836674988	11.410709535676449633001539041288
10.093550574457578861142792447936	7.762425328212517960935201699613
10.648574894827458336976633290760	10.471264123043066973650638828985
8.568151827398517994538451603148	11.058564091767824066891989787109
8.383464691070729557509366713930	9.480833462408249090458411956206
11.373040216789176426459562208038	8.203635715134915074031596304849
9.847797305993140071223024278879	8.961367957995449273767007980496
10.879619548537426965140184620395	11.716043256307534292659511265811
10.053207170368832379381274222396	10.410284321448278532784570415970
10.343822247447963746935784001835	8.746787623876182138360491080675
8.648308856928331067592807812616	9.691437775595886705559678375721
9.033616032975857024212018586695	10.412995598206514102912478847429
8.799072403895213057012369972654	11.149214564138141270177584374323
9.228846653970002478217793395743	10.205516816876519570200798625592
10.226673728099918037059978814796	8.131197747670796616148436442018
9.674397393617990559278041473590	10.187160072584296344189169758465
9.854480910851643571390923170839	9.580519137118869821279076859355
11.007122482116949768737867998425	10.364958179684474970372320967726
9.513526903583210625470201193821	10.681952098904067938178741314914
11.717977919503393735567442490719	10.722369474375922138165151409339
8.608745653795484287229555775411	9.681083165739721607678802683949
9.205759974410241852638137061149	10.125114681979875186357276106719
9.714694599940667529835991444997	12.137966093518171462051213893574
9.509853363991064512106277106795	8.968286540588129795992244908120
7.740439620297372869117680238560	10.596994072555341759311886562500
10.055184482929117706362376338802	9.653060537252628137139254249632
10.766699747659162156310230784584	9.964074533615667306207797082607
9.257824575544086442846491991077	11.046886847919836327491793781519
9.325998166228535168897906260099	8.406796335712350298763340106234
10.108485172119813455537951085716	9.697405147348646892169199418277
9.293044277871311820149458071683	9.674432477535095387111141462810
9.922705225312594023989731795155	9.386293054153309611820077407174
10.505595456522673458721328643151	11.507811451894477627888591086958
11.386379471667854801353314542212	10.245109713407588358791144855786
8.684824488953562848791989381425	9.269218426395761767366821004543
9.283495325872191727967219776474	9.853743379889392528525604575407
9.657559876438702062273478077259	10.737775856087539594341251358856
10.491473936280943490828576614149	8.610612636332762193092094094027
10.698091614296791007632236869540	11.032074409480880916589740081690
11.722229914463873967633844586089	9.723224002164629453659472346772
10.208123030846511625213679508306	9.315338444032422060558928933460
9.777819469554636100383504526690	10.646450061573515810664503078442
11.655202992035029296857828740031	10.369097367375019302926375530660
10.147661708691416038163879420608	12.142785407264916841540980385616
9.452570387169261678650400426704	9.854867479576425282061791222077
