75
8.839584329894288217133180296514	8.935433616122416822236118605360
10.000848976137351797888186411001	9.342149762963360970502435520757
9.721208261841391973234749457333	10.386940114881610952579649165273
10.951146697354127823587077728007	7.369936108768309068750568258110
10.372360600243174744150564947631	9.069907888886810098938440205529
9.753804684179760542406256718095	11.459400678363198977649517473765
10.107832295452270798818972252775	9.861158777622796023365481232759
10.309085431042008806912235741038	11.083822159166002663255312654655
12.236634543304385047690630017314	8.666672780018192412399002932943
9.553547705464575656719716789667	8.885744968876892357911856379360
9.647270514604660007762504392304	12.467144124822333139945840230212
7.693979213629317470690693880897	9.721137427425626142962755693588
10.882407772085670671913248952478	10.518918797294130484942797920667
11.556562065627035806869571388233	9.376568829348267186674092954490
9.109976032260210132562860962935	8.355768287665155114041226624977
10.886375404496501317908041528426	11.116502171207962135213165311143
10.143952264733187007550441194326	11.563967387666115982369774428662
8.751943389172772924666787730530	10.602342971808619509488380572293
7.607138762735708326090389164165	11.597800426767676640338322613388
11.017599474356233102412261359859	11.194734116629467379766538215335
10.625614548560507799379593052436	8.378778010213379090487251232844
9.844092563218188374207784363534	9.669129212559550268224484170787
11.841708376779852329718778491952	11.067945514908167581324960337952
9.719031785316426308440895809326	9.776015395388391482356382766739
10.787696335714519690895940584596	9.227034981139555114282302383799
10.056507964217239248227997450158	9.269234052887382446783703926485
11.330957461806951513949570653494	9.207875290868706485980510478839
11.839103083164383534153785149101	10.953051859579499449637296493165
10.705588644809436615901176992338	11.090577761470287398992695671041
10.227155043331858763622221886180	8.535467567889401863112652790733
8.244654939846649099877140542958	10.372995176041394316257537866477
10.642754085008473197149214684032	10.417946974165218421148892957717
9.717124670399444497093099926133	7.994451898385678489944439206738
12.409668241710178904213535133749	9.760544108159898257781605934724
11.061029634127780951757813454606	9.940459898190646015336824348196
7.984438341926799687087168422295	8.578814863514027777569026511628
8.166689217487245855409128125757	11.004179937512734710480799549259
7.997877253643663308935174427461	9.761376399287424732165163732134
10.455884727455474703106119704898	10.419057607629923722925013862550
10.554084210179334846202436892781	11.768093272135677906931050529238
10.685334773633700322648110159207	11.158779859472989670621245750226
11.908491447458773748735438857693	10.517547928416691505049129773397
10.109679926680028572150149557274	8.874705537788047493563681200612
12.501622585289879907577414996922	8.247114235835539375329972244799
8.831287695134964366161511861719	10.038562333007746474322630092502
11.516142683587624162555584916845	8.269503063462970260388829046860
10.287647407077606942493730457500	8.925831317323584812584158498794
11.937303135075675086795854440425	9.542385117081094492164083931129
10.854978953836901922613833448850	10.154165681197254045287081680726
10.486797658624665174897927499842	9.471234599925931973984916112386
9.325789168074944512909496552311	9.299679596221571031833263987210
10.468402902640779217335875728168	11.157677920631908108362040366046
10.461137666523617539837687218096	7.082848477448344226559129310772
10.694517526389258676999816088937	10.826382724555806191801821114495
10.221651193912162369770157965831	10.855231271421878602723154472187
11.386929176979025513105625577737	10.758023298188927441287887631916
10.318672523949834030076999624725	9.423780657969526686201788834296
8.762101607245510237476082693320	10.068423910287235045757370244246
9.554205591264640418103226693347	11.430129109832083855735618271865
8.450969321779343346179302898236	10.551112058186523867675532528665
10.570123509689457463878170528915	9.673548253211977865362314332742
9.894998938180476599768553569447	8.609351337016342142760549904779
9.309829768594962473571285954677	9.560505884580720703525003045797
10.235214969276322349855945503805	8.432130127867267788133176509291
9.109568660450594990152239915915	9.783637189296188196863113262225
10.246807862214367901287914719433	11.784140513772221936505957273766
10.389212322806525179430536809377	8.618045788745032353972419514321
10.839553862472840251029992941767	10.168251830462461171578070207033
10.575346941701091907361842459068	10.016226189137299229514610487968
10.246994881829515122717566555366	11.252659615167956985715136397630
9.050086495795859775626013288274	9.170048727838322477623478334863
8.545348112211325286580176907592	10.906436386745429700795284588821
9.997400080512385045494738733396	8.827488715458731149965387885459
11.324319385646401059375421027653	8.643713984788158555261361470912
9.507328878651247094921927782707	8.923036349322238436343468492851
11.550719628638171698753467353527	9.974904016008121487857351894490
10.698607144936069346385920653120	10.221250003733755917778580624145
9.775199660786020317004840762820	11.606541039220321209768371772952
9.468170703018369493975114892237	12.017740832056876598699091118760
9.628834120662627782394338282757	8.392015378911921175131283234805
9.240368811400198723049470572732	9.787033777146946889047285367269
9.542175070442658224578735826071	10.999800318370533958045598410536
10.585738276479698782850391580723	11.634437992828772223674604902044
9.556726781048768160076178901363	11.065488798304048856380177312531
9.389086415992878187353198882192	9.364664272787983634316333336756
8.884039695736003494630494969897	10.723530763015240552249451866373
9.150449435238405371251246833708	10.335865021787416395682157599367
9.744743702067541590849941712804	11.256786182673334195669667678885
9.552201538660991531060062698089	11.045724813683733600555569864810
10.330931163715508347422655788250	10.896193371293673379796018707566
11.645931288663406988348469894845	10.711062980201599970087045221590
10.688720114857300558242059196346	10.808907017501265812597921467386
10.103234426480042884577414952219	9.905018311254865537307523482013
10.323289223302575479124243429396	9.860655836151932973621114797425
9.642335887967874441528692841530	9.946695416657730604015341668855
10.881983517928707883015704283025	8.759844715271373871701143798418
9.445603272430867392017717065755	9.550369419186267805343959480524
10.871854972866907829143201524857	9.489121303618173186578133027069
8.829742775883126171265757875517	11.297058322636587490706006065011
10.143550712759726195599796483293	10.374467582862985537417443993036
8.108910345899781546563644951675	11.038044562526160063953284407035
11.118337709559634518541315628681	11.367169193260544091117481002584
11.120370484823997259127281722613	9.253687581594572719723146292381
10.336224851409648195499357825611	9.332031294743813987224712036550
11.330182145639096091827013879083	8.778571132606186822044946893584
9.512419347949204961878422182053	10.497825670357084248962564743124
11.000481275119691204622540681157	8.983317413201387324761526542716
11.251893195745347853176099306438	10.308231325650215381983798579313
10.549293353451021815203603182454	10.103238206828557110839028609917
12.009018043577370349339616950601	10.903052657166325545290419540834
9.404415689864640270911877450999	9.962325369165988320219184970483
9.436980620030384514507204585243	10.002909072020935710156663844828
10.862003473553112797844732995145	10.274930551604832373868703143671
9.045417040389779117504076566547	11.463801952876407241888045973610
10.582393781206439697939458710607	10.244053799183356900925900845323
9.151261952583340075761952903122	8.981475456814647984060684393626
10.966567331647903316138581431005	10.176447074573209405912166403141
9.288861131952113936449677566998	8.012781964796296563235955545679
9.471362462001117421550588915125	9.939304755671688695883858599700
9.619503676508024625491088954732	9.183151856577600469222488754895
9.082721497074381034053658368066	12.372340205316939787394403538201
11.498130895925955385905581351835	9.350302104035929318115449859761
11.007749532342373299798055086285	10.839360411695674102361408586148
9.984372892513437847128443536349	9.654245834331986131360281433444
9.507608687306264627636664954480	10.646665639699829597475400078110
8.547290389273197064312626025639	12.128719796188619284293963573873
11.476581242651807457377799437381	11.514433994943651384801341919228
11.258571774552667221769297611900	11.260439632680300903189163364004
10.401402895436879347812464402523	10.154216963909220794448629021645
9.065447776182800510014203609899	11.393375935397575204888198641129
10.037779536498089072438233415596	10.774952690006896816043990838807
9.340934239936210303767438745126	11.869411654669645983517511922400
10.432888024011633731902293220628	11.229650519572036415638649486937
9.000713707881267566790484124795	11.650038649824615788475057343021
11.740823581047317603065494040493	10.499739406387808671183847764041
9.255371283665548176600168517325	9.410882515811355375490165897645
10.175344948163433045351666805800	9.541179354993953865005096304230
9.568587313526863979973313689698	10.603386118218505629329229122959
10.311237533688833778455773426685	11.719005015997369767433156084735
9.959415256691126927535151480697	10.464095330095741331888348213397
9.352874296844866819355956977233	8.975039067692963001832140434999
10.903011642482853815749876957852	9.118620688853047440147747693118
10.927230994543364772653148975223	10.893429772441976410846109502017
9.673622336316851644255621067714	11.165688218654622687608934938908
9.872266015583166520741542626638	9.862745227166898942527950566728
10.153712383210653058540628990158	10.370615552360956002075909054838
8.314222172039485769801103742793	9.852760630945638808952935505658
10.418661190417990880519027996343	9.739441866305513784141112409998
10.171797908462421489161897625308	8.783827472451044116041884990409
9.742775002731685063395161705557	9.213640140003478862240626767743
9.507670260410199247758100682404	11.199247620878789888365645310842
8.801492797863874173458498262335	9.752596178366934154269074497279
10.507822484490695558179140789434	8.658613575040925880443865025882
10.510194092508736929403312387876	10.447760362098161834865095443092
9.260427650042366565230622654781	12.580830919592566274900491407607
9.542656598472641249486514425371	10.675153280901657382173652877100
10.186364514374181666767071874347	9.283389403959871444271811924409
10.349040724443142380550852976739	10.747243798405474279888949240558
10.920744264334048878595240239520	9.596165088615885352396617236082
11.041489736635393015262707194779	9.859545582315497824765770928934
11.107599325646978272175147139933	9.627387474885413354286356479861
9.715142365821217040888768678997	10.089696001572301398141462414060
9.472103798127879059620681800880	10.235932752821989666358604154084
11.848714702822521260827670630533	11.533020015935012025920514133759
9.091486537849828408752728137188	9.245642242442325908768907538615
10.064918401505968503784060885664	12.422291553133888442062016110867
11.488421430612458351561144809239	8.246150143693828482582830474712
11.685503594220621792487690981943	9.516462581027866463045938871801
8.165507652662213899930065963417	10.430953497915501415604921930935
8.218841108212714630099071655422	9.221887384106327800736835342832
9.353894999611696903230040334165	11.134035108066010266725243127439
12.256360569164957752263944712467	9.776518020033245548461309226695
10.499629106024185531964576512109	8.525769068702091502132134337444
11.161399609051981585139401431661	10.469490174641716606629415764473
10.090422648299233188140533457045	7.421013409580472952598029223736
8.308831505075106704794052348007	10.198983606647807675926742376760
11.425286414358224007514763798099	9.339649727541425860977142292541
9.962384349763521385057174484245	11.464663702461228567131001909729
10.705240897611512096432306861971	9.693786626563568376013790839352
9.605799858638222943341133941431	10.241641131722323265762497612741
10.209093196983200613203734974377	9.024948518827045518264640122652
9.716696727210054618240064883139	7.747298802829099884093011496589
12.052614255362826156670053023845	9.536361123621745150558126624674
8.705447558914196193313728144858	10.801161962230260371597978519276
10.242594515168619295764074195176	11.297582152415625245112096308731
10.444816551679084071224679064471	9.861466863618488787324167788029
10.750264557700324630218347010668	9.690660657759366358732222579420
9.802178979304580153097958827857	10.353175180483333406300516799092
8.160120852641025379625716595910	10.402000485035806320865958696231
9.294310098812719189709241618402	8.556062848298630285626131808385
9.170443327914091113939321076032	9.130615295053182478568487567827
8.892303540882871004669141257182	10.989454580650273030073549307417
10.082763960294849781007542333100	9.153320397292462828886527859140
10.439971481770465189242713677231	9.953733790551344995378713065293
8.793789909361528600584279047325	10.894997224379006084404863941018
9.719493619788808658199741330463	9.222827193284762969938128662761
10.588207928835100091191634419374	8.139532327204820560950793151278
8.964730879466994650783817633055	9.274300250404243328716802352574
9.618200445137205178980366326869	8.553606187292780660413882287685
9.233882160895603874450898729265	11.192055881334603384402726078406
