75
10.708524921731930490409467893187	4.448126765740743948640556482133
3.751839276276171197821440728148	7.850694702180513573352982348297
17.247394529486594905165475211106	7.985452184586647739195086614927
11.362311008046956928296822297852	0.234049318727376221005442857859
10.341896416803768588010825624224	12.672803310978091317906546464656
8.659977893153829597849835408852	4.957779873721039898271101264982
19.822340632556144868203773512505	11.714391968381299591328570386395
3.467860945709766440359089756384	11.262656953838932949452100729104
7.479830135479224040295775921550	14.957366185592755769562245404813
19.265068241168453511136249289848	7.871260965328469083601703459863
5.970359206060328105536427756306	8.049301313650222056139682536013
9.642967984346281440366510651074	11.273917249704460630255198339000
6.446311526341725439692709187511	6.052086480917557409497931075748
3.305429455488388956752032754594	5.925250758581086074627819471061
4.674730928060164103499118937179	16.527632950819217683147144271061
7.027646102059569521713910944527	11.580865335275763783329239231534
6.578003778903474874084622570081	11.810866157717942570570812677033
5.372874427526271645660926878918	12.635321962754382241200801217929
7.678009872945538383248731406638	6.843870037190412425331942358753
7.698441453218090479992952168686	9.299119842218106057885051995981
14.449668778173979433177009923384	19.750679288894190221981261856854
10.438314165474620764939572836738	10.370459499951815374174657335971
6.758217027067937365814032091293	10.558154463600439854076284973416
8.774258724246855933870392618701	2.858772254067498685969894722803
11.772444433306990418941495590843	7.064371039327941304009073064663
2.606237537968642214991632499732	8.345892688025188022038491908461
7.986893313883229872374158730963	13.241589895023425427211805072147
4.186012026595395063566229509888	12.089798648359991517509115510620
17.224640190478144319286002428271	7.706576438209228108178194815991
10.189012457844047077060167794116	16.326752061988340614107073633932
16.301468759031273236814740812406	3.327953622975007519357859564479
11.553691684805512451816866814625	10.155595993023979417557711713016
11.430916837569006005992378049996	11.626058897830059635225552483462
13.758583246050712034502794267610	1.047921526038215755960436581518
16.111497535712619111336607602425	6.262613499011820294981589540839
19.071149404652508962954016169533	5.455765952892639880644765071338
17.051653202725990610133521840908	13.340165913862774615950002043974
18.015183581082183650323713663965	8.547289608528158666445051494520
0.241968145664560596586056817614	3.577525729915659091773250111146
4.788941110676664614231867744820	17.277325371530999120750493602827
9.411868010225081349062747904100	14.790198905766262171823655080516
7.273006623181951013634716218803	4.424067608718182498250826029107
13.423262903145987579023312719073	3.835150314811894833866290355218
18.741277090934243432229777681641	11.336129568232829356588808877859
12.573670298629799901846126886085	17.877579627045033561216769157909
12.208581377390794742154866980854	6.845078543195233677920441550668
8.500555255037943069851280597504	11.924465056599428791628270118963
10.980777677674034009669412625954	9.869925833983041130181845801417
8.905423965325022450656433647964	13.092487961340221858108634478413
6.348893444470544267232980928384	12.655287991733917607461989973672
7.043472126661049159679350850638	18.651488670997601104772911639884
19.672194101384505415808234829456	12.001810451539345336868791491725
6.632621099670637399015049595619	5.568979239241405920779470761772
15.521887004684916888663792633452	3.486481566113487140512461337494
16.596457773657338208295186632313	11.242601648763558941368501109537
8.025885656685288083167506556492	16.437316840153702202087515615858
5.669556321021486766653652011883	9.965132132632698258589698525611
10.851896224550818814691410807427	10.418590712909145068465477379505
9.377360823831665470606822054833	10.835945861359686404057356412522
6.856198884847588992386135942070	2.223018416206280711833187524462
13.182879984227188430168098420836	4.465309014267858422897461423418
13.651795335404026232595242618117	3.101037823016622674288100824924
7.596026276526756326745726255467	7.453771851080330357319780887337
7.058672657652707904674116434762	4.600329167947446507014319649898
2.404860436868246686969996517291	7.932200467710869951076801953604
9.083759474995881433301292418037	5.695595742485191514958842162741
14.364987701329415159534619306214	19.211416034287601917185384081677
10.738080892665447407807732815854	8.227153135432905273205506091472
9.013719181811678637927798263263	14.100874656741638091261847876012
6.151759625536238118570508959237	13.645979887745799175036154338159
6.096881342180372698180690349545	15.512300786553623765939846634865
11.291447488447387215160233608913	12.884634882382286491520062554628
8.975743840716507548904701252468	4.139786226834543114705411426257
10.927506086328310885846804012544	7.322099744963237455408489040565
10.864714082867800826193160901312	10.177596535910705455307834199630
16.479863473302323484404041664675	11.364981064443206548730813665316
16.187501355542167402745690196753	16.948813658645072166564204962924
15.099782501763167275043997506145	18.145320423642967710975426598452
8.721978918833364957663434324786	5.864444306940562512409087503329
11.036891969772089083789978758432	10.388126660675062851169059285894
3.814483881461651293420800357126	11.033189303195435115867439890280
10.763956020481536768329533515498	9.187914463981561752348170557525
5.703681672761298671048280084506	9.846863456776050682606182817835
7.517183342842790771953787043458	5.680344524342368472957787162159
16.412973236860459280705981655046	3.932219482042202951532772203791
17.282129554661725734376886975951	17.259350869878023360115548712201
10.495768332045109616501576965675	13.096349607218936483832294470631
14.170630314791157644549457472749	6.651648280524697476323581213364
11.608935025032018018009694060311	7.513661939626996577601403259905
11.537437498498409382818863377906	14.887822675631531055273626407143
10.142879512192012114724093407858	15.826783532939316501142457127571
4.936759410171451811777387774782	3.045809754280794923175790245296
13.735374520148750931980430323165	8.443187396418750267912400886416
0.268766102732769240901689045131	16.704096725320749072807302582078
9.003473397628875218856592255179	6.338810850308424171828391990857
3.583988076760863172864901571302	8.445306591138720619937885203399
8.437965439972330727869120892137	11.080976257105636051392139052041
11.523192074992072875261328590568	11.472445484007582905405797646381
5.980794206354503650402421044419	16.988435939345588820970078813843
12.038445219017985365894674032461	9.826753394646429384806651796680
13.620035966165763952062661701348	13.519229454622491815030116413254
15.296987640406673136794779566117	2.642134023117899133126229571644
14.023138710070652379613420634996	13.986898708501696475536846264731
10.453122529845414234728195879143	7.463571959812397516031978739193
14.526646462229113154762671911158	9.912851919976544579071742191445
10.128264911086079180790875398088	5.242623024248215912734849553090
13.772030948709923947603783744853	13.470617253599302287625505414326
8.739695700712484693895021337084	12.072459683264851193484901159536
14.233649383215944084213333553635	13.845918007244177871939427859616
8.442222658679254365665656223428	4.538152298218872005008961423300
10.360342309814397410150377254467	5.217881415103541975497591920430
7.595736795877837010948496754281	10.861855300266267221331872860901
13.559554574972452201109263114631	0.386410419598754995007539037033
12.232603259652984561967059562448	6.085859087724120541906813741662
6.791841721524319197555996652227	18.945756065059768502578663174063
12.805483817492572029550501611084	10.935309725739170261249455506913
3.990636774723737012493529618951	13.510296977133860352182637143414
16.348259674198612145801234873943	13.545415978383179123056834214367
11.871101311552095580736931879073	12.475739899789569875565575785004
6.768135899929658805262988607865	13.704122188614302757514451513998
13.970783241479812986085562442895	18.576359291891758829251557472162
12.318167661893479447599020204507	8.663937098033491324144961254206
3.476166086445248382119643792976	10.011469689535777760625023802277
7.272006005873929090910223749233	9.575779676137559093263007525820
7.267436282425413729413321561879	7.465205425603863353956057835603
13.345140046846575287986524926964	17.669834923184129849005330470391
7.466263081737276152693993935827	6.591550818996315896924897970166
14.558177980794720696167132700793	14.849529856742890387977240607142
10.178382846319861343431512068491	5.345995814910983412460154795554
11.028121190402595530599683115724	14.131220098334370760539968614466
12.868823948696173076200466312002	9.777997947085195207250762905460
11.360466187600437137916742358357	11.069305113258415929067268734798
13.847820220439590599426082917489	4.844286086079013564642536948668
7.369695433758792546541371848434	9.301284477512108850305594387464
10.286600479406500241452704358380	7.789780403778584272345142380800
5.827863188580027831164898088900	4.228745513909436759547588735586
11.192336023618924656375384074636	13.465577065279024537858276744373
1.352639744904663432478741924569	7.868751357891055953075465367874
8.685572668080281388824914756697	2.753914140848720215615230699768
10.468817532279389936888946976978	12.900409509838254962232895195484
16.695950430748251136492399382405	9.718197976383125435972942796070
8.595878187801332614981220103800	4.596643942146222627798124449328
8.073018479593779161973543523345	11.236668834276315465103834867477
15.016203824852979664683516602963	12.693139628923951534034131327644
7.654599096745729802648838813184	2.740055857862478738695699576056
7.857699835249908559831055754330	16.186002697564468633117940044031
8.095948502087265907789515040349	7.214698753379363616033970174612
8.430807936511818923008831916377	13.696540233138334130558178003412
11.067012940144078214643741375767	11.771793655572276193765901552979
11.757939489394983567649433098268	10.922882085615039926551617099904
18.065224218719830417967386892997	15.472307802563333822831737052184
9.445638381419184881337969272863	14.072055890262955557545865303837
4.759768659285077418985565600451	9.625653598417400758080475497991
14.339741788341616057778082904406	9.813851876027404941282838990446
7.063968275934501050983271852601	14.786182508660496992547450645361
2.318371177573703700858231968596	12.852713789504367269955764641054
10.027683288117890114676811208483	11.566378778593509935035399394110
7.149768140003966543361002550228	10.369721231903595182188837497961
12.525503065276138769945646345150	18.173488185353896540163987083361
15.411003229529526947771955747157	6.147150633635446226321619178634
7.465627187230285066732449195115	10.697185907817711836287344340235
11.644994463774452242432744242251	8.867163993241332420325306884479
7.670953181810306276133815117646	9.731506138404364847360739076976
18.081537133959596275190051528625	6.561863522435359641349350567907
12.102381305144660927908262237906	2.243975268343758600053661211859
0.635728950574068196743837688700	10.219870510073413072404946433380
13.836174611282840984927133831661	18.350115401144321936044434551150
9.422073587986725229370676970575	9.978748536089007359350944170728
10.158928824055498907341643644031	13.198316226719077448592543078121
4.651031910130217994492340949364	10.432089911560325390382786281407
17.850793015227473858885787194595	12.349502717318815214753158215899
0.585720610951792064469145771000	14.727049456227012669273790379521
3.044064149298262300646911171498	1.866286322778594186644340879866
7.426652892015403573111598234391	10.449987187628211771084352221806
16.707581136380071029634564183652	14.581693094010589106801489833742
10.688173303944724423786283296067	12.845543500117907242952242086176
10.148722063483782918069664447103	10.496938574958919687674097076524
10.654236372013292211136104015168	8.587342452379571611231767747086
9.003918921907775541058072121814	4.110613095359916258075827499852
8.579360969172771689272849471308	13.241646998984428762469178764150
11.090239963933319344846495368984	8.424886843683051296238772920333
8.504813094011421270579376141541	17.721146375327517574760349816643
1.209264365701478993742057355121	10.744269182177747623541108623613
15.093699310141143854480105801485	12.168324136418508629731149994768
17.285584515010675943358364747837	10.084411845502300408838891598862
2.949238963411378033896426131832	13.427353328834014334347557451110
7.800562550860631993998595135054	10.637775627337598294275267107878
10.741017034215486702919406525325	13.338092780247935209558818314690
15.303427984780849868684526882134	7.767898689066957906845800607698
18.968382627566356291026750113815	14.595763561286503318115137517452
17.826832184570214678842603461817	2.498942480148174993814791378099
9.777487604999969050822983263060	16.392865393240718674405798083171
9.459437969192160622355913801584	15.144991038661769877649021509569
10.678153664359959051921578065958	7.708878754583642134434740000870
6.695627374211603921594360144809	15.625098952351486047973594395444
12.282180404311205279554997105151	9.664816970683748564852066920139
8.982755933261978853465734573547	4.539226236652083024125658994308
6.336660962944270281127501220908	12.496374970996434683456755010411
11.789407232952289206195928272791	2.312597448107810649275961623061
14.721101948489904387429305643309	9.791963900037707446699641877785
9.229268514253769595256926550064	14.803923014598161955746036255732
14.661924215207328359156235819682	8.234654402906134151862715953030
10.982341967489807288416159281041	13.899670142949334561421892431099
13.010602486445788983360216661822	10.075838850205762753375893225893
9.591803876545679230503083090298	7.870152098260963846598770032870
9.633279030381777019442779419478	7.388321611854701487231977807824
4.882237861762269481857856590068	10.521842160516960973382083466277
13.640071215041002616885634779464	8.769658646956436598429718287662
4.012900280136717512391442141961	6.629617695181622138989041559398
11.547633911597728229025960899889	8.980817102750703995184267114382
9.396531725641217747124755987898	11.086800508296587253198595135473
4.341046249801779666199763596524	6.368802835732980227589905553032
15.960261651531936877290718257427	3.726233830490594201023668574635
1.529857122795685864247161589446	12.133992996196823810350906569511
18.179310034562298881155584240332	10.551303832377570302014646586031
16.731341627299151753049955004826	13.464475255146101773107147892006
9.248572626530050300175389565993	6.654899138810060676973989757244
7.734896499448201012683057342656	14.519072258063982161502281087451
17.065139364245560216204466996714	9.203035780518280972728462074883
4.583116059008734310964428004809	4.162891266910565768455398938386
12.561220893677482735029116156511	10.611210849727431337896632612683
11.744466619216904490485831047408	13.831917112273798053934115159791
16.740125164867301066351501503959	5.688977933307918455341223307187
6.454467557672838751159360981546	13.043157761660667759429088619072
6.541000518239203032067052845377	18.434359874255072497817309340462
6.173813821286484149197804072173	19.209010259613958027102853520773
16.538720340599837754780310206115	11.811720909278299984634941210970
10.173088334694785572764885728247	11.965977993097382636733527760953
6.706527033267013493400554580148	13.951291394007185431291873101145
9.632213704560921740949197555892	4.517937096231187332762146979803
18.295905322868655673573812237009	7.805198054903163651374597975519
13.341313868888139637647327617742	14.852079368914127499579080904368
11.359424043456641584270983003080	4.574852662447996820560547348578
6.958463998413890294614247977734	5.509741794812855530949491367210
0.091105405778714176889820919314	10.983859391405816907649750646669
12.426353571353352833739336347207	10.778246576460770000949196401052
15.274758687509521593028694042005	0.234921288396128247200067562517
14.944299783983220564209659642074	9.336513495518527605554481851868
7.502003071723439830975621589459	9.463381183978318844651766994502
10.277709904032079180069558788091	16.681912952612524492224110872485
8.488033788745477536963335296605	5.283404140738873877580772386864
3.758257600582963764423993779928	10.175228501835478667203460645396
9.499013223092656943435940775089	16.514005689128900655759935034439
11.429314130816822014935496554244	10.385261399579890806421644811053
3.311195477493991123907335349941	4.238352847715107785120380867738
4.985082735976435586167099245358	19.573767553114194583940843585879
12.146972340226804831786466820631	3.347666172802120421181371057173
15.791572989035946861235970573034	10.701851616028291047655329748522
9.090379329562825461152897332795	15.451857310121180688611275400035
12.733609343543005110177546157502	3.546954729870065214925034524640
