75
3.616725712497519396038114791736	6.535016829795823767312867857981
1.694667500482200939160293273744	8.683468496888234966490927035920
10.580497997530885712080817029346	14.981074965758612194122179062106
13.174845739174765313350690121297	10.772521728935576135199880809523
18.627573646202435497798433061689	8.769365793955174126494966913015
9.248622049723921989539121568669	12.222917120060952100857321056537
3.910492376724109320207389828283	13.060564940812721346219404949807
13.007879285734588847844861447811	5.848784947675651935128371405881
10.026129551050987132043701421935	11.357540779037883282853726996109
7.662301152665914827366577810608	14.748874954460468700290221022442
19.477635094049865926990605657920	18.967003285604508988626548671164
9.470089592041409431999454682227	12.062039370219391543059828109108
8.437695197666229773858503904194	8.469235029636772438266234530602
11.874035183367732670944860728923	6.200488824278070687512354197679
5.709975434962343499023518234026	11.797052434400990605922743270639
5.186395006402294782787976146210	9.379817947107524034322523220908
15.083395361596544148596876766533	10.318276770706861000803655770142
8.674686486285967390585938119330	8.860049958247289580981487233657
12.592216064649653262108586204704	10.124109365267518256814582855441
10.631344072879185702618087816518	10.593400662742062934285058872774
8.370944625820285978079482447356	5.386217832251281478761484322604
6.492853215804092137375391757814	7.829963379642685517012523632729
13.284249576205233722703269449994	15.723665877718417505093384534121
8.656320052268233311565381882247	7.848864835819278518158625956858
15.035614915795292745315236970782	13.985390438481053010377763712313
4.130701876068078703951869101729	12.424812544625202903603167214897
16.385931252707031546833604807034	6.059631663308037374804371211212
11.756644296181667286305128072854	14.144449153971123678275034762919
10.879649908794068124961995636113	19.405377945275624540499848080799
6.408899482701436944864781253273	9.928362439107248249570147891063
6.053083660765955720250985905295	13.233281498304673817756338394247
18.532921371440860269785844138823	11.312422509157297412230036570691
1.133169151815691666485008681775	5.429031556094798816047841683030
12.242061043467186820521419576835	7.720972121073961247361694404390
10.482839150174344311494678549934	3.809549889906632458291824150365
15.460588805437591730651547550224	4.614469430991093190641549881548
15.448864101940001702928384474944	8.393535481609097459454460476991
12.521919883807333562231178802904	15.246786107780895491714545642026
17.971795462544019272854711744003	16.128741398153884745170216774568
9.068395173222802085888361034449	13.141664118529478244568053924013
13.029428427912396415422335849144	8.690053979230851766146770387422
11.122744889204021490058948984370	8.495728530106807951938208134379
12.522927748086406296579298214056	8.637437537835200629388054949231
9.178828417713761567142682906706	10.945880815025295973441643582191
10.501566003632730073036327667069	9.962733724263236112506092467811
13.827739894789941033081959176343	13.075947919569967936581633694004
19.920161008575391292652057018131	16.662002401505521476110516232438
12.477018534234067814736590662505	18.891949425283115715501480735838
15.453476932703013702052885491867	13.633786144706212084543039964046
8.628238739307546367740542336833	14.469271729954478189483779715374
14.662420345178418301657075062394	9.571517825084198349827602214646
3.636575408012480359332130319672	11.713737210587160220143232436385
4.494255211505442382247110799653	7.128666397396752785198259516619
7.268511153117252376887336140499	14.987829825254271653989235346671
10.442752630851067863204661989585	13.064602811802156878684399998747
0.752415658622039851266549703723	4.945803638289141268558068986749
9.243609126094366246206845971756	13.679917253675128563372709322721
10.351861714908354272779433813412	9.561654696893578275762592966203
17.686696588669605034738196991384	8.898356654018627409641339909285
2.182138200092986757283597398782	2.902826681856680579585372470319
7.513898119913127615632220113184	4.506514806274505069438873761101
10.191487621235499005933888838626	16.311106368130595001275651156902
18.247437326885542319132582633756	12.109326531417401895396324107423
8.169411459252014395815422176383	14.755675888103725768019103270490
9.389136775538243995242737582885	3.397104382981629200344286800828
12.089430850341836176653487200383	7.826462273558679960672179731773
7.237609033531216873313951509772	10.602382360454798870819104195107
11.704211345772771224460484518204	9.559404025664651527449677814730
12.505085557224845160817494615912	11.221979971139662168866379943211
8.852217517333318852479351335205	13.102106475600164614547793462407
9.131863552370122150136921845842	11.306763769500294714021038089413
17.157895363368179886265352251939	2.992746978296217719162086723372
15.492143352183919802200762205757	18.295840645056539841561971115880
9.017855321292808312705346907023	17.478535271902757131101679988205
7.914005644385225579640064097475	13.294714611928743153157483902760
8.435638291642359121169647551142	0.790327968781394663011496959371
18.725223163471795828627364244312	11.282671861805683377610876050312
12.214643083161128345182078192011	12.931701184862598452696147433016
6.376305326004178652965492801741	4.256339378300733500282149179839
7.353172855430291754430527362274	8.274169860933566766902913514059
18.073640818901065330237543093972	7.335252719313211322571532946313
1.719560396528418966255458144587	12.509807186116518096241634339094
6.634044771929793249398699117592	8.750563118594541833772382233292
7.341847385780080337269737356110	13.297056878961669212912966031581
18.591709001267677336954875499941	8.198996526384679128796051372774
15.474947514088663425013692176435	8.282773660976953777890230412595
8.342379901338265568710994557478	6.859167512664659405174916173564
11.152579376226238849767469218932	5.922995807022758185667044017464
3.843872963572735557136184070259	4.232752842244313029596014530398
8.688978127568903531141586427111	11.846446685978431645480668521486
8.094345471567837790871635661460	10.294284104444010097267891978845
3.975237467337620067553416447481	5.732718106064330854110266955104
5.626644903247114193334255105583	7.555076713987556757956554065458
5.106209095759087546184673556127	10.568771607655628841371253656689
13.935233981456759622119534469675	5.908427148098896353189957153518
16.040241712115996364218517555855	13.097634624305559469803483807482
3.002986246689351990113436841057	7.330368235860336589837515930412
15.005041592520178994618618162349	2.657317313810007242125266202493
6.470074613796595208725648262771	9.043686564918679948732460616156
6.203475320549264537817180098500	11.609816090823015244382077071350
6.603526696927016992333392408909	13.000972006800994407171856437344
4.936167585650276024011873232666	5.686842622264332902659589308314
7.551821787361206794741974590579	14.641354524031903849845548393205
8.073370417934823350947226572316	10.879384416517321909623206011020
1.247023198621366457672365868348	10.032458943538241413762079901062
11.656650761234853774794828495942	2.626766606202377563050731623662
15.070436177402102728706267953385	12.992185922478325821316502697300
8.830056084523240755856932082679	8.338592896488826511358638526872
17.127999814243352716403023805469	8.994882470038152888491822523065
9.798531576387350838786005624570	5.770608496128120101786862505833
9.435907707929958476711362891365	9.382850585401605769675370538607
4.009670483365334270331459265435	13.551799852051379602357883413788
18.401435927197130837384975166060	13.727590802117731527687283232808
9.646001589830047961982018023264	6.617233000289805211480143043445
16.395571722206650377984260558151	6.196753004693676736280849581817
17.714856867178806254514711326919	5.761339503600185096843233623076
13.175448303939580441124235221650	12.147078927960837546606853720732
8.816959010500244886543441680260	12.093566551548592613585242361296
7.835885336458139782678244955605	10.422888171098771081801714899484
11.318452802655162514611220103689	14.762032632028434520066184632014
12.089068030800779851574588974472	11.619959210198528509749849035870
8.110061951527084644908427435439	11.108314910625173510538843402173
11.439666564179370666920476651285	7.907135639881392563665940542705
13.578934229955073931250808527693	13.577231729176448382645503443200
9.389581502516165301130968146026	8.702799911093757501134859921876
4.094176007795869765004681539722	7.154477305209186788204078766285
14.314765754447748236088955309242	3.840618132715477806016224349150
7.584467661067140653585738618858	10.574176159962405563419451937079
5.974311610341723088879462011391	16.659046930301649069861014140770
17.596876720622784517900072387420	9.569869856445537337208406825084
6.412370503548782352254420402460	10.121761549454230788569475407712
4.221317119797229899802459840430	9.624720283970880529977875994518
16.074395370833769902674248442054	11.916405310474809553511477133725
10.844073220228073850535110977944	10.434697394313207752247762982734
13.527578705737550279764036531560	16.634835979566847896649051108398
11.226902546580550534827125375159	11.435815129312794979909995163325
10.368153907586023620979176484980	9.765762804146376652170147281140
3.590229908753150844802348728990	5.833469030305646008116582379444
11.708722860219895167688264336903	9.552418454443827755540041835047
9.695679596542069234033078828361	8.331232066558920124066389689688
15.778671182412711715414843638428	6.356554044531485203606280265376
8.577664450109582006120945152361	5.831731747457928882738542597508
11.588281553803980727934686001390	12.054735068138656473024639126379
1.852457027071804374074304178066	10.856940673572236022437209612690
16.210619530767090168410504702479	3.073115519083207125561330030905
9.975231847568045040475226414856	16.723806976807999546963401371613
5.957894727759145858669853623724	4.440299119835863450589386047795
9.621839245846958377228475001175	3.288557339289638115076286339900
11.103017995250302973886391555425	19.018194421289614126635569846258
9.392533474727894571287833969109	6.267696186993525486741418717429
9.132837007215726998765603639185	11.282993733046737361291889101267
9.803215308704555042140782461502	7.802764099362589078623386740219
9.486510313712511077710587414913	3.513076905357829460285756795201
12.090971418581627716548609896563	7.726234957322529517398379539372
14.123276027326104653525362664368	5.599840027413470977535325801000
8.061911432474344607612692925613	3.162192142852251475204639064032
5.755317759147205336489605542738	11.878323962056670737297281448264
7.781817403294573942673650890356	0.763223116773127374656837673683
13.333331083119244198087471886538	18.048600161883975090404419461265
7.698067678162126448171420634026	5.845110425770238649079146853182
12.114727626783064806659240275621	11.970246406943942929501645267010
10.677697527225276985518576111645	4.353920522401227621855923644034
1.000330733106115088659748835198	10.210110362490890878461868851446
10.420089456697549934460766962729	11.163491024432103060348708822858
11.471909643068629591766693920363	11.707741135216627625936780532356
10.214030342881288859757660247851	14.479188550720325068255078804214
9.832813037380887521976546850055	12.954551180368865104242104280274
2.746964880926665575344713943196	10.926784022630451786994854046497
8.585859874063421770529203058686	4.787060279717496591445069498150
2.103196998034542186672979369177	17.311723242803736866335384547710
6.864803777676669938045961316675	16.439009607691097869519580854103
15.799768536371329830103604763281	9.006937949708754942435007251333
10.431195865772044939490115211811	2.258745937606423392907117886352
13.386013897296395569469495967496	11.757048563603458291026981896721
4.231907545822538807556156825740	7.414524414813436159477078035707
11.776224190867313978969832533039	10.117304604648332144734013127163
10.948091513817582054457488993648	15.396243278507501628382669878192
6.471475013725474845216467656428	7.168272649578697475192257115850
9.574787429350681833284397725947	13.372766790068842723826492147055
5.944619068290795560471906355815	2.215113122108138821175771226990
9.138029242886199554618542606477	7.151860767634998339303820102941
7.765765105874560703114184434526	4.141245427656972566410331637599
11.487409176478490024919665302150	12.931164770848841527595141087659
13.596470342366963279800984309986	11.790231243749536460541094129439
10.765057333040674691915228322614	9.496089476242435267749897320755
11.858931601866368410469476657454	5.613929839961089740540955972392
18.880869559742471608387859305367	11.226447473981375324569853546564
8.776291955081177320607821457088	10.388867307161644859547777741682
12.213018498046885440544429002330	15.196559963506166113234030490275
3.120176190116092929116575760418	14.685853359789343031138741935138
10.897464251686177050260084797628	17.993352867880943790623859968036
12.251994131564538648149209620897	3.842902470211252641263399709715
5.528463361312685897530627698870	9.603144774745311806896097550634
14.991954865402098207027847820427	9.525277226028409316427314479370
11.877368224464932566775132727344	11.149761945089723624846556049306
14.502551585741603190626847208478	1.295094640909455474542255615233
10.033212569574560646401550911833	9.578360959392002271783894684631
18.504030418604600072285393252969	12.100226375661540245687319838908
9.587348890150124702813627664000	4.640333251293823124683513015043
3.251034930517583632081368705258	10.295180807033611714018661587033
4.505565856804306434924001223408	9.671528145207776816505429451354
7.065017883616405924840364605188	6.801919476629407768086821306497
12.950333089848543366429112211335	14.179181268090680134719150373712
6.046250881403379295875311072450	12.960206744928001398875494487584
6.103129380535937897889198211487	17.776678559762380871234199730679
17.569544802713316755671257851645	10.436386666108747434122960839886
10.673887974572782155746608623303	2.930964558870451597272221988533
6.991526881337167154129019763786	16.545047723402930728298088070005
7.931586127730144042402571358252	10.696923241738387488908301747870
12.239978583641724085850910341833	12.014168507324088253085392352659
18.362867204354110128861066186801	10.569540863063332736260235833470
4.957353223220771099022385897115	8.543841198751188414917123736814
1.627054174619265713985782895179	9.516196339374229040686259395443
16.532042686230518313550419406965	8.271994377214449301050080975983
14.931653307844738876042356423568	8.953576797113310448139600339346
16.878274086974055734344801749103	6.772232471996747271703043224989
5.658298924025869425236123788636	11.261827056513135758564203570131
12.604068966557928632710172678344	19.445296203231485776541376253590
9.213559154943167683882165874820	12.469494617409997871959603799041
11.326450036436728652233796310611	12.204446496577553205042931949720
9.134484249540697931024624267593	13.227449199790813239019371394534
4.423172980813250276810322247911	10.904630716105749854705209145322
6.396291966775127235678155557252	11.329603207756058225186279742047
14.043652711222177842387281998526	0.360718224277124521748305596702
7.471268775769221548443965730257	4.470365114612439683128286560532
12.041141322378164701945024717133	14.309496987951130009264488762710
11.305564810178026391440653242171	9.810810759382821544249964063056
3.094976347500169033821748598712	6.367611922370348231936532101827
11.247829376022798086864895594772	4.341404149536584711199793673586
10.168371627281576508039506734349	14.065269668664985402983802487142
3.876406005574786206580029102042	2.031442861434023861022524215514
6.304307060806020324150722444756	12.211538097423710880207181617152
18.583090004363938874121231492609	7.356478422055349852826111600734
11.203827339229889048510813154280	3.823728233282613686583317758050
10.338461140866295195905877335463	18.165686632873558892242726869881
9.916856879312303973961206793319	10.762480935320715147440751024988
10.132350094134423557079571764916	8.022131937322347638996689056512
9.886407643888286855826663668267	11.766704320072845391109694901388
2.068324250203590342067627716460	7.698571370342370379091789800441
8.970915492135299373899215424899	9.404904040216973015731127816252
16.143127521150386627368789049797	11.103833855749199344131739053410
15.229128111941594880818229285069	18.737350567505931309142397367395
17.069047768182947777404478983954	10.805926938283779037419662927277
1.649151030795331651646051795979	16.910235405139832920440312591381
10.285477193427675857151371019427	14.826556292227172306752436270472
5.481895995410686062143668095814	6.494291444011933478464015934151
7.164395202187105127222821465693	10.268441061531849101129409973510
5.757327278938598524860026373062	5.476003607927458993742675374961
2.131052536396084384762161789695	7.079571298815030999662667454686
4.371451727889930083392755477689	8.196486763072824643927560828160
