75
14.961006887663936382182328088675	11.214073913424305928288049472030
13.727694630281169096974736021366	10.029490003163408218256336112972
14.302295990212856580114930693526	7.425474893247310248511894315016
16.824794828699040749597770627588	16.776166342529002406536164926365
4.451620878155067018155932601076	7.979631785250748343685245345114
8.969075285820146348214620957151	7.227368690516949634172760852380
14.048517372904621325346852245275	16.997849682592285347482174984179
5.276949342353443483943920000456	6.549601995295601497559800918680
8.555735291965651967416306433734	9.122451786779713245323364390060
8.666927585711206916130322497338	15.256028770578176079197874059901
10.494924449435330870983307249844	12.934113856627304173230186279397
6.985308255476253336269110150170	19.103124289026776949640407110564
10.777768261862995302635681582615	6.923055302580046088678500382230
11.058729905808267091060770326294	11.577257539209380610145672108047
7.769224222368848131736740469933	12.612747172973829634656794951297
9.296480468393388818526545946952	1.684189280331175320171155362914
8.420870219821173563445881882217	5.510536334754515763734161737375
13.911494242775631846598116680980	8.892363247930935798990503826644
9.731891186815465388804113899823	9.287935534618485533542298071552
13.018851115687418484867521328852	17.402445645327006218394672032446
9.584458189664129434959249920212	8.775816230843007659245813556481
5.777642434745368760218298120890	8.877446982170694056435422680806
9.385637785237474162158832768910	10.490765680560368622309397323988
8.508827720210533129829855170101	3.320997047831233395243089034921
10.091384670224002206850855145603	15.473033807852644372360373381525
9.069149307246055613518365134951	6.012723657685389966331968025770
16.180911323084011144146643346176	3.124568508330987093302155699348
10.437883877929992948452309065033	12.225185819710716828012664336711
16.067542694468532005203087464906	7.672854023520407906744367210194
7.552166059214004079080950759817	9.966933080952886214731734071393
5.905399449446965043364343728172	15.975502490253683518517391348723
1.021770476295031926383671816438	7.550941508385631273370108829113
2.474987525462248871832571239793	8.949216448332476758764641999733
14.468007340397370796836185036227	14.906274339728863509435541345738
3.653055309788049154207101310021	10.213271151802455705137617769651
6.421068620077755362274274375523	13.552392861651489042174034693744
11.657717215813892863707224023528	8.506113025270195748817059211433
13.940252815588026535920107562561	16.137164444487538617067912127823
14.902497647537177982712819357403	15.659720208101095551000980776735
15.730754034996804691104443918448	7.946008791608984545007388078375
9.592691134459210289264774473850	7.223519785960981209882447728887
14.862732772970007388835256278981	11.705739412134292365408327896148
11.116967623622057814714025880676	17.613012826299698332377374754287
9.600896831751962068324246502016	9.642683744172497739555183215998
6.340343332439710266612564737443	5.328114618656165646370936883613
12.190884565911055403830687282607	17.768514921259324523816758301109
8.087452314486000659599085338414	5.912533488426073624566470243735
11.820454611377595455223854514770	10.662411645605676113746085320599
18.583096181465283081024608691223	8.694960469589505080989511043299
11.530418065234645297323368140496	15.738224159143548774864029837772
12.458899307033290071444753266405	10.838821780404682471043997793458
17.933082497506472208215200225823	12.018318981981630955147011263762
2.882353335866063570591677489574	10.785453339542204531653624144383
8.824201438033169253571941226255	1.136703490130243077160798748082
12.190242038637871146988800319377	15.140284788838636487184885481838
9.634134760571157585218315944076	11.296923119257694878569964203052
7.225511182568663315350931952707	15.930176433124875856606195156928
10.550949910047235036358870274853	7.666982159002918351120570150670
15.397885347721825155531405471265	6.863140352762860274538070370909
5.825845499205125399555527110351	14.100344308865979670031265413854
7.424842307059674517688563355478	14.572512686616549970608502917457
3.832274351051077942997835634742	1.467563411686834129454837238882
16.266622136669095510796978487633	4.709567991860494018396821047645
7.285236349897407315268083038973	8.596570835833924562052743567619
17.789585595470263967854407383129	5.452902446904154487583582522348
7.314006412611465002271415869473	3.077574183578875022249121684581
11.496548119203151117062589037232	9.442962808902533922150723810773
13.052191161375715111603312834632	1.532923231052456536360750760650
4.728166350991434896400278375950	13.888291028947529426318396872375
10.369597075139115105457676691003	12.015730975264791169365707901306
13.968602702056315933987207245082	10.850203465407876279869014979340
11.284230578978510450838257384021	8.420653864461593585133414308075
9.443808900631543323811456502881	9.200656958157267695241898763925
4.283703686549871214594986668089	10.410907267317158542141442012507
7.663106902848451973397914116504	11.120310969222373387310653924942
11.278524117938761861523744300939	19.416834042912963553817462525330
3.837005020393426946156978374347	11.320324965439851894188905134797
2.704420310232854340881658572471	12.786492964308978415033379860688
5.758965220289390174457366811112	11.421501234869953833594991010614
9.139003790266253091090220550541	12.445061285628705505246216489468
11.307731922091484477732592495158	18.054384403280998583340988261625
8.990628206280506518055517517496	11.746770707922140175583081145305
10.837559855006565712187693861779	6.362514373676940948598712566309
11.468772431222205909762124065310	3.401277939913338599353664903902
4.066524552114881174702532007359	19.368190509705787150096512050368
18.302492004975437822622552630492	0.109948661420189441884076586575
0.673706355551793034663887738134	9.158964695846435688508790917695
11.885487812128630480401625391096	13.909062083900746387143954052590
10.006036807372698405060873483308	4.919752927963713773351628333330
11.446857010403736154557918780483	8.518495908048798526124301133677
9.584419276633362017037143232301	8.901223809996345437411946477368
9.055978676053998199790839862544	6.797045028697888291446815856034
17.783440894308480295649133040570	8.755543839769975633657850266900
14.577801708683738368677040853072	15.608135272297483098213888297323
5.025209234419593329334929876495	17.041510656478578766837017610669
7.121238333850906876421049673809	9.113761578069341950936177454423
3.144052961981869120933197336853	5.025308481172353403110264480347
9.849034323761323150847601937130	7.830538839209886248227121541277
11.842017935399407946306382655166	11.666899225889279634316153533291
13.261595628715671324471259140410	12.032462580043690181241800019052
5.053407172054329876687006617431	7.202133487091328056806105450960
2.142327690990459831965608827886	6.246356666829061765611186274327
10.822437353498862933065538527444	12.986489621779293557324308494572
8.574156864234030450688806013204	14.223419967463781787841980985831
17.205651415670530468560173176229	5.598729174904066852036521595437
8.776437274728698056946996075567	7.716712025180715528449582052417
5.145201025891238622023138304939	9.942900742109470613172561570536
16.769685761903676990414169267751	3.732473047233665575106442702236
8.135475679498057388627785257995	5.328225481743972480330739927012
8.034743811421607873057837423403	2.671246946152947554509182737092
7.238980005579827015083083097124	12.164519258600389406410613446496
14.481977512366853488856577314436	4.399970549736945457652836921625
6.068793718172758921980403101770	10.165388602358252256863124785013
9.987568423171856224485054553952	17.075179887291035640828340547159
15.644737767784123505521165498067	13.138901808805144355574157088995
16.138809804227800981379914446734	15.426372959240772786415618611500
9.546850942321908561893906153273	14.696393093042516397872532252222
5.742636631856399276330193970352	4.472187138509441162170787720243
13.032221165592730471871618647128	13.167002386150839399192591372412
6.063434567952267428836421458982	13.709965935624035537898635084275
15.363892085072043514060169400182	5.395028573586493791935936314985
10.568230253019731179620066541247	18.169851094647953004823648370802
10.187959646612565478562828502618	15.623245663975149355451321753208
14.996358744566720133661874569952	6.254984443235521496262663276866
15.230432266086094017509822151624	15.668068112268862535074731567875
12.365664141656491636922510224395	4.622294770854269430060412560124
11.047882806638071429006231483072	2.868960180225229805728304199874
16.781718716331972984789899783209	3.147325049571485511279433922027
14.449854576010626061588482116349	6.004830088296377432754979963647
8.827160016143544396527431672439	13.736865263096436962086954736151
11.573903944683610944821339217015	11.430563272394616447513726598118
14.690389368768061117975776141975	3.437519283924614921232887354563
13.760820065746360185698904388119	17.907846292326837556174723431468
17.259924528268715704371061292477	5.062252185393961489978664758382
11.928751229987257787001908582170	8.349366977092728347997763194144
14.314531533513461525330967560876	9.069033242286868912174213619437
5.847266018245782071005578472978	12.539780215457096090858613024466
17.097030618670114421320249675773	8.375894755406012137655125115998
10.369453193711899885443017410580	9.275345097944446948190488910768
7.197904403648964333228832401801	3.590493679652382308375990760396
7.690009581659160708966282982146	5.415643283885167136304517043754
10.530827275251068542161192453932	11.767114789246795325539096666034
12.120530052964539891036110930145	15.058531851438411663934857642744
1.412991850246851921468760338030	5.949717172361019379422941710800
14.293853296758214810324716381729	11.984702437769220395580305194017
14.445410782197653176694984722417	13.317458943773150537026594975032
8.195321595350247179112557205372	12.830731194950649509678441972937
15.081549489372035210976719099563	4.981499196065936274635532754473
17.137167312994293411065882537514	10.114229674116424817498227639589
10.039612772447847888201977184508	5.953274824219649374867913138587
12.375253101229361618607072159648	11.991672663344759897086078126449
5.505281331771064934343939967221	17.480603315714606793562779785134
5.051663185946836165385320782661	8.246698447717934143952334125061
4.914592926715576126639462017920	3.115328878960471392645104060648
17.936292280159257472860190318897	13.976245113225436611514851392712
14.179521457496026215494566713460	9.477654252707157667146020685323
15.773983606781031951982186001260	15.159033826284394663730381580535
7.865060749082929625330962153384	18.833509896098835412203698069789
12.786397683629981969488653703593	8.974413110821325645360957423691
18.311749571127123203950759489089	12.488655031465038192095562408213
15.574663172348987671966824564151	11.056662534368141947993535723072
4.018153698944634477641102421330	9.667621276304677380153407284524
1.800024673765607818864964428940	5.168973454015523216753535962198
9.402308449940528944921425136272	5.630682121611033430497172957985
11.524300561943260134967204066925	5.942656908651424707556998328073
10.497161660218557344137479958590	7.532889400171576710363297024742
4.113350792107713260747914318927	3.963592379933165155136975954520
13.681803729608668973583007755224	15.990895974285850300589117978234
10.427577014289006740455079125240	10.933269360344457510336724226363
7.172834034260936242333173140651	7.451913512186606247666986746481
14.046344173765087148808561323676	4.517579848171172862691946647828
3.434222797227943768660907153389	17.251130704884118927111558150500
9.213927541338549076499475631863	15.081391586402073556882896809839
11.587384991322959848503160174005	11.676477159168536346101063827518
13.889175261354456125673095812090	19.420074587074214633730662171729
9.640673349476035269844942376949	11.543798771533348102025229309220
16.173565889427514719045575475320	4.978201742069726876138702209573
8.325347927061459429864953563083	18.979014788126946200463862624019
16.003860956135184778759139589965	15.171971999330402525174577021971
0.109463888614262927490017318632	10.048390083868461886140721617267
6.516241002163345896747159713414	2.032722550041100362250290345401
6.495733700801256560453111887909	13.763866551321353171033479156904
6.814491498601153551817333209328	16.841717767406993999657061067410
11.212873065466805400092198397033	15.011009238457805992084104218520
16.047494466714386618377830018289	1.041990179684003647864187769301
11.026511633532688705372493132018	8.589207809358544665201407042332
10.616823733357586334591360355262	10.129734999164112352332267619204
10.515544884366196498604040243663	2.621452226529949136590857960982
18.996990121151178243508184095845	7.840312982516811857180982769933
9.056256159211811151976689870935	3.793731372639758347986571607180
7.034988847126413702426361851394	12.155324393153001949485769728199
6.742319747668380713889746402856	10.499075552981427250642809667625
8.875268730278056850124812626746	10.285138186320779141169623471797
12.787904029390464444304598146118	14.719426169818072835937527997885
1.126816423469700900739098869963	15.555032961572170080444266204722
11.406364124584793984240604913794	12.006572129903711143583677767310
15.612396692075140691713386331685	16.020692187535967576650364208035
10.971591962531361374999505642336	13.664295856027910858188079146203
7.166320838664452352873013296630	3.721867407684971151837771685678
4.702439892873772286918665486155	18.448390759380664860600518295541
4.508542266066504211607934848871	12.259785807742058949543206836097
13.145271789019998820435830566566	14.833582411994509442365597351454
9.361992227223220552900784241501	8.670680281748021300813888956327
0.139643301214080750582979817409	14.903438792689616576581101980992
4.779173128848047902295093081193	2.588727977544352576444453006843
1.793682900848795336301577663107	5.042776820363751966169729712419
8.177188901548300137278602051083	8.408921475305632498020713683218
15.041646760769364021825822419487	5.349350908192901599136348522734
9.176331624244028262182837352157	2.076800103735980673747008040664
7.460083539757330406416713231010	12.721352436160897170225325680804
0.382826119379935381203949873452	12.160779620667879541429101664107
16.623845065775171292443701531738	8.583455479089961315253276552539
10.423052587587754658215999370441	14.965681500172125950598456256557
17.638684145082724086250891559757	17.989534083705013500775748980232
4.232581745930134253796950360993	8.478775664651013954653535620309
10.190414925722334871238672349136	4.229911551334723185391339939088
7.935105780869976754843264643569	12.369577960348227207987292786129
2.515065629639503530512456563883	8.840768382935834779345896095037
2.753620872871989089247790616355	15.113805742615634031267290993128
5.192428867826562211007512814831	9.821781075652182835256098769605
12.468267855932497312210216477979	10.124357113389818252358054451179
11.025572265218167800071569217835	3.033940117355654386699370661518
13.703081619008360192424333945382	0.879093908575669935601126780966
6.725847740535732199873564240988	11.986536313879868842491305258591
7.173762912760617282970088126604	2.360800473239007324366411921801
9.245820470737676544104033382609	11.154924181256975046494517300744
11.140579737407794169712360599078	4.381879058844547536466507153818
10.356944196525054380231267714407	15.213598073850093328474031295627
17.003776276094050956544379005209	19.457855969224024050845400779508
13.701261704274385166968386329245	2.080333943334591317864123993786
16.370161844637515002887084847316	6.967572696700059964314277749509
11.325653116281888088678897474892	1.896533047645283520665770993219
8.188365427537863894258407526650	13.640304053872931433488702168688
9.780538701173094651153405720834	10.550612704330376345751574262977
8.875515720996119739538698922843	1.766873150190092500722016666259
19.151241691460928251444784109481	13.754284165798965844373924483079
9.714217554688813649477197031956	6.826919229762391516658226464642
4.388726334861151379129751148866	11.420698944060912793929674080573
16.229289742068832680388368316926	3.484669823978902236660815106006
10.994878871625328287109368829988	17.459788809557895916668712743558
11.724826516676824184060023981147	14.679667281357124508645028981846
2.417302008324021755925059551373	9.694773529148717372549981519114
13.672995426574576782741132774390	17.736706891950984044115102733485
4.781860840053028027796244714409	11.451941842028672269293565477710
14.522738234104819454728385608178	11.726132131076669296021464106161
9.726098963982078515755347325467	7.137703315625598676774643536191
19.597632030840738792676347657107	17.637455208214309010372744523920
15.456332901937665624814144393895	5.913932034222479039442532666726
6.907519794783316235964321094798	14.389802481937239875264822330792
18.212375793907231269486146629788	10.567693829918077597085357410833
