75
8.255202997084895244483959686477	10.489560133642896744277095422149
11.745968053969894739907431358006	4.699140619660711948313291941304
1.932546991181540718685027968604	14.194773374500933016406634123996
1.023404728967554078167268016841	1.183147825533432673239531141007
11.833669679198424162791525304783	15.105087650401259224963723681867
0.141302802719303066680822666967	7.067934628004810093671039794572
14.985142947441822514065279392526	9.382625451292083695875589910429
10.356378601698740027359235682525	2.171790034561575932769983410253
11.587837388756378587117978895549	5.828556028250725162820344849024
8.104986389998389384459187567700	5.005566619909841641344883100828
6.586406518528172604476367268944	15.530402565329069375366088934243
12.146967935754938494596899545286	9.572351558487930844876245828345
12.797619449350204234860939322971	15.431941190957145337847578048240
7.693503179304277850292237417307	9.988511774507911056275588634890
5.706426989986785436315130937146	17.483991125263891319718823069707
14.424348775731063554417232808191	12.274046374806728110229414596688
8.255111964528394352669238287490	7.728466856262599549154401756823
14.605473186271705543504140223376	5.255972385620503395387004275108
6.849937052016574767776546650566	10.808197116836977258458318829071
10.150650466556522033556575479452	10.143101935206994212990139203612
4.908909942303779416761244647205	4.107652470290582336076568026328
8.947698261158670618442556587979	16.486975887069164059539616573602
7.714518344547660610999173513846	8.836618746313702033035042404663
4.962330564505240459993729018606	13.684780203463573045041812292766
13.182017633242192999887265614234	16.645564697549765753592510009184
15.565526996552739191770342586096	7.056949191885555805470175982919
2.998976073990523794066120899515	7.154832349568342131362896907376
8.248202048276942477400552888867	12.111302729296836488970257050823
6.217236760871979406317677785410	7.388471214375132767315790260909
7.763432301437895866058624960715	9.855277802980630497131642187014
16.129048210550426034615156822838	10.177008385604819906689044728409
10.137226638544207801828633819241	10.763061944313427886754652718082
0.950255419213135166245365326176	10.206140467145372596746710769366
1.938801509697719582803188131948	12.978097297332794823887525126338
2.217904826732780776410436374135	3.111470894183087310125301883090
10.241454923350676864401975763030	9.323182187252665897858605603687
0.803721007662731024012714442506	5.222752163899036403904574399348
11.648780365260229530122160213068	14.796176467142378996300067228731
12.808117365314721780578111065552	14.284463532679467334673972800374
4.461897090292823442325698124478	16.969651216669078053200792055577
12.278467923390959271046085632406	18.871666551108798870473037823103
8.197597622348533619174304476473	9.849109302653868525112557108514
6.927929440798625826403167593526	0.091425267015712297080654025194
6.279822731271489821835984912468	15.243856785175086798744814586826
4.041375969535047296687935158843	8.537562792913110598647108417936
18.574713896638574084363426663913	7.454036709537276372827818704536
12.567274139578131553207640536129	15.932579637354267632076698646415
8.320283192702143892915955802891	7.047094626256782845530324266292
4.673913857602345345298999745864	9.681605073334353050995559897274
13.187312892706508193896297598258	4.952963506039219865328959713224
12.603324751302059425484003440943	1.316843532495837187923370947829
3.746578449604919036630690243328	6.075514372015564212858862447320
6.835729984622779475955667294329	14.050673175860669772418987122364
8.077623643834753508485846396070	5.830121286741718478197071817704
1.540105774858101517210684505699	11.212844698162143686204217374325
18.613413012012056668709192308597	2.025490951561605079689343256177
5.113537547458069987271755962865	12.498979951219371997694906895049
16.020212645642033066906151361763	16.186775050877390214054685202427
2.628188683477815423827905760845	10.162848091202397071697305364069
2.807289767012438375104466103949	10.546125128915003088536650466267
2.820272509819570228017937552067	13.834256670493658702980610541999
11.720126928112906128376380365808	15.995227832802441980675212107599
8.069909602574819373899117636029	12.050970737803142540656153869350
17.090742290678662129721487872303	13.960395336727788873076860909350
2.428045327761450877801507886034	5.829225528753590346298096847022
3.022521440100033096598508564057	16.084891620411468693419010378420
2.072176386265012215659453431726	14.476228961166611952648963779211
15.741748803021584635075669211801	11.562858274272924674619389406871
9.836067769605405075594717345666	8.061454263024543820392864290625
8.922078088165461551284352026414	11.330020339531321482695602753665
6.052485017986850124316333676688	2.683358653448459918422486225609
8.295923507335434265996809699573	13.182678534422096916500777297188
9.324026715918572350005888438318	3.863707751870966156104714173125
6.584991714644433002945334010292	12.543540722390796204877005948219
7.481543668079933873116260656388	12.861383050824180429572152206674
8.516831998923970914461278880481	7.549246458729111708407799596898
4.877039798108011581234677578323	7.218143523299195507547665329184
9.290417197495681733698802418076	6.152376134935902740608071326278
5.979964864006488411973805341404	6.851192942757452719604316371260
12.579528316921795294547337107360	7.816093902029773055062378261937
12.290657521758237891162934829481	10.027513410034764262945827795193
8.386590320405977294626609364059	12.304075273309935667498393740971
11.630596925885745562823103682604	10.305752743014654271291874465533
14.420975126082813844163865724113	14.390188925314639334374078316614
3.321557710790659090349663529196	12.669732324936354928013315657154
9.181051908801721950226237822790	6.277464937827466506803375523305
9.669756134166934913309887633659	1.110651768293015040356408462685
5.625720268273898483357697841711	10.260935943136653136775748862419
11.711011599445674491448698972818	15.331680140959949909529314027168
9.563874756701499890709783358034	0.718352156846299161330193783215
9.422766085997412943697781884111	6.068313790977279076344075292582
18.681720965894157870934577658772	11.959698723515147733564845111687
9.225773810640747640832159959245	7.820323012122642580834508407861
16.864220895184821813472808571532	13.386037200681135672652999346610
7.219613583445923410408795461990	11.848853646063499667206997401081
11.519531448522242200738219253253	8.951549841562805198691421537660
9.311580018730667873683159996290	17.120309107693987726861450937577
6.187739623239019159939289238537	8.674135908304403841384555562399
5.940669410782629888956307695480	2.606340099380371810866563464515
12.366355128543075281299934431445	8.574030496647312205027446907479
7.730789896386760950974803563440	9.156978682614040465637117449660
6.788828345541490172365683974931	7.480015205192096949815550033236
12.790904824873839729093560890760	7.212771477691334531812117347727
5.686899228456316457425145927118	12.743310845881968162984776427038
11.535271953978131875828694319353	5.048944705581962288931663351832
12.986812767772160981394335976802	2.580051842739070622201325022615
9.875759249454649335575595614500	14.632621466050030889505251252558
4.204019150227185974699750659056	12.226558493383084424976914306171
1.826593885460605637405251400196	13.170350761242527681815772666596
10.412572591868539007009530905634	10.984783261749626603887008968741
11.074974234679354267996131966356	11.723950770756541572836795239709
8.191360724811113769305848109070	12.076069328149040771336331090424
8.853184482284833123344469640870	10.890083010534743479524877329823
7.489591756281804180161998374388	16.733562243625634380350675201043
5.034982251337554615133740298916	4.805001918265534577301423269091
7.808443696735710481959813478170	10.931993353618436159990778833162
13.542117235420267462586707551964	0.936266873343307715060745977098
12.896796632320857156628335360438	1.861348484395615177078298074775
8.536261536612775202570446708705	12.484797200462470101456347038038
4.407965546631679387701296946034	11.089440577536912257983203744516
8.076108538567220662685031129513	2.225977760495055690626031719148
8.013940856907547427567806153093	5.425698585710411414595455426024
10.175490771964168956742469163146	7.756363792461660189303529477911
8.535089426496082154471878311597	16.708454280619537968277654726990
13.431356881766681965473253512755	16.204896203851870239986965316348
8.160436784813676069916255073622	15.330696432907105375420542259235
2.443095527404271827265347383218	2.633800340362793868109747563722
5.449583230268093103632054408081	13.745110725829899678274159668945
14.122451302664559946720146399457	0.040490724195646476957222148485
8.505230429882884024550548929255	15.309893603952817286995014001150
17.638909698043583773596765240654	7.886265753734149619447180157294
3.565265799375233690682307496900	3.886343123954507650097411897150
11.346719424884620153193282021675	0.249274173405363841382609280117
10.197918378643642256520251976326	10.910540784803837155436667671893
8.267510374094422687107908132020	4.485504837772467112699814606458
14.583479920785896055690500361379	14.316595654487056066272998577915
7.311947088345359446748261689208	11.420081028785212140519433887675
7.611465006186144854893882438773	8.288177809360226078183586650994
11.566389478196219542383005318698	14.531860444020672673559602117166
8.888220398006811961977291502990	9.552118957304621460480120731518
2.779339289158698989012918900698	8.300037617848316173763123515528
11.539956144836370555140092619695	7.976469045174523486707585107069
10.485132344660659242663314216770	10.638004794064261915309543837793
2.999370942458532418584127299255	11.881882422111782915408184635453
15.397696868979455331327699241228	7.919165171137489522834584931843
2.156370916892009770293725523516	11.033199101697606536731655069161
5.826877978446469263928975124145	8.595078717853994021425023674965
0.151986403278374648806448021787	14.176468239567133977629964647349
15.582734176779585055783172720112	3.237071086112485396313331875717
1.674938131807598429290351305099	1.262519470606515703536842920585
10.304381141050006576165287697222	10.690854521420890321792285249103
2.608883702601418885791417778819	17.448697459616987259778397856280
13.213367353892214950406014395412	4.038888000237687236904093879275
16.537102272816380121867041452788	6.734809476614750600731440499658
11.239820008492412028999751782976	12.822184306045615542757332150359
15.655941846839930065016233129427	13.303039083604000225591335038189
10.551137251164695030070106440689	6.165649269502698537337437301176
12.200572854388841648187735700049	8.657587678380153306534339208156
16.623384379738052274433357524686	6.325370382233054478149369970197
11.818529485491005459607549710199	17.297463516271694317083529313095
8.264407345809264171521135722287	15.188156231197648793340704287402
16.270960987793255725364360841922	7.323345200667442433939413604094
11.726607635969470422310223511886	12.961988292986376336557441391051
9.667633687174989276513770164456	5.697675147318612687286076834425
2.315177689023633966769466496771	3.803593397707732748358466778882
10.308181267709876749449904309586	7.683483767261924057834221457597
13.335494223410652381289764889516	7.289973947309523083504245732911
10.241843343602244686962876585312	12.706838891508702715782419545576
15.475982002792033398463900084607	10.775776279762867559952610463370
10.140496024392547269599162973464	13.761869666733698380767236812972
14.135850329082616738674005318899	5.922045622409297216393042617710
19.675629003806481165383956977166	10.936243342518100263305314001627
6.332227457580186680274891841691	9.836578482407569268275437934790
6.938677460446072586819354910403	4.645062195467791532621504302369
9.103189625329910938944522058591	5.256451545026107119440439419122
8.134559226574101131745919701643	12.045864749746314714684558566660
9.991697143427209937271982198581	13.518704678737300639568275073543
7.925201042282522756465823476901	13.490023677775321075955616834108
13.433426204709066453801824536640	18.364426166666802942017966415733
13.787322644186506437335992814042	13.007982503319421851983861415647
14.868696232256798595017244224437	12.285956602841430651551490882412
5.196705380226807946542066929396	18.676764280761904757355296169408
14.153171549107241844467353075743	1.802154215657632008174005022738
8.245123834026331977042900689412	12.942558327033220066937246883754
5.761457420671350249108400021214	6.940585391924006586350515135564
11.990963878835135147937762667425	13.192934506456554188957852602471
10.394065971072963705523761746008	13.916926126303275523810043523554
14.959428266124316309060304774903	8.621396268741204238494901801459
11.385561687972398203783086501062	13.576506130849510967095739033539
6.171813711303308025435399031267	8.628600170168985172836073616054
9.721445111610412581626405881252	13.753248891836818756928551010787
0.115264661357555864285018287774	10.716647031959473324036480335053
6.788815018224333641683188034222	11.397251832484181832683134416584
9.567850336038631553492450620979	10.043003972425053049732923682313
9.526376544229439247146729030646	14.882648099393319895966669719201
11.669784247388928832833698834293	8.792582127259505497818281583022
6.921643328688034557671926449984	12.835619656935932653141207993031
8.710186347769344195057783508673	7.060553728939203743664165813243
13.735348062457084949983254773542	11.327422049002290549424287746660
9.871609392142969952033126901370	9.813657363730103000420967873652
7.033880576531003292473087640246	4.563856888562654923191530542681
9.670541351095421234163040935528	11.320174165534659493914659833536
12.912759998406350803179520880803	7.465290345484481449034319666680
4.110829788581914279177453863667	13.864193090021688092861040786374
13.909413133479597846076103451196	11.703573853346064481684152269736
15.523650426593096796068493858911	9.431800832944020385184558108449
9.746132677100332486475053883623	7.729802954442137163937331933994
10.236817427023883197989562177099	17.185368538630051205018389737234
11.059107650278491519202361814678	12.195292409635701602610424743034
11.552103345585067017964320257306	7.150492987634385677608861442422
7.893336562130428113448488147696	10.373428077570421734776573430281
8.960182406685023082104635250289	5.746787010995523026224418572383
10.046977566409587723228469258174	1.776070944168447462985227502941
8.477346467877252322864478628617	4.998890598739289536922569823219
6.347616813618348174941274919547	8.164950879701683206235429679509
8.036855276402251391232312016655	5.025350886562621965936159540433
8.726745308669409340041056566406	4.651408237310490356719583360245
13.910015229219755639178401906975	15.355825849922874581920950731728
19.366688079234560149188837385736	12.510000920523220102609229797963
10.385005498659648282000489416532	11.614890223354429110713681438938
17.145533080068720011013283510692	1.073376616775871816855669749202
11.418172595994429130428216012660	10.747444994203753765305009437725
14.894286682521569176174125459511	7.833841105745698030204948736355
9.496347070907638965309160994366	2.642787841088307665415868541459
13.507679320384905707896905369125	3.486208296844262033431505187764
8.187182322916516596933433902450	13.616282259835813306381169240922
12.305123784930126262793237401638	0.473485542080762655814396566711
3.363199756875165924441262177425	1.268736249742764554682139532815
2.563926930757448374720297579188	10.597097741157448069770907750353
7.721552311190869488655152963474	12.905664689366693309580114146229
10.958939626534661471168874413706	8.103820680250970909241914341692
7.099076174485738022212899522856	13.721357643463459652366509544663
13.050838589162967906531775952317	13.227952819392671202081146475393
11.487664347916025420204277907033	14.261833701368711757595519884489
2.902600917995129314874702686211	18.198341999728079088072263402864
13.497517456210584185782863642089	12.273733742145518377242296992335
18.048232372103502285654030856676	1.776363664407825115887362699141
1.841269716062957639834962719760	9.573466778728530357511772308499
18.234036034117167446311214007437	12.673743952403864199141025892459
6.967268239232724980070088349748	12.254251588524756044762398232706
9.716802246779655760633431782480	6.673430753559125960805431532208
4.449814882884042255284384737024	10.042567087847295681513060117140
6.014977127566825565452290902613	7.463744339045481623884370492306
15.302437247058472635785619786475	11.914506713479248389830900123343
4.488900108065656979761115508154	9.865639540468167822950817935634
9.879360455948138053372531430796	9.967790760399555693993534077890
8.974074744683383286769640108105	7.175969314396292375590746814851
12.057751752018560864598839543760	19.531496535239199374700547195971
8.588142287764446436426624131855	5.512360366946774448138057778124
7.656090712762675387637045787415	4.473257366571575133207261387724
