75
5.707897107142967385584597650450	6.734623121879276474999187485082
14.838146795401954136650601867586	8.104957924043951322801149217412
13.460641306839089992308799992315	13.463286408941621985491110535804
9.387564289045355891971667006146	11.372164579702433329089217295405
1.970057162413898499409015130368	6.620757625709955185300259472569
16.562968553288655471078527625650	19.603271612232067155900949728675
8.801070515695755602791905403137	12.500409752829586551570173469372
10.626226525542296741377867874689	12.614347019683176398530122241937
7.757914398937009181622670439538	16.088054451400356725798701518215
5.436848078414584506390383467078	4.744983617581231882809333910700
7.114470200352288387080079701263	3.240848464669010553507177974097
10.213889331311586161632476432715	6.131622513159331155918607692001
13.248525660104796486393752275035	8.086087051167853090305470686872
8.384973702964417796579255082179	7.847361353660186722436264972202
14.476643066397652859222944243811	10.323030945622061693711657426320
3.419106814139112326955682874541	14.415114075377045921300123154651
7.071549776299615786001595552079	9.024259864881461368213422247209
0.436112710288129035163251501217	8.123759116232481147790167597122
14.415193473711688909588701790199	1.856026185345077683663816969784
9.227178515560188643007677455898	13.416028618820112328080540464725
9.682438516402696038198882888537	0.452470299435436817958589017508
11.791901448210438729802262969315	8.983972409165192019031564996112
15.047150613841282051907910499722	13.709514636554342104091119836085
9.583323348226311821917988709174	11.602954665527136057789903134108
10.764882858587318636978125141468	13.079061351621636077879884396680
17.926555398589425038835543091409	13.395794722011791222371357434895
4.516736310026986167542872863123	18.023429124833100445357558783144
6.452909525642299470860052679200	3.360934640570901521527957811486
7.634251223240442918438475317089	2.891699748790702351186610030709
5.978798252715787242550504743122	7.955825676679826763404435041593
6.195570599469056638497477251804	3.031832610712492659388317406410
8.309826727457894079975631029811	13.752124571182880785613633634057
19.703039014862000044558953959495	8.913950316503882476126818801276
5.364458371729343255651656363625	12.259355078061284771706596075092
6.780235977230797850268118054373	1.391393919386838540219741844339
12.554000501984452498049904534128	3.050473850900414785058956113062
8.408123291227623141708136245143	8.095790261334366633150239067618
9.300874239577087365660190698691	4.447702804027935385988712368999
5.173923973617921667766950122314	11.953027932471405492265148495790
8.085617520290366400104176136665	9.852590372640444016383298730943
14.740507991762088479958947573323	11.098594419508307495902954542544
6.967456356325448574295933212852	11.255997363971733449261591886170
3.160348502503379286565632355632	11.950231136004752841017761966214
12.679184564559781378534353279974	18.480557758581934280073255649768
10.419458522099438013697181304451	12.049269587100592815431809867732
7.962224410100654736766045971308	13.868834079113970148000589688309
6.154829015840064698750211391598	10.828910391069690888343757251278
0.225121162824770681964992036228	13.175778970738308615295864001382
14.846341299311209382949527935125	6.084727957211077509214192104992
9.301868707861491003541232203133	13.782367799775521177707560127601
4.735966198608347887955005717231	6.030197787002094855779432691634
7.644963807299770763847845955752	10.256945560848736320735952176619
1.849952465272534096740741915710	6.846098869074476844787113805069
8.667001801741402999823549180292	7.358520251751175855758901889203
4.551254510216663717869778338354	6.262286399329990871365225757472
11.353275031281157225748756900430	15.649037005336738914706984360237
14.826781333585062228053175203968	6.244128302355169246595778531628
13.537530138671721502419131866191	16.580407218463907526029288419522
13.287704059910790732601526542567	9.790482026295265427506819833070
14.297183080360664320096475421451	9.096361783025471936525718774647
8.486561756208789830679961596616	6.093315776412227435798740771133
8.229466235133740426022086467128	10.478216103511485357557830866426
16.337566736985962734252098016441	14.047037773024880991101781546604
15.612718407334362780147785088047	11.869516087753494204548587731551
4.459642161296716089680103323190	4.855167860393053480549951927969
15.144470169840930751092855643947	5.834072459405635235896170343040
7.987057615008419375612902513240	10.219492304592227682746852224227
9.019000404600488352002685132902	8.085274306725363402392758871429
5.283637560237374408700361527735	9.360988945919769932402232370805
7.160158161261190201685167266987	10.017949241534502391459682257846
8.884013821285543954786589893047	7.456596595705539343157397524919
5.294663881310073705321883608121	6.448810845568843319597363006324
14.100899837434202055419518728741	4.978644507024631238323308934923
16.263939158439111309917279868387	13.757066393254939740131703729276
6.235076567625414512008319434244	11.158589385962788043116233893670
7.384640409620761403175492887385	11.503837375075027793513982032891
12.301861359601375056627148296684	6.555625597678265137346897972748
7.441318704181845156142571795499	6.756004374130577083690241124714
7.327434200682088949463377502980	7.502184361927786149237817880930
1.504835339264928295577306016639	5.097972808045843073898595321225
16.919805005670355058100540190935	13.077773430466546500383628881536
1.682869646824005638308108245838	6.912592977180152864491446962347
5.477874663165428259503642038908	9.560199581520699041448096977547
13.586422208763190511149332451168	8.139954476566332530751424201299
7.913405969630601610731446271529	7.374720314995358627641053317348
8.512715614564408284081764577422	11.365680554462166185203386703506
6.260872287842170536009689385537	18.520763784310013022604834986851
10.750096988531039343683914921712	12.144791577250625635997494100593
13.183323972697307269186239864212	15.864891906020355705209112784360
11.087015654761968264097049541306	19.259185682116385152085058507510
17.956835548671417512878178968094	4.156669713053685377701640391024
13.366363319281553856399114010856	6.796436553999257945690715132514
7.937816304107715659199584479211	7.462748026532139533628651406616
5.537027006867750955620977038052	9.478752601270363342678137996700
8.876535287843880794866890937556	7.360849283053104485929907241371
3.798730682111427725544672284741	12.464021106778725211938763095532
11.147495709152993370594231237192	4.090667790872615228181530255824
18.165307866510985945751599501818	6.112013551704793989927111397265
14.956216514640413350889502908103	6.709039686855795991959894308820
11.688166845710313168638094794005	11.571273137222279459024321113247
16.161685038447458850896509829909	11.126454475439395253033580956981
7.869630414665589768219433608465	13.632115524807307593846417148598
3.123010542193168426194915809901	9.305293308110035965796669188421
4.457188086066691923292637511622	14.012093648601485540439171018079
6.684030682647400745111099240603	7.416740123052043109908026963240
10.117667184666510493684654647950	14.716753066541642169795522931963
5.238059133766562958101076219464	7.073626402012429537080606678501
3.344911688495844082069652358769	12.983101239557889527986844768748
14.063763364641026498702558455989	9.338389330677152599946566624567
7.414622718975874882119114772649	15.512570085989628054790046007838
4.332220252906165747219802142354	3.083630234719461959969066811027
8.831763464997530732603081560228	10.638178728493253188958078681026
15.371025549605855431423151458148	9.619713823504028482602734584361
14.521127337368454846000531688333	14.932352625320529426744542433880
11.477260113313299427773017669097	6.648855782349162524269559071399
18.259995312773721565235973685049	4.879006305318168479345786181511
13.329548587560704930865540518425	12.990039783136735351831703155767
14.619937445205373194312414852902	10.335331025630628332123706059065
12.950239778327432560445231501944	3.749864430666934644875709636835
3.513582316865828669705251741107	7.365600029659523428904321917798
18.225779808902085932231784681790	13.791583572508123722855088999495
3.611035058632841909798116830643	4.045778601770294358175306115299
4.995979627246867060819113248726	12.655342644176055699745120364241
10.495612570570260757563119113911	7.183501517374355493927851057379
13.920808659617517122342178481631	18.991578409826058049247876624577
12.367186612983962490375233755913	14.087303458395567190564179327339
4.487391570204036561619886924746	5.898352320333792420115059940144
16.087405660446602695401452365331	7.716347784323167147135791310575
12.083913920343245962385481107049	9.874003904981952572939007950481
16.184279526151531314326348365285	1.038052648925334997542790915759
6.008654927312435667374757031212	14.523995482059667949670256348327
12.186761564150732084499395568855	11.442657936579754718309231975581
13.609341454052641395833234128077	10.246157997029639474817486188840
11.164487340226674660925709758885	5.798801050622114594546019361587
13.535097889776526614014073857106	13.039692253329333126998790248763
14.313090264053213829242849897128	19.931003162693126995463899220340
10.719313636730017691434113658033	9.973995068310063771832574275322
10.469666643008988415886051370762	9.715608462795771060882543679327
1.305622882663519668255958094960	6.330234979902445324739801435499
8.853045816294361713971738936380	14.963618256503380621325050015002
11.954474048126170870887108321767	11.833912727079612281499976234045
18.346103605805833325348430662416	12.921420067639935780334781156853
9.625049028300825426640585646965	9.325698739950865956416237168014
9.891116251302582540461116877850	16.106059831021571682185822282918
6.190688011212285957185486040544	16.875338187461522920784773305058
14.870331886385578457066003466025	12.316691202385438685951157822274
15.096393388639073762647058174480	18.669859585715872896116707124747
8.527989983286166975062769779470	6.865363563191353435399832960684
7.809780300112154627356630953727	6.549791851130206232767250185134
13.882998549453175129997362091672	4.995115978307358872712029551622
8.446846471302507097789202816784	3.813044613259227944013218802866
6.468108444734203210657597082900	10.602658281810789731025579385459
19.204390811992460896817647153512	1.965564136975748166236144243157
9.783277665541284306982561247423	9.988938419095916287915315479040
9.248210197460268844338315830100	12.843881351548542824048126931302
5.973744712202538664769235765561	10.263705418645963973744983377401
4.921395916927320257627798127942	12.217404117975190658285100653302
3.109314251969950149145915929694	5.998674265572060626539041550132
13.489539015499575569378976069856	9.658869566423874175598029978573
3.850674639589363401626087579643	11.271670135814622071279700321611
18.494336307197322355477808741853	5.154680898798082999689995631343
16.160021215986947851206423365511	14.495618166690453776368485705461
7.332571744037284844353052903898	6.061729453474250739475337468321
8.579597952379222292051963449921	10.885626875745762376368475088384
12.814680336078607680860841355752	8.065062307386888562632520915940
1.037163294407339453329086609301	4.513826399583394710646189196268
9.343358869180850234670288045891	10.312545466893665135899027518462
15.416064117315677606256940634921	13.533803287066358933543597231619
11.797123305535023973789066076279	3.124190153115077528411802632036
12.796546397036676623315543110948	9.247058219041186077902239048854
4.302792681062850732587321544997	7.143744646942033149628059618408
6.153308529767563150869591481751	5.418082595212599272826992091723
4.470027844596615729244604153791	18.304383283228780499030108330771
14.364121470363020449667601496913	9.703534093354694078925604117103
9.696444204568457791992841521278	19.347682271209947657553129829466
0.430667428892450576682904284098	15.722612779325713106004513974767
7.963348010357580442075686733006	5.420793053352838342107133939862
11.185469338269710348754415463191	14.911209254862034967459294421133
9.654178403457409629595531441737	9.774710353206078394805444986559
6.152804439528537727710499893874	1.620782541558069000942055026826
9.429893257837509423779920325615	4.224664600846405271283856563969
6.412478711337308290296732593561	7.983751863761145983744427212514
4.461804604824638254001456516562	17.993916050023173625049821566790
12.618475064778035488188834278844	3.868231700663714356380751269171
5.585991346447759298143864725716	17.929172173476647600409705773927
2.631435117276134327823911007727	10.860356691363362457991570408922
5.605158339234692199681830970803	14.408552482643052883304335409775
13.086256621546361600394448032603	7.800580859030594282899073732551
19.196955018977909901423117844388	6.787799394321487156389594019856
8.623684811795177651561061793473	15.959572788182729397021830664016
2.434144036950844913747005193727	11.599038437260666967176803154871
19.006189876785125392189002013765	17.094583291434751970427896594629
12.699761850404890139998315135017	8.379732596165681002275960054249
6.715335016027371928259981359588	9.167148872932308734107209602371
6.031607772559532065770326880738	11.810927070258504301136781577952
9.809175834458807585747308621649	12.333901027392826676987169776112
9.446567102876551658141579537187	11.699848322734359484798005723860
2.928137743636491929777321274742	4.891051572265983971021796605783
13.553926491441281143579544732347	12.939941361729584201611942262389
5.678311769513823215049796999665	9.499663593290122776124917436391
7.708936555362518205924970970955	9.308255177407676939083103206940
10.955394546566745717086632794235	6.693763816007418654407956637442
5.422313487787978836252023029374	14.290656241704549955784386838786
6.169641640155765216491090541240	3.251740075656488482280792595702
17.053082753367188928450559615158	8.786997431382584267112179077230
12.726735874955673821773416420911	7.494633567721874278788618539693
11.061384458502189431783335749060	11.761127750689556847873973310925
14.475893422174467062291114416439	10.826216570338027977982164884452
8.289859284203696887516343849711	6.888366497533400689690097351559
15.548815435934960405006677319761	10.366481989398742769026284804568
10.113476730298692984888475621119	11.014272445605326922191125049721
11.175274907864583440186834195629	14.565819168876924294409036519937
12.381519847943899037545634200796	12.890668793656164581307166372426
11.156119102760957417785903089680	10.493981652507601509682899632026
2.371202644877806520185004046652	7.471841709743164194890141516225
12.547502196216525405247921298724	9.564471985701505474253281136043
9.849071496442917350577772594988	13.940396761511326673144139931537
6.423114649058621061783469485817	7.722186093379172611150806915248
11.943393180679626297546747082379	12.685077335144622878715381375514
14.978827931344504520438931649551	11.028260659630735318614824791439
8.217227506571138206936666392721	6.621417004131036065928128664382
8.289105246736419019271124852821	15.880774188817984082788825617172
7.062753619483826739156029361766	2.865368845277826981288171737106
8.895310552918067159566817281302	9.081619049758923978288294165395
4.874487453969472916526228800649	8.418969387754170696780420257710
4.080745260507963045881751895649	19.921015504235800364085662295111
7.170471666358947615549368492793	12.128251065509653372487264277879
18.486826549089144577919796574861	6.749728154821875492075378133450
10.469094541394740716100386634935	16.508198650015632580334568046965
7.925547696115049056686530093430	9.060504455087627917464487836696
7.565723610221329664682343718596	8.588976339362865530802082503214
9.183309230530557698557458934374	12.829423796886983311082985892426
9.934834760779823525922438420821	16.948071638900074731282074935734
5.702237741124520198354730382562	12.324944033864536407918421900831
8.887892415380775901212473399937	10.680595035775008128098306769971
16.501018015187284504463605117053	5.783948845543615213671273522777
4.581355082990347327154267986771	8.995036693375531910987774608657
7.753574844593511095069970906479	13.522828141387142508733631984796
3.915027952170299307965706248069	9.255268739106483621981169562787
10.029921264011663950554975599516	9.411065426036897108019729785156
7.218254466381449852008245215984	3.831691042696804494482876179973
7.804373749839412788276149512967	14.595647887174886037087162549142
15.316812262482562445597977784928	4.203568214265674285456952929962
14.298651912993546986285764432978	4.347099528029634285530846682377
18.127998380396000754899432649836	10.284177535985365992132756218780
13.765971231342245317819106276147	4.192900103506536524378134345170
8.494477734910406141466410190333	13.756226266603997387960589549039
4.731304660296604680524978903122	8.115955597962656753452392877080
9.321719184376576095019117929041	11.101212180648593275122948398348
2.785436260763216598235203491640	8.332771192909754986999359971378
