75
8.941072212689780585037624405231	7.814559658393338992254939512350
6.699356014938631531663304485846	10.485058237991934149135886400472
10.223051774455743867520141066052	12.155677915711637027129654597957
12.573526310359449453812885622028	2.255743638029729325467087619472
7.064336474336292859277364186710	9.756625879913491061756758426782
7.706376651844686342940349277342	4.949019623507605381007579126162
14.486826164712446995963546214625	10.829454063602765856444420933258
7.333270913268024493447683198610	10.265711037696478413749900937546
13.167169319087600243278757261578	12.014995321464313704495907586534
9.574431686930461538054260017816	7.852974656186370694399556668941
8.274022627068641000391835405026	13.013007009277798076141152705532
12.358286434793273045329442538787	11.946166514837463168419162684586
15.817641973103912178544305788819	10.564712207304284063980048813391
7.883514998720274391530438151676	9.463696270137726074267447984312
11.133912462572061130572365073022	10.891691925734580337348234024830
6.375583784934971021129967994057	10.396887839503946793229260947555
12.893818939965264291913626948372	6.501457173189621130404702853411
10.308406282979822421452809066977	6.337535369713584110229476209497
4.807367634876232642682225559838	8.948775002903206043924910773057
8.876996513042781700164596259128	12.837122208413562773898775049020
9.562393795288931741538362985011	9.779116277380712318745281663723
6.590281608912688326995521492790	12.400779772246890431119936692994
10.460127827083130824803447467275	10.511513801011595603540627053007
12.150052533870544735350449627731	9.214464214196222968666916131042
11.929145034509900824559736065567	11.164260264480628137562234769575
11.791962837586272172529788804241	11.363894976916629531160651822574
9.906827811494567370687036600430	10.696510384203863353036467742641
14.279051155582642707031482132152	11.710406115023438644584530266002
14.069820663988888753692663158290	11.591456778788996828666313376743
12.789988018205521669301560905296	11.377918780938555798343259084504
11.425709303716283571361600479577	6.061018287199894771788422076497
12.893330155007161508251556369942	4.290230282738649592033652879763
11.806102763299096025662038300652	8.885279024117684443240250402596
12.068218224774851066172232094686	9.669932920342581894601607928053
5.245128427593956033092581492383	11.963691220181454255566677602474
12.979913232647652066020782513078	6.417183141156218795231325202622
10.898528185994965866711936541833	6.557274936934544662392454483779
10.771911763208660062218768871389	11.194348410245902769588610681240
10.527970245757604317304867436178	9.697175839527750085267143731471
9.414511313304242179356151609682	16.084441712923705836146837100387
12.751016510517162672044833016116	10.882519375763596514161690720357
13.910936495103191745670301315840	12.437735366228354294548807956744
15.714687540583467395549632783514	10.599728981980943487428703519981
15.777053129822313337626837892458	15.202578673101484696417173836380
12.256284560519990378679722198285	10.562592916284366140189376892522
11.447995461807391137654121848755	10.913006480137651621475924912374
12.708847164527862005911629239563	11.137080907840388732665815041400
12.902818508151804977046595013235	4.127952238596792611247110471595
12.241677503084430256308223761152	8.724801766668251801206679374445
10.108754251232948462302374537103	8.334993968646958961699056089856
7.540354546980844396841803245479	5.694974547858793201271510042716
12.534368379372772039914707420394	8.477358311936800561170457513072
12.205025013142954293243747088127	5.964930713956917429641180206090
10.181532860391909522945752542000	9.234260908593137529010164143983
6.871105319086492357882889336906	17.149980706714252676192700164393
9.466972974810353491648129420355	17.312799218947990453898455598392
9.377026077359680300560285104439	14.844724391028687904281468945555
10.424234131576707085287125664763	5.593933926115866483996796887368
15.058031462185736515380085620563	6.357264137887129962223298207391
12.117256205662433998782034905162	14.743760325189175119930951041169
9.770527032718828053248216747306	6.751482030548913826351054012775
10.763339230552325886947073740885	8.242951925979330241034404025413
9.097587580553271990879693476018	11.114279184054089100186502037104
12.097017551078511843343221698888	7.692802615381624242729685647646
11.932413670418071660606074146926	18.294828374920566460559712140821
6.956005854666725163326645997586	11.091456709824360160610012826510
8.586001455667712889407994225621	11.513401212994324396277079358697
8.383647298589348650921238004230	4.742896313467929836349412653362
10.641925022418897484044464363251	11.117986828273814126077922992408
12.932221807203427843546705844346	9.612898850875627232426268165000
12.557652207771873520414374070242	12.500662789315136080858792411163
8.784120697331786686845589429140	11.845850287323303362541082606185
8.757287078372517186153345392086	11.731525438431718910692325152922
10.581695938439283466436791059095	15.958557736490638134796427038964
10.428337774031781748362845974043	8.811153434910925952294746821281
10.149035793492982904240307107102	11.645663246764669906951894517988
12.191641523011782055618823505938	12.511655783255072549309261376038
9.690658943775108724594247178175	8.810858196007725240406216471456
10.677373620775489015954917704221	10.209441611023278184688933833968
9.876703372869920727339376753662	8.468981559988840501773665891960
18.608291496941852471991296624765	7.229779048760359927427998627536
8.121413615186394707734507392161	8.106766021130912491798881092109
10.807722931787418829685520904604	11.430626810725719622041651746258
7.626952583641196881103496707510	5.942688391047084017770885111531
10.075836284250549113039596704766	7.051154939954915157329651265172
8.603342987287776466587274626363	8.075679039711522122502174170222
15.555483610369787328409074689262	11.886609401309149447456547932234
10.924666246176734318851231364533	10.473279948166529962350068672094
9.759087782003605937575230200309	4.903290809103006964164706005249
7.652252787110668919012823607773	12.770568652719722635424659529235
11.459766318985513677830567758065	8.293410927740419325004950223956
7.613350264337760187061121541774	13.854645302036834308978541230317
9.143729310165443990854328148998	5.834184788223790718575401115231
8.663864311795881789635132008698	7.198009534931961717063586547738
10.860880379879736423731628747191	6.635382922391741544743126723915
13.311636678569744418609843705781	12.999322857035869205333256104495
9.731140667677333766505398671143	10.808716204874972532934407354333
8.587836342170236392234983213712	8.458303349142395788362591702025
13.721064054513027130610680615064	4.603052472938477635011622624006
11.510196938352621032208844553679	12.097207472200626199310136144049
6.112477251022960800241889955942	13.418894881068888835784491675440
6.735456386689913088616776803974	7.243108205753433281870456994511
7.619413809496746736726890958380	15.455678031877772227176137675997
9.528267392725597417779681563843	12.843400443578556036072768620215
3.572287779963198683930158949806	8.980966952843537853823363548145
6.493769838257165361028455663472	13.058344984959466827945107070263
9.753947088679582932968514796812	10.630835107333439282228937372565
13.666596199216039408952383382712	8.420057434905713122930137615185
12.098854757619164956849999725819	10.556835986875787725125519500580
8.753572697994831841583618370350	8.557007385012028066739731002599
6.611297496307134480275635723956	4.320981940023154166397034714464
14.854696704243446347959434206132	10.711699016797235017861567030195
6.160410067610262885295924206730	6.892663363019503997008996520890
9.258600625044055121293240517844	12.679594718458655933090994949453
16.329983868238972632980221533217	7.893501536009299712759457179345
12.321651086367314320568766561337	13.574557570357205449340654013213
10.805369311195891057764129072893	9.761124609778367045009872526862
12.195285798466828808273021422792	16.210233731689413616550154983997
5.754776733506135499851552594919	10.020520172704337369395943824202
13.072104282723868706739267508965	6.902073521453973015127303369809
13.566147612222707152795919682831	14.466361889707339827282339683734
14.266062422350058724873633764219	9.393581718093694021831652207766
14.980069444274539236516829987522	11.510581703592926317014644155279
6.312001094876092288643576466711	11.158932615754121542295251856558
0.763586321035937931611670137499	11.776366749729589855633093975484
12.928625941635717211397604842205	9.994748079396577722377514874097
1.627365020095956182899499253836	7.479604772579335758564411662519
8.651872691171815787924970209133	4.340485153689549235878075705841
8.975905058567006378211772243958	11.711566048220568347915104823187
11.272868039332115230877207068261	7.591754434156177566705991921481
13.924552380251164152014098362997	15.171679745740924261099280556664
11.573840382756573674782885063905	7.471376371561565754575440223562
12.641660721497133934576595493127	10.338625076999022667223471216857
7.175548731613429431774875411065	15.870777103534607022083946503699
10.781696936048675183883460704237	8.785779713864839024495267949533
10.478337076561553331544018874411	6.323570071938521053311887953896
9.898887812702760413685609819368	6.810505588684124589349266898353
6.380267209439081987909503368428	8.246290015155027575133317441214
13.819319102708842450510928756557	10.045944971313920390798557491507
12.928755947196043152302991074976	8.837764299697237646569192293100
5.962057771044059428788841614733	7.133713908602416609028296079487
6.921848394849639873882551910356	7.061420437590095744440077396575
14.497547529211349370825701043941	9.192526017012230710179210291244
12.414418214125745976161852013320	13.180017560706202672804465692025
4.102788800454689521757245529443	12.448239937347773675924145209137
11.270170389570113300692355551291	13.848115852473991793658569804393
8.234469457637445088948879856616	10.394203323844557473876193398610
10.771586136112631493233493529260	8.802016844729811495540161558893
11.116706771444608392584996181540	13.501448211952592259876837488264
15.588298573003267932790549821220	8.616755772475034547142058727331
12.640008797309821630960868787952	9.993291241357617593621398555115
10.914224048861642657470838457812	15.231332313797539157462779257912
6.640277456485249807371928909561	7.200479852804008373823307920247
6.705705315908641495070696691982	14.167864700117112519706097373273
8.042400602236247308951533341315	17.198122361442482741722415084951
7.653807026639053212591079500271	9.568080947479625564255911740474
12.729717143834665904478242737241	12.533550324393420538626742199995
6.196953196824663834263446915429	12.005399420339454508166454616003
10.940794064863787582453369395807	15.182197656220971282436948968098
7.480827633190165748544586676871	7.065536309899462352746013493743
7.502030391701155487282903777668	10.362587409098388491202058503404
8.986969669316390962876539560966	9.063491509532116907621457357891
11.246292755877917102225183043629	9.925855019172979964992009627167
10.164217794151271689884197257925	13.386262356562991016062369453721
10.636388389373752971778230858035	6.484923267179778072488716134103
7.156896790299388300127247930504	8.180627242307656032949125801679
8.066804914090274891691478842404	8.587369270632933648812468163669
10.412647351208988766302354633808	10.185570198430138333378636161797
12.950666909607182475383524433710	16.765810173256962656296309432946
8.713598611497010537618734815624	8.713885550017703707226246478967
7.679604039932140580049235722981	6.079766205766944153765507508069
14.573756367491775165490253129974	14.122566765507690078607083705720
4.804870926895418392632564064115	13.455002651959580006746364233550
16.440571848736592386330812587403	8.201307901689297352731955470517
9.900256152482095117761673463974	18.534669252705171516026894096285
6.829371949794456497784267412499	6.532778139476101308957822766388
7.941721676285617093071778072044	7.424169620398133773164772719610
11.290578239298930895984085509554	13.377411393116906523914622084703
8.096860381290795771747070830315	10.654225714170564742744318209589
7.797706363369497850612788170110	12.454912292642548621302012179513
9.361625811805177832525259873364	5.599463459830669620487242355011
14.002850435939604878399222798180	5.430400891931530082956669502892
4.865109357370076992310714558698	10.483964968135385475989096448757
11.591649922536158001662442984525	6.663913317503918243289717793232
13.308223171197630207984730077442	12.378960018264304920876384130679
9.318640493501364474582260299940	12.013112959677552993298377259634
13.015749109753421919322136091068	8.569856914738489095384466054384
7.680395339509348495710128190694	8.147580545964629550326208118349
12.820766145033434924016546574421	11.942533227182851263137308706064
10.327460486473560408171579183545	10.052699962741781902764159895014
7.695439676622112479265069850953	12.235462613550691202135567436926
7.993717198241963473037685616873	11.200715706723721964976903109346
11.419922022848952636309149966110	7.568393743758039526881020719884
5.898827778965836543534351221751	9.950326840376231274376550572924
7.538702597308934549857895035530	9.990322314499385569774858595338
6.711393063765692446054345055018	8.327508456759462163176976901013
14.063829399493405603038809204008	4.826483336987609007451283105183
7.006153720270811291470636206213	6.233365340891282357915770262480
10.230531887559950021682197984774	4.858197207506381509745096991537
9.316023586739712314397365844343	11.234449488887191748176519467961
