75
9.980951610800495643616159213707	8.159949063672820912529459747020
4.375032437908304316920293786097	12.398346076235480239802200230770
4.741405145146954325241495098453	8.686346590875471562753773469012
5.634756774393294698199952108553	11.542654688456114087102832854725
6.896693090576922813283999857958	6.937180297456711386416827735957
9.687648501198657058353091997560	12.482340382455568317254801513627
12.565048777290165560316381743178	7.980772845412237082030060264515
6.584524925298560482644916191930	11.428495766531248989394953241572
13.295164919700381389588983438443	11.772298276700368546698882710189
8.310447012736458916037918243092	13.681432846075074039049468410667
7.643406916351630719930199120427	5.560871843852827289822471357184
13.068429281411528819489831221290	11.002948516109595900047679606359
12.158072316566482129474024986848	13.843454417359531305464770412073
11.048347723369237982637969253119	13.733539047231754892663957434706
6.809471261793879293122699891683	8.471409930982723324177641188726
5.059921024057866034695507551078	8.659750949503909112081601051614
8.938736560061352420802904816810	13.969960214877767512575701402966
10.969819927451089469627731887158	6.764449440017029857585839636158
14.243986766213948769177477515768	12.976743707414788886467249540146
12.412944307619659056740601954516	13.984396305864374099314773047809
14.454240721966424843003551359288	8.488245668661326348569673427846
10.851572038224805538675354910083	4.756553427743560824580981716281
8.919790706298822868802744778804	11.907939432921025968425965402275
9.765432255979227704756340244785	7.909889886606072728625349554932
9.170637593645063034841768967453	9.916835345317128513897841912694
15.985004072125214236166357295588	11.811162758510484138696483569220
10.281295549695748547947005135939	14.670194845576878250881236454006
6.524402441453459822184868244221	6.705458957254683660664795752382
12.001341367349368738359771668911	11.085107053628400208822313288692
14.315691970895299434118896897417	12.423026300800001919810711115133
9.764205128247656517714858637191	13.971434362116541549880821548868
12.283636672128110944868240039796	11.865255037275289851095294579864
14.704962647894971539130892779212	17.213585112087631756594419130124
12.476773498797236072732630418614	14.365126496911445386217565101106
9.029280265715929232328562648036	9.365777787825935618570838414598
14.501583552461312365267076529562	8.718530945957244426836041384377
9.678444788893651562489139905665	6.662373200368507220048286399106
11.374338307849933826787491852883	8.863394928236731473703002848197
8.003425560692891238545598753262	15.258203637051169110350201663096
12.452994816945080813752610993106	14.545191886093034483451447158586
11.510173153491113140489687793888	6.283702217529239852922273712466
12.155507276937635552371830272023	11.661504055127029033656071987934
9.874128547919971410351536178496	9.959239076359940767702028097119
8.371856342133311201791912026238	9.872276551483196271874476224184
1.179521820029501455451281799469	8.038975084432539830459063523449
13.939749620004235453052388038486	10.557093937011540418779986794107
10.205256553076914372013561660424	10.878923537389207254477696551476
13.254300042963102157500543398783	5.426270388980702463754823838826
8.809437499837320828532938321587	12.120925926476447287427617993671
12.613348980152251144204456068110	10.223829195922878199098704499193
16.623738339088514948116426239721	10.447857256791133195861220883671
11.998116679118959737593286263291	10.435363280198227897699325694703
10.197184178183217539981342270039	8.153571415799781618716224329546
16.139509484620095491891333949752	13.890176747151468106267202529125
8.623262240780015019936399767175	15.125358613247978922800029977225
8.141547063432639674829260911793	9.538022491279793513285767403431
12.393173345761617554217082215473	11.793597148091478743481275159866
4.141485512787241418664052616805	5.352425950201345372647665499244
6.400988684990890575932098727208	17.492372589830829099355469224975
9.034220538235359754253295250237	7.157217099435551510566710931016
12.412833809247066696457295620348	7.855281612331836527118866797537
7.880831510679006335351459711092	8.869460395615641701283493603114
8.019834748809476110409377724864	7.558969184965119048058568296256
8.020108024890516773552917584311	14.467842576188486347632533579599
7.522689001613085402198066731216	11.877887146975782073354821477551
10.577299002910635294938401784748	7.941218571756900601599227229599
4.422544722650016524312377441674	9.589923842551403510015006759204
8.902535704844821040637725673150	7.380858290997426074397935735760
5.708474563257553313633252400905	12.231960070708645105241885175928
9.462360693968948410770281043369	9.587427017007243534862936940044
9.614681257464939179158136539627	9.676143169680086586481593258213
6.953286383415522742268422007328	4.836166425488857001369069621433
9.004065995529799693031236529350	11.267266017333966487967700231820
9.432798466092188860443457087968	9.181852081536110432580244378187
7.212608224567919279479610850103	10.160571043786434941580409940798
13.562128069658058393542887642980	13.022620939145188145857900963165
14.929609717287707582045186427422	16.312174939898774539415171602741
9.925583764885161031088500749320	7.415819391044383479538737447001
8.836282096538452535128271847498	9.987444678495030814247002126649
6.905504960743233056064127595164	9.629656147291202117344255384523
8.828678215335671097818703856319	12.860347647292581285682899761014
7.751401311697398099909150914755	13.540512626060056788901420077309
6.827486610432277558402347494848	12.794856830540451753108754928689
14.290590398543137951037351740524	11.702491726310771724683945649303
10.178781153774608014828118029982	9.696744922534257682400493649766
11.833858583699340627504170697648	12.406543747582858827627205755562
8.228485344811934609765557979699	10.547242757160431025909019808751
8.618082581193563740384888660628	9.210842802781161964276179787703
10.295448660454511013995215762407	9.872301829596068500904948450625
8.354892565120112024601439770777	8.579485219957378561161931429524
9.851285640604814375365094747394	11.336650617005240349044470349327
11.069024558341778785575115762185	9.763358210758397603967750910670
6.575668339185545718805769865867	12.222869093458964329101945622824
14.510461042555238719842236605473	8.234819338075087813422214821912
7.388770729021300276428974029841	12.230684783196780429648242716212
4.907230398248350944356843683636	5.551935226866225647768260387238
11.239951279378489701343823981006	8.408984930023240877972057205625
10.392293691795561727531094220467	12.873192905138742148096753226127
9.521972497198296636611303256359	6.496206359291596399430090968963
12.745850047657077297458272369113	12.998243878459383893186895875260
10.655970055591952316831338976044	12.398189016246247362573740247171
7.861167367980379516723132837797	15.127255119206990841007609560620
5.612085736910692901346919825301	7.829833662665281579506881826092
10.838089056388884756643165019341	13.852840826920376215980468259659
9.458512909404207746888459951151	5.394392006846257636709651706042
7.032883188035103927404634305276	12.800406594059861475898287608288
12.395314053935575060449991724454	11.658538224184832543528500536922
10.395731068818864883951391675510	9.542872832754408563005199539475
10.954243006551422467964584939182	6.553520325440194582711228576954
10.634529990826001366599484754261	16.614578964432741514656299841590
10.446276342360352629157205228694	9.695652771299403838156649726443
5.870214251492251733566263283137	13.660797860310834650476863316726
12.022021041272939356758797657676	11.828534128201543040859178290702
7.858090211902675648047988943290	6.372534962757080201356529869372
9.963330249859868814610308618285	6.259941134997959011343482416123
2.728638916949016834934127473389	11.994986555615248846606846200302
8.810817219494767371656962495763	9.773671854434876848927160608582
7.930042597430307260708559624618	3.843098013201225793267212793580
7.377110465237470826593835226959	6.414408527590286901443050737726
14.438637104414389966677845222875	9.546187035001745258000482863281
12.688183152621935079196191509254	15.206826066838058153507517999969
12.582015914637155518107647367287	14.244449668230954486602968245279
15.600912604381855786073174385820	7.770831580783267078516018955270
11.151051767152479143874188594054	6.871766801708953487093367584748
7.922975314676828695326094020857	5.563712832182311274209496332332
9.921739434778961808092390128877	12.704260865202718022715089318808
10.842370888385747917936896556057	5.700949096071795452189689967781
10.772427222457016782186656200793	9.279842934826147526905515405815
8.759660573980362130441790213808	4.061346330720342123754562635440
10.754331114047772643971256911755	13.661924535717087536568215000443
14.121678632439872203008235374000	10.690406894713680330255556327756
8.048350918404420184515402070247	12.395792286927543202068591199350
8.987274359203249574079563899431	8.139504561765098955561370530631
12.115187829631011595665768254548	10.630996621490627518369365134276
12.713001508288241936384110886138	10.715291738257553433300017786678
15.595569855448861318336639669724	9.852890998085959139984879584517
11.687850892739705344069989223499	8.030986272803538383868726668879
6.644499735602686918412018712843	10.752327773321692205854560597800
15.195680861956354590347473276779	3.547093536353846943143253156450
9.602706023430826576259278226644	9.888277806985733775491098640487
7.864568312106340108869062532904	7.454011621439133428168588579865
8.171050642944580388871145260055	9.559584811301512274894776055589
9.033051107277232816272771742661	11.777514251292004132665169890970
11.851531403173346745916205691174	8.975146935250435831221693661064
12.357844134765523236296758113895	11.839587576940584057183514232747
7.478288072401944930334138916805	10.096870549627483981680597935338
11.365634472326176407364073384088	10.151843251746273111280061129946
11.014666181056639970847754739225	10.804975708412769108690554276109
10.639674912257325090081394591834	9.252938980928229639744131418411
9.437077675771330831366867641918	6.830466280764177611217746743932
9.928251330865824897387028613593	10.411260592209602648949839931447
9.006772787596586837821632798295	10.933833401810973739998189557809
14.385759500613680472724809078500	9.321573058619284424253237375524
7.993610645201100872725419321796	8.100737697000688797288603382185
5.329152316153317414659795758780	11.696130865351189953571520163678
10.369094881977416022778015758377	9.344923025524813908759824698791
5.177260354838129075005781487562	9.483586948799661797693261178210
15.167047810087712633730916422792	14.991834325983713682717279880308
9.336975403303876319682785833720	10.414648332136614783394179539755
9.357823433485272346388228470460	9.867189193804074776039669814054
7.837631036699208131324212445179	8.276320099710556377203829470091
12.312194687072970822327988571487	9.779564007357341992587862478103
6.043412190538563599773169698892	7.021506619604010346336053771665
3.476183555426628046802761673462	9.894433021146046058902356890030
7.152142283016948987039995699888	9.390494490480669753651454811916
10.800887914357065966441950877197	5.864888159895442321101199922850
8.895091823587261359307376551442	12.430792158043146855561644770205
6.271923185091597297002863342641	11.385029301868710760459180164617
13.330208217317304431048796686810	6.711518307609563471771707554581
8.338878790711119037837306677829	10.976276994041251455769270251039
7.463625228147419576885113201570	9.003996293606999046232886030339
11.116153677688503265130748332012	10.276631522410973218484286917374
11.826944083701363297222997061908	6.468878618003580882600545010064
10.129176683957814120162765902933	6.372882147351836223947429971304
8.971770072368430604115019377787	10.894837590787842529493900656234
3.960135294640571235191828236566	11.399387469544864259773930825759
5.663883294865342143964426213643	8.161369866416318785695693804882
10.311951529568386121127332444303	11.864253919793458891263071564026
8.879315968787818036389580811374	14.383725661828556496857345337048
9.607209260792037852638713957276	14.577262920396803380640449177008
10.577718048825548891045400523581	15.451168210768598143545204948168
8.799341111850420560358543298207	8.188690417160390921935686492361
13.595635810047797420452297956217	13.673188713582486997211162815802
13.396279602718754730972250399645	4.401376084014151146561744099017
11.878516466209081414717729785480	16.017616363468633267075347248465
8.774326631458004399632955028210	11.906892347006458265923356520943
3.734817637917431820682168108760	8.004828121409016006282399757765
11.722363324133066697640970232897	9.235236090382496598749639815651
11.448174939619894630027374660131	6.881507012069110196250676381169
13.951826490455967899606548598967	11.098434147026118523626792011783
6.710521705379201229391128435964	12.469348924661412425507478474174
11.002025927237152558291199966334	9.538942368507655089615582255647
7.176261139884333672966931771953	9.923108002592385901152738370001
12.540287815706848917329807591159	2.195572696266328893699437685427
8.767636984438814451436883246060	14.454618961550025346696202177554
9.428266205115871656516901566647	8.723485926089189490539865801111
10.298028931239581851286857272498	12.358325414938878594739435357042
7.048857545649406475263276661281	9.211191633492461505738901905715
2.930107446196671183713533537230	14.383419231492313272724459238816
6.755782285207452275699324673042	7.371027605834631124537281721132
