75
7.297697108051537817630105564604	7.724757443631757425350770063233
7.202537986697516103617999760900	8.987415972901800387262483127415
11.886046811223497599030451965518	17.572558408453271994176247972064
7.316280153727666935026263672626	13.159862553246494343284211936407
15.158399705560748671473447757307	13.436905139657806529385197791271
8.463869836370657040447440522257	14.423877867069789360243703413289
5.949086900987161641296552261338	15.710745135552871332151880778838
16.276324128345347475033122464083	9.960764327293185615985748881940
11.776216599100958859480670071207	8.018585625676289296848153753672
11.858834533956958523503999458626	14.018335182915768299949377251323
6.317650937224663643121402856195	6.730713293870924651685072603868
7.526873705672994852022839040728	8.425341718639201005203176464420
14.557400319283596346053855086211	5.196930449997930523409195302520
10.463875956427594715592022112105	12.161312329792048458898534590844
2.548076608474985071950413839659	7.678678100402636097498998424271
9.277043856662098519905157445464	8.050385982385495964308574912138
12.433581062105567127673566574231	8.485328745127151961469280649908
8.045361147979512850270111812279	10.226115397998295719617090071552
8.422622888792311357519793091342	13.011959912513637149800160841551
8.580893617427419073351302358788	8.297939625150741349557392823044
9.410680855450701542963543033693	6.371554417442890638767494237982
9.470642483823262125497421948239	9.761205811627288397858137614094
1.857481588084409995786927538575	8.742420662965391997545339108910
8.988014531451756994329116423614	9.227143375164491345685746637173
8.273951120813840987011644756421	7.927475188835814812193802936235
10.035353886028753223058629373554	10.255334656572040685773572477046
8.765542196415314180057976045646	3.859249597479586846304755454184
5.394428092324591972328562405892	9.443082948199762682861546636559
13.738380876550355225163002614863	9.654223262271177219417950254865
10.113512648232083179777873738203	9.164435732720283667163130303379
12.451193860520380241041493718512	12.024011520827110999221076781396
11.188934982797805517407141451258	8.725739571208968925475346622989
11.362353632836938999162157415412	10.449410410986175179459678474814
7.566612449822819108646854147082	10.679822116589923197693678957876
10.761097557189527762488978623878	10.654046212365498647045569668990
13.436275077477269235259882407263	12.517802802353260815948488016147
6.275182952519164913951499329414	9.990769505787913118410870083608
9.653736383824556455124366038945	11.724556022248300735100201563910
3.164797567601237648915457612020	11.694513845275029240156072773971
10.445240802106038557894862606190	7.641623198028785424185116426088
11.902860567938869706949844839983	11.839123679688517754016174876597
9.362665691646913757040238124318	10.736373995932728675484213454183
6.633142758984706510716478078393	14.659490968963414303516401560046
9.793232724172264980211366491858	12.978241187623130059591858298518
8.436829185786123730395047459751	4.469646460018967815130963572301
12.599226260048240533251373562962	15.909012599209200189420698734466
12.011487882567301710423635086045	7.610974554404574377031167387031
11.019015975161149611949440441094	9.892694897399554321282266755588
4.636555927091140283380354958354	15.372396138034998713806089654099
9.607225952173134686518096714281	10.297986939073867418414920393843
9.583160258768664618855837034062	9.444907339007656332796614151448
9.264167381051027660987529088743	8.541053749371831926850973104592
10.825101756926999385655108198989	10.812529951960055285553607973270
9.305590714490380221945997618604	5.049948812809262221890094224364
12.850024662359153637680719839409	9.130867315545859952408136450686
11.828662637913728516991795913782	6.921283203251151761037363030482
15.541191186461761120085611764807	9.133910568655553063877050590236
8.891242029165848492766599520110	11.609858542099416922610544133931
10.485038320001692113692115526646	6.972199487008249541020177275641
9.098200617228732411945202329662	6.096875494055684185923382756300
10.549151450537561203191216918640	8.675461458161530359234347997699
12.799903926868470449562664725818	13.431097436201511641229444649071
8.720747998178287829773580597248	6.690138225005572536474574008025
14.631358659274841471642503165640	10.048382027629012114289253077004
12.789783195219467160086423973553	8.089045541728475896547934098635
11.332177053455932735914757358842	8.306515215995302625628937676083
15.117324056911177976303406467196	12.547969550460521759305265732110
12.624207339786650550195190589875	3.724280050086051563340561187943
6.494560694580728821279080875684	9.837592057347828600200045912061
11.399798730693824211357423337176	12.854784588931378763732027437072
10.972274547922838294766734179575	9.193579346931761264727356319781
7.649048091599095045012290938757	13.146155418384708468693133909255
8.272026357639465032889347639866	7.034098722651092927549143496435
6.150401397105420109312490239972	9.165636710081138005534739932045
10.108506445801586082211542816367	14.931474744501773699312252574600
11.511386621623344694853585679084	10.502180199295317208907363237813
13.484603443501354647082735027652	7.309642389042664056830744812032
6.047867033864684493948971066857	11.175887963545980241519828268792
7.966629518876779059155524009839	7.922232262018212622933788225055
8.461419692376351164853076625150	9.250047604035207982065003307071
11.686688647467432744520010601263	13.616206874717121877438330557197
11.750490650192620734060255927034	8.180660245905057692539230629336
13.067076601776001609778177225962	10.046486480494515092232177266851
12.003794877035662835851326235570	10.390763937883981782306364038959
11.800686104934159814661143172998	13.154431203064060440510729677044
14.373972155814801254791746032424	12.696392619947149071890635241289
10.945596599613411470386381552089	9.086906929736821680876346363220
10.625981721090939302598599169869	13.152748173610488535700824286323
14.027521021474896656400233041495	11.608194049256709945439069997519
4.757483497915496073460417392198	8.618342853403120784605562221259
8.661941654893126951719750650227	15.864776242562999897245390457101
9.418665428677176265637172036804	12.104347235083684708456530643161
10.124824224291442575918154034298	7.940940220543367011885038664332
8.170197814928204849138637655415	12.835894098389662332238003727980
12.751232131201426511779573047534	10.401186033620398063703760271892
12.580465436909099352646990155336	14.178930969096683156749350018799
5.244383621794048266906429489609	14.060685969735050804274578695185
6.185714821542651620234209985938	9.885367496620743210655746224802
14.048969847624684703646380512509	10.400107783293433882931822154205
12.804719904110992700907445396297	10.684929612687694699957319244277
9.530288670957709484810038702562	7.666491764583846624248053558404
4.758660119737974092402055248385	14.843165561763624893387714109849
5.924091088570385466027801157907	6.234865602078555113507718488108
13.350831613918559881426517677028	14.019185375474858545885581406765
12.123546874982501719841820886359	10.393205146772364955154444032814
15.177546288180469247208748129196	7.913763262428910039147922361735
7.297183653853404727840370469494	6.493947252667175540352673124289
8.753969841159774389893755142111	9.855591359639740645093297644053
12.578417866196698327030389918946	11.684653556807433005815255455673
5.849280407315295526871068432229	8.126255574606888743005583819468
9.311337381167856364072576980107	12.152490982950160613995649327990
9.057837062231183011817847727798	14.583471602045221970911370590329
13.356800758652362048906070413068	12.615128986824668544386440771632
10.443394357637135527738792006858	17.546590947873184518357447814196
11.083219776575329973411498940550	4.896692909709203789248022076208
13.127832875774286591763484466355	11.781165772383820566915346716996
9.696302427972153026303203660063	12.213689565397936931390177051071
9.293678224193973491651377116796	9.146176785698031608262681402266
9.898833429039996190113015472889	3.727712540421165510196033210377
5.173416766446880643570693791844	12.501006287589801146964418876451
11.873760054152810994310129899532	9.176577423697168001126556191593
14.765839717689559051905234809965	10.757169133101447400235883833375
9.935986932683805505917007394601	6.736949801444414021034390316345
10.676309287530479252836812520400	13.451500211022468178612143674400
6.351214371627375676609972288134	14.221296725813850514441583072767
15.182690396432928281456042896025	4.590905148178679340276175935287
12.375890326965228283029318845365	9.127478014818917628758754290175
10.995080941504619786996954644565	14.522382997272154980805680679623
11.531741846893918790328825707547	13.376842572040361645235861942638
12.774251770469938094265671679750	11.722683545228386847725232655648
7.392484739885397004854894476011	11.064155889746631444836566515733
7.881031385860524984821040561656	13.189636789757324564220652973745
11.234508969259437094478926155716	7.758339836093103514258473296650
6.112562662897554233154551184271	7.397261866074165581608212960418
5.550763970472526231958454445703	9.040787519443810538177785929292
7.321294684410463382562284095911	5.289932048969683719974455016199
10.609338436079832845848613942508	4.632639013729308530287198664155
5.494608861171514924137682100991	12.405894502930177480948259471916
14.278162698698025678822887130082	9.777894114394628743980319995899
6.573755798231255553787377721164	8.678111550503405879908314091153
10.709706381396809860007124370895	7.344378707114523230359282024438
10.037048904481297384450044773985	9.180568355241765843288703763392
8.875369846283824415422714082524	13.176654770175638020646147197112
17.964158268574809795836699777283	8.292305616730519801649279543199
12.888412346125416974018662585877	12.302241916391984943857096368447
11.136353172093091501437811530195	7.493366516352352846297435462475
9.143725163680723966308505623601	5.009278311416418105750381073449
7.714478212546275415206764591858	10.946707890296949017283623106778
10.388169007295763535125843191054	5.516899538671088620844784600195
12.322047023929231457373134617228	10.055991521203388572303083492443
13.363064300178622900716618460137	8.891723896260327109075660700910
13.544695017377467394226187025197	14.382204269158949117013435170520
2.821923166011911288109104134492	6.112502428381219488073838874698
10.637050186630871095871953002643	6.564706339040660587613729148870
12.855160684496640399743228044827	13.299483823660517956000148842577
4.936386123580249751796600321541	9.449596154388309798832779051736
11.123185140455582597951433854178	7.381235082196585750580197782256
15.638906179636398618981729669031	2.243826273909251156624122813810
10.540533373907463143837048846763	14.343319407765161344059379189275
13.155291660957928456809895578772	9.060733954545520774104261363391
12.526264847400733870586009288672	6.051126835997008512890715792309
12.446076586634841731893175165169	13.657309064733759385035227751359
10.651029611265160568223109294195	8.230720944295340402163674298208
6.868550525984391086353753053118	9.225098844645556184218548878562
14.872697609574032640011864714324	12.544007679976253655240725493059
9.041031372760464535076607717201	10.379196178698171237897440732922
12.826196547998554464697917865124	6.702222209568773791943385731429
8.781319485944102609664696501568	9.958757663827077166729395685252
7.867884006201308011441142298281	2.883746660829404007131415710319
5.572101719742640568711067317054	11.594241476006674318455225147773
4.326904769260158545307604072150	3.785345396515052751595931113116
9.453312923764084274580454803072	10.754498816114599790694228431676
9.948132005798656862793905020226	13.163127308921040992117923451588
15.496613895713377218044115579687	11.618835745890278232650416612159
11.569395369611957136157798231579	15.466948354519466590772935887799
6.621400619218708705204790021526	13.552096741452775319203283288516
5.801878078182124198747260379605	8.717101751769337880659804795869
9.804596904499870646532144746743	4.503838403623995567670590389753
12.446803282871842455392652482260	7.766939902343794166483803564915
15.039524397939016964187430858146	6.103577565718214970047483802773
13.524728281380422600932433851995	9.706627279670444252701599907596
6.934069447263025764982558030169	9.248110813326253065724813495763
9.334908576062346696744498331100	10.507837961695654982463565829676
11.372998841347426335346426640172	9.428785726707546999136866361368
12.539712599847790741591779806186	1.163554199002252875772001061705
6.785077594902253927955371182179	4.124502726041089140096573828487
9.437558511333845601143366366159	7.904554003944117113178435829468
11.052888415857946569076375453733	4.201030342475372769683872320456
4.416109664416913993534308247035	4.183951745911210551298609061632
10.040238759148163438794654211961	9.270383420148455400067177833989
19.012154131616572527718744822778	11.320103913423903208013143739663
10.678297802485362311131211754400	8.845085549597850871350601664744
12.424307735201523428258951753378	14.751687072598965499992118566297
7.948594119067591279303996998351	10.488121421904617491804856399540
9.699668188233525611963159462903	6.625733732240863815832199179567
8.870930825744832048940224922262	14.837987079539724177834614238236
12.475070649240302955718107114080	12.695430969866526638156756234821
9.110789267915032851874457264785	9.846643348615202739892993122339
11.100233675909338515452873252798	11.963925361103571631815611908678
6.854694478576428551264143607114	10.195419787057643290495434484910
