78
0.000212284539366
0.136347515561781
0.718629790658397
0.932599437403302
2.129864883589368
3.681955766844373
4.566115331816297
7.539207138187393
9.779246141059168
14.112742738283576
20.397998616286298
24.031277944892572
29.734336637569516
34.184437112368045
39.989639149611335
47.579822549439264
53.667825562000843
59.473029624197984
70.492768773048937
78.684590204519225
86.520432957619249
93.799626215261412
104.542521964285868
115.562257298439562
126.150677545827818
135.298123807942034
142.106351598596831
154.956997122349776
161.744230016565581
172.976685472552475
182.651566453997788
190.126675817899638
202.110061555251406
209.514588304583725
222.477734777860576
231.199325136911909
238.956725649607222
249.349352333080560
259.672076714820832
269.031699212778904
276.151117098938414
283.626609264735180
291.266137850891539
298.741630016688305
310.348489576757061
323.617212069641539
331.092704235438305
342.002618563782164
349.478110729578930
361.084970289647686
376.472458312226536
389.641929088953930
398.304068981532055
406.590387118469664
414.065879284266430
427.594032688474954
436.453137663217205
445.095593717904705
452.289380338998455
460.046765592904705
468.757699889717912
479.939004713475811
495.326492736054661
506.379495544014787
517.560800367772686
529.415473073602470
545.457985971583071
582.102005431367161
601.935004323602470
614.801886647821220
630.844399545801821
658.018838022364321
696.864450270116436
712.251907775117161
729.977249571992161
749.310158823145571
766.154669850946220
782.197182748926821
