78
0.000813550763851
0.096181086385329
0.255106249130968
1.695322069587977
3.101097940009836
5.288103057001081
7.846912601260911
10.447250970030140
12.913672017097866
15.977591721745711
20.582514970036726
25.990130369321122
31.560503132963490
34.267007954740833
38.024641163969349
43.079863801761455
46.739609925481062
50.497243134709578
55.904859487668290
62.638753717621924
69.191132417631820
76.826422407317793
85.475197431571075
100.282501813895294
113.293068525321075
123.744721052176544
137.306586161155707
144.520041361351019
153.324957743186957
159.669989481468207
169.335032835400824
175.688376322288519
190.509375467796332
202.988989725608832
211.879822781157657
221.128291502393012
227.898209621977969
239.917572843104637
254.724772825635199
263.539383756190546
272.101624356776483
283.827515470057733
292.231690274745233
307.987010374463352
320.480378018885858
333.921863349064040
342.841459481790707
355.985123459816236
365.734024827003736
378.217915850899885
388.259232346534986
405.233897025410670
415.104899222676295
423.999491507832545
432.110728080098170
447.178934867207545
463.564982230488795
474.627817923848170
482.720499808613795
495.377146537129420
508.664530570332545
518.413431937520045
533.481669242207545
548.161173636738795
563.229349906270045
582.406657035176295
597.976122842955760
613.044299112487010
629.563543415333925
644.340668206332907
659.408874993442282
681.173742270899083
693.922579526084405
708.619662771627077
723.687839041158327
747.978427420064577
799.548617849752077
818.917636404439577
