20
17.665745939776613226968038361520	14.241643523130607107418654777575
7.741313340417146804384174174629	13.599005365008867585174812120385
11.349647930244389115728154138196	10.451802080968896291324199410155
7.649127115579119617905234917998	19.799510799435378061161827645265
6.057430132381974807742608390981	6.064090704468821257933086599223
28.227755264415257840937556466088	21.338728199569398924495544633828
27.330030325495041410022167838179	3.943406789275099910696553706657
10.658593171216274697599146747962	5.492554800616665566792562458431
19.540464536353070457153080496937	19.284938355794398745501894154586
25.478873624576735323898901697248	16.005460381699801786226089461707
12.129988676085167398355224577244	5.771216159039811444131373718847
24.078127560879458712861378444359	1.610491088404800708033803857688
21.927697138607531002207906567492	20.947317362469554780091129941866
29.641994001248093582034925930202	28.608868663146221678061920101754
25.002549711409436383746651699767	10.869849551960072631118237040937
19.940294329439606002551954588853	25.286716041555511225169539102353
25.740881679931781889081321423873	15.831780434499171050788390857633
7.598437742422242457962511252845	10.497998247768773438792777596973
23.688951633866352608492888975888	18.244707633407195146446611033753
15.720603655825780009536174475215	11.801523287091537639525995473377
