20
6.116672315141671312233029311756	6.440099278939209526129161531571
17.907261992058554511686452315189	17.570920069775617378127208212391
20.715882615303772951165228732862	12.590542058654442314491461729631
25.387629395732123072093600057997	7.210312278243762307283759582788
24.147502595684088078087370377034	20.941684080030960046769905602559
5.577721637355180561712586495560	27.235637646003880263378960080445
13.751061007609479247548733837903	12.979519017853943907425673387479
23.369710277232385919887747149915	7.461605522913338006674166535959
26.313370466261392977003197302110	23.328916545763682677261385833845
5.268337640740296201613546145381	28.031959534412212775578154833056
7.960646750998162879398023505928	0.623845148631956281093380312086
16.032165102631115161102570709772	24.718078633637794894184480654076
9.398824507806191164149822725449	11.174448555939985538998371339403
18.841117676648813983319996623322	4.722898365289644573294935980812
16.823437876899117071616274188273	26.171082533745515519285618211143
22.251058603208548447582870721817	27.954956310097685445725801400840
8.107771517636061631151278561447	14.935830982814383816048575681634
25.111468107122227877425757469609	26.630816120130884172567675705068
15.259195699322273043208042508923	8.655751022730987287445714173373
11.844265463884841693698035669513	22.144968323583309910418392973952
