18
0.102349077660520038079994264990
2.427571963700238200090097961947
11.452219090652420163678470999002
18.040012917709304929303470999002
37.400983126569911974002025090158
55.291257950536909504535287851468
72.979249585530794774967944249511
107.615480054280794774967944249511
137.457876297704871149107930250466
155.145875562093294774967944249511
219.275697339437044774967944249511
252.439886416035477623154292814434
276.404150332051131044863723218441
302.779248275169095450110035017133
349.338452376731595450110035017133
373.196427011104049142886651679873
409.864605941184720450110035017133
517.668318401549527152383234351873
