18
0.037201510895187084315693937242
0.740252218310015752678054923308
3.444979996376481778952438617125
6.223755757809147581838260521181
15.917408190321809868805758014787
26.209086129210884763551803189330
39.992027947448193003765481989831
75.286713311217724253765481989831
93.482353875182568003765481989831
113.922302910827099253765481989831
149.543236443541928792910766787827
179.173378655455991292910766787827
206.462593743346616292910766787827
265.033144014078970940317958593369
317.453995135502793800696963444352
362.097877647226255248824600130320
429.247100094289066873898264020681
483.391814378004596619575750082731
