18
0.002821539372380499344217241742
1.956220144054370280173316132277
10.813709547698699964257684769109
29.756161293938575340689567383379
53.362813553765235496939567383379
103.632306060330677155434386804700
132.133191666558218457794282585382
163.529362715512661452521570026875
191.625786598385332126781577244401
215.442162330807207126781577244401
241.708097062066030957794282585382
294.925682527228730123169953003526
349.648683209205273669795133173466
401.502940793476398084749234840274
452.650523801288898084749234840274
494.859935422382648084749234840274
565.409895528753281723766122013330
636.664045919378281723766122013330
