18
0.042344513421979979028719753842
1.656656387664426688388630282134
4.682118277345182377757737413049
12.997964198801668089799932204187
20.969934723332372072945872787386
31.449258419134444864084798609838
47.183142001841218871049932204187
66.312824770226427517627598717809
90.962077914877070838883810210973
112.149772903874364260445872787386
133.412765762761068799591157585382
173.998595519847583545924862846732
199.691501410374314673390472307801
232.683231146702439673390472307801
255.268332220852329328408814035356
289.054263861546189673390472307801
347.257000273008145541098201647401
429.459203200553304213826777413487
