18
0.000249999072227780061439261772
0.488128066823055206668868777342
11.286691895733781620947411283851
41.458860043163127784282551147044
60.317718115027872727296198718250
95.913161840613810227296198718250
119.903737585126847875471867155284
182.833185403722495721012819558382
205.610929401565243779259617440403
260.319103652002127091691363602877
321.001719235786765693774214014411
350.342180311268975856364704668522
401.377239638330252091691363602877
445.548143446034600856364704668522
491.400285780018975856364704668522
546.887662800002772200969047844410
629.817781533912352642801124602556
675.333391248768975856364704668522
