18
0.032013728096642601883559109410
0.671382982589157961683667963371
3.386506013314033225469756871462
8.064883388305844391652499325573
14.539509929443539704152499325573
22.026637956890638747609045822173
38.639505312237318435109045822173
46.475313112530287185109045822173
133.940862010419863281640573404729
180.768949434551757349254330620170
225.835019991192382349254330620170
268.480222627911132349254330620170
313.323926192930571232864167541265
339.612575802844844474748242646456
436.768307004016719474748242646456
473.906215939563594474748242646456
518.972286496204219474748242646456
561.617550168079219474748242646456
