18
0.023590312426083670516163692810
2.532786316572398277457978110760
6.896877616891775808483089349465
17.569948872197350908663793234155
31.919713461012911182024254230782
51.690158362056138230400392785668
63.284305849811360644707747269422
77.940697351930467107194999698550
100.601046812222662651947757694870
124.848098042374772376206237822771
152.005749280170618931151693686843
212.684292370990931431151693686843
251.372981911157410195301054045558
288.292522316430847695301054045558
318.503561859893125074449926614761
346.374575713666558840486686676741
383.294131377729058840486686676741
448.388869581518406448594760149717
