18
0.100708169357659471643273718655
2.157481238842154702695097512333
12.106422232974288988316402537748
22.501965428428036375407828018069
32.230776495706450646139273885638
51.018495998196804919189162319526
80.402051974454948890524974558502
109.064733554044792640524974558502
128.325445842966388454442494548857
141.586011935392463101379689760506
157.724180270353400601379689760506
195.236116834060283053986495360732
225.609424844232052009829203598201
256.442934169125919652287848293781
284.512873817691911426663864403963
317.267146508733219434361672028899
338.372395422402234999026404693723
423.351297087614170777669642120600
