75
7.510828333303172676949088781839	14.051906897590368927808412990998
11.091740635186445373960850702133	7.308208688287882281997553945985
13.153387606374517204699259309564	9.252211776772918838673831487540
11.277738047970688128884830803145	13.280322606398280882444851158652
13.445447824977662776291253976524	9.587390735694208743211675027851
12.335089071246221337219139968511	13.425253496976765177350898738950
7.552461395757374518211690883618	7.894497045878957841580358945066
11.518376289747383367512156837620	9.974521910364421373174081963953
10.529791264563039376866981911007	8.365409171423477729945261671674
6.808024986136398837288652430288	7.290673876137159226118455990218
8.458574176230575503154796024319	12.435770298960626689677155809477
13.450963420637162215598436887376	3.831515987213107266029510356020
10.869986518074519210586004192010	9.146430736610488665405682695564
16.552128124864520231085407431237	14.620716304400021456899594340939
13.486177081413545764121408865321	10.966986901345702420940142474137
15.209146120045687666788580827415	11.254148452624264109545038081706
9.650816980645817722006540861912	6.375183485055240240058083145414
5.164418153063164318439248745563	12.351650549067787920876071439125
15.386051487718855668163087102585	7.135492530971035307629790622741
12.533544560194737726988023496233	2.933227040737079072130200074753
8.035425056241093599851410544943	8.342844267833314120252907741815
7.740122015525596310681066825055	17.012742241597262449204208678566
10.070194222644225590101996203884	12.242291164477299147961275593843
5.533585128023659649443288799375	6.671581375306180561324254085775
9.708699764381577779204235412180	11.255850326286820362042817578185
4.892599663535429854732683452312	8.813861447734621989980041689705
5.355339813915448665682106366148	11.994668153073281047227283124812
5.106421731066041580504588637268	16.583147207763101249611281673424
11.864711624381053312049516534898	9.550957501979240760192624293268
14.015137644401596261900522222277	11.622875302395852870063208683860
10.789068427573894837223633658141	10.901586179147848554293886991218
12.080789191434057272545032901689	15.780548395737742595201780204661
8.431605905492407515566810616292	5.118770082502582141614766442217
10.520965525534281326258678745944	8.679082041125401048020648886450
10.396524355619453316990075109061	9.773140054156783662620000541210
11.301187507874761450921141658910	2.773267283041757291783824257436
4.684873591355653843493200838566	10.911513166389397611055755987763
9.111214226375214053632589639165	11.590103657732054642792718368582
11.096402123715865428721372154541	11.405503924016466399393721076194
8.218024392681542167338193394244	9.504481237205792965028194885235
14.445766642247207300897571258247	6.547132536349608677994638128439
6.541124607350817576900681160623	9.395140702852454950289029511623
13.066327780426881588482501683757	8.027586169436968788204467273317
14.435396172547594773050150251947	12.378215855350374496879339858424
7.764015857716186630455013073515	16.063816232206345802069336059503
12.184215190916525273223669501022	10.168085043927934663088308298029
9.694501038402330905796588922385	9.186288542603424644994447589852
13.468845488173515789753764693160	10.431926338146881860780013084877
14.213449627705752931206006905995	15.131518218038049639062592177652
6.996707767553894896650490409229	10.768106506665613864015540457331
11.879460625345775071082243812270	10.719438424675796994733900646679
12.015198463995655941971563152038	11.022492456606329369606100954115
5.188343431052420129390156944282	12.986170963927744281818377203308
13.479374335035247511882516846526	16.755847431503163136312650749460
10.319826466706858880684194446076	7.101105693076384284267987823114
8.704063802911107927684497553855	10.195240261006862425574581720866
5.641535371066083826008252799511	8.515537496878998524607595754787
14.635397099867065051626013882924	11.459259171306671376555641472805
13.974682099471207763485836039763	9.286545816993196922339848242700
9.107059562258024598691008577589	10.206361381578789249147121154238
10.113356078615161948164313798770	6.458595964981586057263029942987
17.400131841384421704788110218942	7.707255174223851312831357063260
6.925423657926730314216001715977	7.209300042377524420089685008861
9.942023444867947645775529963430	9.570399876888142642883394728415
10.553758821918181709520467848051	16.477386438240301913538132794201
11.204853804688355012331157922745	8.231301769238470456002687569708
15.455193591772733441302989376709	8.541795794945295838829224521760
8.096516470108277019335218938068	10.702323389796779551375038863625
11.015413599425714963331301987637	10.925020843886420252033531141933
7.013238639895033266213886236073	8.879370773223500989956846751738
11.137801111992283509266599139664	13.114698050480241064974507025909
4.751069753307102239148207445396	10.355725451287058902494209178258
8.389950161837667508279992034659	10.366817074504549367475192411803
7.592044877322524421003890893189	14.075443509824431487231777282432
11.725328782977385344565846025944	4.607872373771457752411606634269
5.517021760735155488930558931315	10.180939923203739638779552478809
8.633993121610846088742619031109	5.013190085039338939054687216412
12.616977431700915346368674363475	9.358283711931823845020517183002
13.446394054134405138256624923088	7.544109938345648913582408567891
6.947982098716616761180375760887	5.924132106485208382196105958428
2.101983206148399840884621880832	8.022064888274067939732958620880
7.168797645427293474540419992991	10.074317816878787468226619239431
10.526705734179589768473306321539	1.872856299808557611896731032175
6.699315222120028501251454144949	9.584007802754223703800562361721
8.343351811278347796019261295442	4.892525115709492666837832075544
9.183561479111226333316153613850	13.967207986551974485678329074290
8.365362129267190027803735574707	8.355291668502379920369094179478
14.173042299164690049906312196981	7.103570694221288839287353766849
10.444419863618783494985109427944	7.992902242211172847419220488518
5.763302026566790914330340456218	6.826817740708831294682568113785
7.956988101014569103597295907093	8.950273987079611970330006442964
13.054020622713924382196637452580	7.638904854395282661982946592616
8.140403276013126188104251923505	10.961020497340227208837859507184
11.372649918162922588749097485561	11.603546465491083594656629429664
13.127999624291440738943492760882	7.658305176824208082564382493729
10.720597598503756486820748250466	17.746046620360555579054562258534
14.043399287045035706000817299355	7.310116772448541411222322494723
4.085040942742704572765433113091	10.408692076933718340114864986390
17.998568620859671796097245533019	7.049124806744416993353752332041
12.922625849563146971377136651427	10.658893502913215911576116923243
7.877337380532057231619091908215	8.276733113515238215995850623585
11.235572098028228538169059902430	12.059854660422541172692945110612
7.673829649184801482419970852789	4.771360890408670840656668588053
6.695713235493553128208077396266	10.489160983246975433758052531630
14.267037576944947119272910640575	12.657917860089808570478453475516
11.029778626521808959637382940855	12.647494659072458844661923649255
10.834052815543667946940331603400	14.819911939304455827937090361957
9.962648337584749214101975667290	6.945550177280468417961856175680
8.612591301078635908083924732637	6.403966647582407745176169555634
7.003989134852592890467803954380	6.038613342726645072389146662317
10.252635955234328690721667953767	8.604730547052875877511723956559
14.630095957712255128058131958824	8.035851240827160069102319539525
9.745918650010814587858476443216	12.091583908601279517824877984822
1.679379755562490750264714733930	12.099196214250714120908014592715
4.486743327533381453520178183680	3.152854513263460667360504885437
7.912890382471878147896404698258	11.974689012173007185424467024859
11.817214382539026118479341675993	8.977140024594691070092267182190
10.699378579179189330261579016224	10.800644165178955091732859727927
9.620986210624966616933306795545	8.253069775753338888080179458484
9.235745823361860118438926292583	7.881095249091349508319126471179
12.508799500075706845336753758602	7.104778832958338341541093541309
3.439968841936953403148891084129	6.254096907713954323071448015980
5.287465206263012973408876860049	12.690913816225521060232495074160
8.172598072199830809836385014933	10.589649777736626745650028169621
3.971128443649824646399792982265	4.753695289662900336224993225187
7.882729447532932809394878859166	9.570603614243761825264300568961
6.668955223032378754055571334902	12.808168774061396533170409384184
14.242443055977490828922782384325	11.038252945199349852600789745338
8.725949178220529844907105143648	7.191437273830313614553233492188
9.233436463027686613713740371168	5.335692224801977801007524249144
8.800487903510733289635936671402	9.821420448916125423011180828325
8.823862378505625159164083015639	9.792341600925134059707488631830
10.943356078591488511619900236838	9.358039726832192428673806716688
9.472689810628118323165836045519	5.163610282715778154738472949248
8.912264511008210376985516631976	7.920488814856030401756470382679
8.319349586801861207163710787427	11.542229034772917728446373075712
13.093468878364031837691072723828	5.655517388863103178664459846914
15.338448225310509442920192668680	11.985946047630539723627407511231
9.769296010081498948807166016195	13.301893543583876322600190178491
10.317262652774923381571170466486	10.027372829261134157263768429402
17.154987719046019378765777219087	8.404279330499891287331593048293
9.714600897498320009049166401383	6.181723118560602969751016644295
16.805107442462414724104746710509	6.239769747589626547323859995231
8.986100003053246965123435074929	3.705248086194839807205880788388
4.769659959318547137741006736178	10.664748932010573057027613685932
10.006049443621350292232818901539	11.067843988240712249648822762538
9.732962293828602895473522949032	8.853800274309042706022410129663
12.177168086129080748492015118245	12.351825775663632711598438618239
12.802593338034688130733229627367	10.941966496389877505635013221763
10.839526084509568448766003712080	11.770538453165668713040759030264
13.292787067134403500290318334009	13.340572083813590609224775107577
11.255148678006280604790845245589	8.740348302659279866588803997729
9.224572633519501962950926099438	16.049990587865412550172550254501
14.883942163135788661065816995688	12.751336150728853624514158582315
7.675651539021541402973980439128	7.527103048700876541943216579966
6.281365970416842081647246232023	14.898739572335477632236688805278
10.151565706751581430467012978625	8.018088377362003527082379150670
5.323977421143927912794424628373	8.824802698410636025982967112213
2.850652496249848510956326208543	10.981690439307858042639054474421
6.442283512367863451686389453243	8.423694435116786394246446434408
4.843072186107226784201884584036	11.022253177653857036943918501493
12.754602760879434342200511309784	13.988751065977631071746145607904
7.574616625301525019153814355377	14.083830078280891839881405758206
6.039313801947105986300812219270	17.594789223611837059024765039794
11.016594165151403217350889462978	10.216055121130750649172114208341
10.795821219310475669317384017631	7.190101033165598565233267436270
8.785286790105855558863368059974	8.221520996890367527498710842337
10.283112956680856342472907272168	5.854349566623143985566457558889
9.830349422477389964569738367572	7.315662463477371701969786954578
11.846668879439572918954581837170	12.729540416197190566549579671118
6.669541872880589750138824456371	6.954150578416807171322489011800
5.583241012785061130330177547876	12.771659552815489035992868593894
13.779149300131308564232313074172	9.941048413587253662626608274877
10.859870824080523732391156954691	9.596217879277309847907417861279
15.245978212869934154127804504242	12.230172122635103448828886030242
