75
13.547337803047181381543850875460	13.430454983237696708897601638455
12.945033852708473176562620210461	9.136013478126752573871272034012
11.981498311325873729060731420759	13.728621376439155810089687292930
8.199605082335745365185175614897	7.831635108219232144222132774303
9.220930138534763287339046655688	10.814459068980196931875070731621
11.355817961335572974235219589900	16.484495746265416471487696981058
13.382721960713512387997070618439	12.466283723135093808309648011345
5.778686583913195562445253017358	12.004039717518443453059262537863
9.226906746038011419841495808214	7.997382218820618504651065450162
11.203749130703956282673061650712	9.288810110437944800310106074903
4.097650892855434712203077651793	12.181211718505224439468292985111
6.773054007439514023758420080412	12.421412379757146737802031566389
7.368724671189814223737357679056	9.105229596680324277713225455955
9.111610090265838124423680710606	10.225342939639395112294550926890
15.189950211579908767589586204849	11.837508833261770391231948451605
10.520181556892593377483535732608	16.643268775151803140488482313231
14.432983916735336649139753717463	10.249292761904154502872188459150
12.484078787556107670297933509573	11.574174416842950563477643299848
8.441396548968210566954439855181	11.003936577713224309604811423924
11.561364099218533141311127110384	10.550923459979760110627466929145
9.333013869589123601144819986075	8.041294332436951464160301839001
7.149061855941090115607039479073	8.535714469444801721920157433487
9.739589677381511378939649148379	7.738549761411894323259730299469
7.293928270918152989565896859858	7.885180456555535677409807249205
10.737998482561316393457673257217	8.792950324474354317771940259263
11.061694927912343544562645547558	13.377479869018696234661547350697
14.716225305708682924432650906965	12.001780023019220422497710387688
9.012051919900027741050507756881	8.555859289037506698605284327641
16.341937364922447528670090832748	15.425686813379744677376947947778
11.271313203504558231315968441777	14.324274997067705683662097726483
13.003368429886533519379554491024	10.466200602028672861365521384869
9.652592912920773926543915877119	9.985393007412111998633008624893
13.863515080576018334568288992159	13.616520816807383909008422051556
4.813294024221710820654607232427	10.806233107241483892835276492406
11.461890393819780697981514094863	9.935775887138868611714315193240
12.944040959698199344529712107033	9.102816241060580182420380879194
9.743122530287074312127515440807	11.783263180979202999765220738482
4.920877775590272840133820864139	4.422701258964885973057334922487
11.536707049398211566426653007511	3.929996162772009693497921034577
8.761314895935242930136155337095	11.068966091738380086439974547829
7.486286542927175879924561741063	8.502095493945390103363024536520
5.135223382298202743356796418084	8.603500080901969937485773698427
11.448462264727435666600285912864	10.990150829672909793544022249989
11.638985777121176212745012890082	10.475198886709328860433743102476
5.154686749475498430683728656732	12.068451267707999363665294367820
8.854159422921135558226524153724	9.287261906408950551394809735939
10.625243890988869566172070335597	9.430550335720758070578995102551
9.526333190879130441430788778234	4.477158352039502631214418215677
14.096574419683911116862873313949	7.231972352914866952744432637701
11.859231450909829774786885536741	10.476938439852169437926932005212
7.892218375290031673330304329284	17.137999309911904788350511807948
7.405556985162037975101156916935	12.110613368707584314165615069214
13.586227887090267074654548196122	12.637596199425074061650775547605
7.199258668073398759190695272991	8.532699586864911367456443258561
10.748604936498679762735264375806	8.080164360171192328152756090276
14.599944187476308954387604899239	7.535123614655814705542979936581
9.643893960319232405709044542164	11.426460279203542569348428514786
11.080941875981523025984643027186	6.942416090358263680570871656528
8.582928107565223285746469628066	15.902385793090457966059148020577
11.002606226937700739654246717691	13.388484549182949834289502177853
15.269284442252804012696287827566	14.774397092268397813086266978644
7.841205358355506582768157386454	11.605841324539373005109155201353
15.172739697964557237241933762562	13.491424972500073664605224621482
11.872958273079403213046134624165	14.548909704281884458509921387304
9.406771339534891751554823713377	6.690548148194479516348565084627
10.449821158488036942912913218606	6.996542661388138739653186348733
8.163439264545923279570160957519	8.300201792898480590565668535419
9.469357026770580887387041002512	12.249604042947542126285043195821
7.143791004609173711514813476242	10.220638727510616305949042725842
6.788111801446825133155016374076	10.240537014987278752187194186263
11.137227387720885829480721440632	8.855688146989466602576612785924
5.885922442037118784696758666541	6.786542983781072457816208043369
8.577481517490550544380312203430	10.290239061707831424996584246401
13.801818911805128209380200132728	8.633433523348415405962441582233
8.555614934605845434134607785381	6.748339654495715933535393560305
13.168244116878589977659430587664	6.983859190641533487564629467670
12.281078956291221260244128643535	10.504755567868034660250486922450
9.919874349575405148016216116957	14.316651632283136308387838653289
8.291435780159172708181358757429	6.009403578598801587418165581767
9.127513267556437881466990802437	13.510733619936232230429595801979
11.722904753481460105035694141407	5.527860245925354298890397330979
5.700701244690781877011431788560	12.064446729900883070740746916272
9.782586751931125590431292948779	5.521120586726118162346210738178
5.013604283308291442722293140832	13.519860386902720961188606452197
8.815112314368924728569254511967	7.389343980450525428693708818173
10.905295905826132951688123284839	11.751536617741617618548843893223
10.207448853586772230528367799707	10.173557700458877306459726241883
12.901019600937653208916344738100	15.723481824424103692194876202848
10.523471006309494057973097369540	9.995377356849655114956476609223
10.562914177050538810931357147638	9.720416947439197485891781980172
11.625474005920485964793442690279	11.444585028158378747775714145973
9.263024409760049593387520872056	4.334838856519628969010682340013
16.984589449228067792319052387029	4.028752792127830772983543283772
6.202463438142741480874065018725	7.555700705719083032363414531574
11.981527209430936409262358210981	13.033324489905854903781801112927
6.675465342390207723610728862695	13.542157227059668400670489063486
9.872691147262905531079013599083	13.723290963442208223455054394435
9.879073973962890775624146044720	5.622658811944570622642913804157
7.378005881321609393808103050105	8.563757001283537562130732112564
8.833792786188405798952771874610	14.791844429509504621478299668524
12.854965375242091596419413690455	7.919176583701012184235423774226
9.017388377929520970610610675067	8.098664015608315835947905725334
12.247278239262543664267468557227	8.767794380490691708018857752904
12.085016359048744050141976913437	10.562283658917834827661863528192
9.993284294779121168517121986952	7.027200757873472092285282997182
7.580488541487005349495120754000	11.901003839716546295335319882724
10.109883908375891792275069747120	8.850030712998373516597894195002
9.443513639442736362639152503107	10.884562971077862414404080482200
5.551183934505038664042331220116	14.958125634742252429987274808809
6.396635190881419852360068034614	12.163469942676636392775435524527
8.738266982892914924718752445187	15.724466617350104868933158286382
10.953801480386955446988395124208	7.858106350886105317954388738144
11.980234324484742458594155323226	11.957115394430005039794195909053
7.507175843944331461443653097376	8.682289592598825933578154945280
17.046914069488835252741409931332	9.325270525590616088607021083590
13.251618861515453318133950233459	8.035821436412387441805549315177
7.053873337361729944916532986099	17.199905332786865841399048804305
14.031014325686671284643125545699	9.161539475333043469618132803589
4.006270830000808302884252043441	8.954991029802281232718996761832
9.032598995990117174414990586229	7.136277864612815768907694291556
7.241598407572771733953231887426	9.817347764577345259340290795080
5.919965422395767618013451283332	9.009504792953368479402342927642
9.618821169552710159678099444136	10.108382368199173129141854587942
13.890491865378294278343673795462	10.830772132490292136708376347087
4.948539981099665752140026597772	9.665595467534059181957672990393
10.626150016404377396384006715380	13.277396226829775827127377851866
13.879723551406708992317362572066	12.602494155520698626560260890983
13.985967564489818926176667446271	15.368504767941413291509888949804
9.078723909384880386141958297230	15.884896552468108055222728580702
9.863105184537191760796304151881	7.563375160485060533233081514481
7.622214927292507269385168910958	9.418356502469915625397334224544
6.669612851142520781877465196885	9.994949292254933226331559126265
11.765014358401360894390563771594	13.869579427978797170339930744376
4.740185163458722428231340018101	9.445919635928518687251198571175
7.125674282887889177118267980404	11.558551805057929229292312811594
13.806927921364239963963882473763	6.866412427207724711308856058167
10.495450739557297126225421379786	8.396927479962910112476492940914
8.117587543357608126370905665681	12.686468606940167092034243978560
12.242739441640459574500710004941	9.631704574062473156459418532904
11.454670285806177076892709010281	5.386480391229806485853259800933
9.244138138357273604128749866504	11.078937718110193344500657985918
14.019006904335711283238197211176	4.575237127960508409785234107403
10.791124179733444066187075804919	8.422380031061191374419649946503
11.510101892656445343732229957823	5.497598227604338916307824547403
10.927575271498062292607755807694	15.044088342240655720161157660186
11.675875457796063727755608852021	7.043274200500134973879085009685
9.708056912750539169110197690316	12.571740028546239287265962047968
8.549967333954699100218022067565	12.750785791740234742519533028826
8.971896508641874490308509848546	8.197204169527152473051501146983
9.253033444315256872414465760812	14.244414049147790635174715134781
10.547412502530653100052404624876	6.064762527657975077488572424045
6.697120887399325539490746450610	8.299884437855185481680564407725
15.038470452142211897239576501306	8.772907467147044613398065848742
9.226201374947134326021114247851	10.860001832805410870719242666382
7.285047114689542802068444871111	9.466370217421173904881470662076
12.093536450462311293563288927544	9.577158799275560241426319407765
7.760955038346285306261052028276	9.645578716601869828650706040207
12.666221953067093863865011371672	13.134167937753371546705238870345
4.857369076408897257124408497475	9.966567449319768456916790455580
9.943563774850058933907348546200	12.150011872735840157133679895196
13.172999501585572090789355570450	7.773387420986876961137568287086
7.984263118951793636313141178107	9.811530345494364979685997241177
7.830129798043379274474773410475	11.196208539913044432978495024145
4.993755678536699882386074023088	14.134360290115539626754070923198
12.021956167217799915647447051015	9.438613979377198148768002283759
6.291500165116881149174332676921	8.333555891911032631469424813986
11.391779501034420718497131019831	9.521777939765483367295928474050
4.298744012099163569473603274673	11.071798120208525162411206110846
15.799419595111608316528872819617	12.089072121890854560888328705914
9.753905492538560650928047834896	6.877845674107853746193086408312
12.246790982372273148826025135349	9.557264454206585213569269399159
11.073184485364622631209385872353	6.205231928368509564108990161913
11.575046842254467449606636364479	9.913484015505520829947272432037
14.305886748646598150003228511196	11.595680185981919407822715584189
3.788677271205528107600457587978	6.607611980514118243945631547831
