75
9.313460732943006803452590247616	12.350145060233606031374620215502
9.831356091311020506395834672730	9.962764708955951675761752994731
10.511942970675063335761478811037	7.549177040272793348663071810734
11.736591146831742094036599155515	14.214371810113432204047967388760
8.772949035635148717915399174672	8.352915984543615834923002694268
9.066440011950410493568597303238	9.315071432790434258208733808715
9.794764343955664642749070480932	6.257997889220568765722418902442
13.218123078519097290950412570965	10.930245663740059569590812316164
8.594515743907869875783944735304	10.725243513046471832694805925712
9.385515792725369621507525152992	8.992473861371278687215635727625
10.239763027345139434487464313861	9.106238111026826231864106375724
4.600738913613464653451501362724	8.302528385848914282973964873236
5.831162842174609117762429377763	12.107768575931700638648180756718
11.842703992366454102125317149330	8.615222237996723819719591119792
15.268929862394545082793229084928	12.114345624290796976652018202003
16.590792282601086071736062876880	5.186207291388916118535235000309
15.184084117274073477688034472521	10.203542185277088449879556719679
6.308718927074375315555698762182	10.550788583315636515180813148618
7.322128389290725181126617826521	10.167789949826804729582363506779
4.368067705043388038177454291144	9.585433787388726756262258277275
6.024229426460143699273430684116	9.956935952489436303380898607429
5.290811011777891259555417491356	11.773969376587885449225723277777
12.171488567677718251047735975590	9.648609621002297132008607150055
7.764792797849902505902264238102	7.814986167421572815783292753622
10.840966680259199961255944799632	9.840036117390278391781066602562
11.934878856082187681408868229482	10.798697170927074040491788764484
17.042945018016894209722522646189	10.736231659226227463932445971295
6.804154476064591783313062478555	11.672946451159070591074851108715
7.646950032360367188744021405000	6.856619567351570410096428531688
7.641714275025341507330267631914	5.362939759765342984110247925855
5.106022803648350816274614771828	11.756453370147330161898935330100
10.516671855654157852200114575680	12.015300001184495926054296432994
13.279184321252557765546953305602	5.647625931862107151459895248991
13.083100357904170252254516526591	7.668172255634330802820386452368
5.144624931264524470009291690076	9.870359824881440147237299242988
15.183512164903323338194240932353	6.253438515705855849091676645912
5.766259022134622824751204461791	10.002742611217279034008242888376
15.232764376328303157492882746737	15.820296848759330288203273084946
8.427302618691991042965128144715	10.466685677830355416517704725266
8.083227607618319154880737187341	9.394412528232072290279575099703
7.115123358383765861390202189796	3.402698390365551439629143715138
2.425013311820564787524290295551	8.547347566502734750315539713483
12.199018586540258723971419385634	10.605801856770719737710351182614
9.408870015356297855646516836714	8.772300934383414627859565371182
4.963190470467479187277604069095	9.753940165682720930817595217377
12.727746733120074651424147305079	7.962346933247547831058454903541
7.635522293810949712167257530382	8.905792199971187983464915305376
10.122904953564638930174623965286	13.693415097937396751603955635801
12.450849127967158480601028713863	9.702630967793391292275373416487
8.594762990777027766853279899806	10.700927351266905418469832511619
4.426964893880978024753858335316	8.724739665883994632622489007190
15.638296443116836087483534356579	7.250141102256193015307417226722
13.762428861381849287681689020246	14.431467260345865355475325486623
9.718554117351599686003282840829	7.578421343432299117637285235105
10.015956455501850541622843593359	0.586627854383137581351093103876
12.636875543838936408747031236999	9.498972128364007616596609295812
7.913179742983803777178763994016	11.137377084262867654729234345723
8.876894630956174481184461910743	12.708059515058092614481211057864
10.295243467955065952423865383025	13.790333237992589587861402833369
16.037247764361630686380522092804	7.418412574111322044245753204450
7.228294561912633753308909945190	13.877472425801016697732848115265
9.813367796740633863805669534486	14.886993660619921797660936135799
11.842470269202884480819193413481	8.005671688553835707580219605006
12.429196305536718725193168211263	13.131727138561867462840382358991
10.965422844375639854774817649741	10.085206241915260605424009554554
6.828746436085904925050726888003	12.697712918206276455634906596970
14.840429098978159316857272642665	9.892199738281838961029279744253
11.554241514680565927619682042859	9.430080766955166282627942564432
11.180232957193558362973817565944	7.813427385819660564436617278261
10.535636042675138313029492564965	13.156896321213647382819544873200
7.339134636260197908086411189288	9.872189719461234247432912525255
12.639572995931189325347077101469	14.070109448731674461896545835771
7.078983590763423094927020429168	5.533363037937375494834668643307
10.531189361278581628766914946027	9.589960416260728592874329478946
12.797781215555961153995667700656	17.741751968720052445860346779227
8.001110790531948069315149041358	9.148749828997834399046951148193
6.090002934250275501426585833542	13.180254661211618483207530516665
8.342913770153256081130166421644	10.031065289010319574458662827965
13.189808128270216869282194238622	9.432874030386221519961509329733
9.054335253268449790198246773798	9.274740826150820183215728320647
14.393752788807512743574079649989	9.453581034629230828159052180126
5.685522737033664952832623384893	9.204955357935585169570913421921
17.371725379876803430079235113226	13.738199913576654154212519642897
6.391479476602800247064806171693	4.817104436194860284103924641386
11.635213487123380105003889184445	8.544416586198137153473908256274
7.863884075793126093856244551716	8.547530349299560015197130269371
11.645983388375961808947067765985	15.613713764808448303256227518432
14.566486402927056431622077070642	10.972887111364872936292158556171
10.333938147453725520108491764404	8.278269376329483009158138884231
11.110835342631784072864320478402	4.685264126625041214424527424853
9.806994008673562746025709202513	14.526206420570595412300463067368
11.312108165793247849251201841980	10.664148738657358350678805436473
7.300856939940786105580627918243	10.001736301287849073560209944844
15.334856409418978984149362077005	9.607647110187498284972207329702
7.867818511380170853897197957849	8.798432364489581658517636242323
9.030595128933928350534188211896	10.744545622871674694920329784509
5.573850005456881362420062941965	9.442624751869862720354831253644
11.716382258502905600039412092883	12.716314967667166513365373248234
10.630041710478138838880113326013	9.250267426857487151892200927250
11.561492976458394466021672997158	9.940260678953363182586144830566
7.380109538293490700766597001348	11.207699049727871454251726390794
5.655859390815232146110247413162	11.008388439827866633891062519979
9.020762220402641418104394688271	8.531416374888726394942750630435
6.701609961028065498567229951732	10.362661633401881289273660513572
11.833946614646157158290407096501	10.031909498825307025526853976771
10.723254481391391479405683639925	4.839248353672283897708439326379
8.537526863397181031700711173471	12.298868320326262093544755771291
11.505817270234684812635350681376	6.680279182932133963390697317664
7.135130586830936927356106025400	11.578481802360588659439599723555
8.949613316653946881729098095093	8.097153523556890775125793879852
4.182352046488534647039614355890	11.356536701359068786132411332801
11.910861289934654649869116838090	10.915117471893067246924147184473
10.914058540551510034788407210726	12.231583292667474793802284693811
12.573037231404313729399291332811	10.122564814768475471851161273662
6.822452381125523324101322941715	12.053687759302393445182133291382
12.987812429128860358673591690604	8.530266270033623143831391644198
10.867976349054366380642022704706	12.153337567441774069720850093290
9.751511991696839132259810867254	7.188927965921749319022637791932
13.224158647015567424887194647454	8.207171295286240564337276737206
10.783154204991804547830724914093	12.553732251180775847387849353254
8.299967596576072637049037439283	13.694736848038861154464029823430
14.039350316188572875830686825793	8.768127753658642831169345299713
12.740068455999578489468149200547	7.311445830973456239121333055664
9.787403739524854984210833208635	7.692189485175759955382090993226
5.752011826372877223434443294536	8.057513166007135296808883140329
9.875778789466689744358518510126	5.669705497778950942233677778859
14.690017345446500840466796944384	8.081651228705554856901471794117
8.991091613837292939592771290336	8.867984925544819319043199357111
8.158986858625292271085527318064	10.104734269232476862043768051080
13.457384695233882254683521750849	8.007809592158118050519988173619
13.452206998504081525425135623664	9.892360352485274788136848655995
10.953467694471960669488908024505	8.005913509187337240291526541114
12.979077943569691910852270666510	11.904635657180817176481468777638
11.142150495763479156607900222298	6.381815999236597924948455329286
9.281011082578075388482830021530	8.908258683568581304257349984255
4.602432944162698547074796806555	19.734688737055932961084181442857
8.696261580042257577360942377709	7.627756203589855843461009499151
3.450064882652741804491824950674	9.432203273105528751329984515905
8.213099734786499794836345245130	2.560509143793705533198590273969
4.482181613533393615966815559659	10.605272252513257669193080801051
10.127296628051508875500985595863	16.396190170919787476577766938135
9.484200539294178611271490808576	9.037564582347460628852786612697
16.176642825300401540289385593496	10.397211038187274212418742536101
12.440163418191335864548818790354	12.527006587682505411862621258479
12.241567398623750761998962843791	13.747199062460675023089606838766
15.107289476291237306782022642437	7.402091906546510280406891979510
8.773187320017793666693250997923	6.562179608117116202947727288119
6.635532364026716756200130475918	4.122498700151700390392761619296
7.781654822630672541095009364653	7.023040655970075540892594290199
10.474972834826493439663863682654	6.017218716483638374370457313489
8.794600798290153065295271517243	7.708296457627765718711998488288
7.768605246527036101156227232423	8.945081030045532344274761271663
13.145177834485927803598315222189	10.447283687474078206491867604200
6.877248153067540670235757716000	5.169424741803239520265833562007
10.598914557037090844460180960596	13.983264313829169012137754180003
10.743085492787759704924610559829	11.471641981032188795097681577317
11.374943029985976394868885108735	8.857326965938872476158394420054
9.177611944341643734901481366251	7.684941539369372520695833372883
8.779076729932597800143412314355	6.603715646537384742487120092846
7.947528111882651735697891126620	12.036600024314603629704834020231
13.114362143571472785197329358198	12.417153587253958235692152811680
11.774329233054748655717958172318	9.323462967607278883974686323199
9.384537880741891768821005825885	10.102431239620706548976158956066
7.128577411335957236815374926664	7.427506109830970260077265265863
13.517421789197683779093495104462	7.917554070234328555955016781809
11.257124739419561265663105587009	5.395327000813841422655059432145
11.790408678318865298706441535614	8.477410315255500705688973539509
7.746149941316408771285750844982	6.852592293316761562493866222212
11.579697911565041579251555958763	10.008288126968560405316566175316
7.940334087939480589568574941950	8.456226286028472927114307822194
9.595613805324713752042953274213	15.441322788530836618292596540414
7.400797839258663302075547107961	5.803337241552986469628194754478
9.467482437219423729857226135209	9.381144729589282249548887193669
9.522588278165905251171352574602	16.123462578166858349959511542693
9.183301467819786623181244067382	6.337583049516733346706587326480
