75
9.548823475440572750017054204363	9.731082136363315981952837319113
12.106355614337784842859946365934	5.717228362256067342173082579393
6.416757789148442192583843279863	15.705982504909927754965792701114
14.012258931904284509073477238417	5.276690892657266651610825647367
11.232569884486473199558531632647	10.660220597470191350453205814119
8.183171095876200951124701532535	3.554667276149227728154755823198
2.271894719196349665679690588149	5.750219787083452160914021078497
10.479968148310547348955878987908	8.448675589786008188752930436749
9.126613787869780836103927867953	10.976272593427562895840310375206
2.422740138047140945332103001419	3.095697509922011647631734376773
14.057409221030505719340908399317	4.062638895606560218709546461469
17.285122822910977902211016044021	11.700761853787133404125597735401
12.146487601430211000774761487264	13.186946449521716573372032144107
9.581179005918553315268582082354	4.361375198155918120335172716295
3.041679462841773151637880800990	0.303245226270240308963366260286
7.839685749125784752777690300718	2.555097769381442063263421005104
3.094082591772657320206008080277	9.607048421639150959094877180178
14.816573035020688564600277459249	13.807369137235053102585879969411
0.162281422851887846547924709739	7.695418555915311209503215650329
1.030240693542255892012349249853	11.757029879052193876987075782381
5.128332881874636761665442463709	12.562580335984431911811043391936
6.586123609236152809387476736447	9.039081555103024356867535971105
16.634404940114780657722803880461	0.382949099885823152078501152573
19.571017977577753299556206911802	1.142498146473654774268879918964
12.286277552855588979241474589799	12.811602246818583950016545713879
18.191581225136200572478628600948	15.110417824778235029725692584179
9.549567437972932282264082459733	1.098240949676981159655042574741
3.765976297903569580682869855082	16.975437427079565821941287140362
10.437285654025680869949610496406	2.910914528024222569513312919298
6.253641833744712386078390409239	6.969342085062235625514404091518
3.438473735719136836763709652587	16.990092193234758610742574092001
10.039018200753247356260544620454	11.034290225208080116203746001702
11.518223862124106204873896786012	19.786241911021896555666899075732
1.082608355852636261573707088246	13.170388527001929190873852348886
13.675642748708716212036051729228	12.074405584889007059246068820357
13.164410481292266652530997816939	6.556646838886039496685498306761
11.936282749824712823283334728330	17.950090986974640117068702238612
16.269645353942028265237240702845	2.037994629846536565054293532739
12.456080130015145357447181595489	9.744390680545521377098339144140
7.172717850106526960018982208567	4.054533137229923589472946332535
14.735606925093998498255132290069	4.516328229442670760818145936355
7.149051581117666032127999642398	0.078401499475337477207403935608
1.981963797824183304285838858050	18.498126220274418329836407792754
15.045114537181891734007876948453	11.402072029737386316128322505392
12.565879321849134697686167783104	19.207541017951193396129383472726
13.009527962072789719627508020494	9.649249529907283573493259609677
4.807181187762008534036795026623	1.705292418653955310858805205498
5.292221391763887616832562343916	14.499171320724533629231700615492
5.294242504274281557741232973058	13.153870211946822266213530383538
10.619511938058264988171686127316	2.874421527418132615849799549324
11.397967106582846952278487151489	12.329026461115489610165241174400
12.748089546027598473187936178874	1.091017486636477462624839063210
8.779481346338112501825889921747	5.398655870757204766618997382466
11.704509060559471933515851560514	13.667545173396010937949540675618
18.147291197139189478093612706289	15.974495721823753768831011257134
14.965364757700479358959455566946	14.132184771794220168317224306520
13.152214320618266896190107217990	19.627704590184848143508133944124
11.888339274849547777535008208361	8.472699308526111749984011112247
6.039879280158698904301672882866	15.286062289995141938447886786889
6.926511502723650792745502258185	0.240512737164969125913671632588
19.065432403134433769764655153267	7.363364440308564518034017964965
10.099546056892242162916772940662	11.068444716783059078579753986560
6.120627360908324376964628754649	19.449471623767536243576614651829
17.006252198260924046735453885049	0.944494020075120843671356851701
5.822693487844096793537573830690	11.675277762314593132941809017211
9.315184117210364433958602603525	8.830125977926694957886866177432
12.018948542487557062941050389782	11.896721853621560427427539252676
14.617834991308875203230854822323	12.121638246589899523542044335045
16.998972355981884163611539406702	7.033208783654809614915848214878
11.050082780548464711500855628401	17.902087703712016519830285687931
17.656609931428192794555798172951	2.814968783160371579299408040242
14.665476620574070309999115124810	4.519747665612046993999229016481
18.728547094167776521089763264172	2.717301524170956827930467625265
15.259856679675309010235650930554	11.305426001442812733444043260533
7.546553703061325890644184255507	3.103978461221502005429329074104
7.687467077034419560277456184849	0.201253908629892785953074962890
15.642697173771814789233758347109	3.030543938282667326689079345670
16.280629570084258261886134278029	9.219923024783405196558305760846
6.313745613147920821006664482411	12.097261281451647363383017363958
10.124538079950017532837591716088	16.174886027356894402373654884286
10.562708931921200417036743601784	14.858809591013034889783739345148
18.233305630884174775019346270710	12.890622534259632558928387879860
13.047182660476021709428096073680	7.776742426214487302615907537984
8.054661870554737035377002030145	9.465997468042541385102595086209
13.048664104289443343986931722611	1.183081612025981943503438742482
11.214890809745046595935491495766	9.658800516992043228015063505154
7.024844577390542355033176136203	3.939140413653462680088068736950
14.925911925992782158800764591433	4.207160509733401276832864823518
9.690710708657308103397554077674	11.880616344223426494863815605640
2.931480916708180117780102591496	14.336442454035742244400353229139
5.197274514005534307159450690961	7.275796022634018811459100106731
7.340891787961429493236664711731	15.330634802718389408937582629733
11.288331917683439797883693245240	16.306881468437172344465579953976
4.664845158709356454096450761426	10.731052274248650491017542663030
4.761001092769220122136175632477	1.426146952948248003423259433475
4.902969592879379945316031808034	7.665373983595578977201512316242
0.044051713108245627026349211519	17.050542312774368269856495317072
8.709909514154839271782293508295	7.574726512808505063389930000994
9.973143107139541996275511337444	6.386181620450114060361102019669
18.319354349499413103785627754405	5.639120706708014019170605024556
6.743904718766118300266043661395	10.288080169066596170068805804476
2.955740045705939955666963214753	15.252852854581295360958392848261
16.655431027378668318306154105812	16.543882480697394754542983719148
8.513253520023614129286215757020	6.913721710111789597874576429604
14.310163016305139649375632870942	11.883707753042134669385632150806
13.966900030977498659012780990452	19.285215418340943216435334761627
10.118857441277848252525473071728	9.559194780023197779428301146254
14.214532440565328386128385318443	3.204460734128802279485626058886
13.181408126218794762962716049515	14.221698210952826713082686183043
16.777907582414606224574527004734	2.197607467156592164769790542778
3.344662344001326559350673051085	1.568540070197497415804832598951
13.787933514503567522524463129230	17.090936579372574044555221917108
19.306267852666906037484295666218	6.245122807215985893947163276607
8.648349778202616633393517986406	2.877546594684422309740057244198
15.242818008592967871095424925443	2.383102933156977520923192059854
11.955831367553832578209949133452	1.881569394370510295289022906218
9.709528004253190403005646658130	1.594798195171847954298982585897
10.575406271042551153982458345126	7.949524086333287442585060489364
7.745456700526966997699673811439	2.921150597781999813662423548521
18.549952942842146796920133056119	17.300137418680698431217024335638
11.194346478365693187129181751516	2.173245876767649686911454409710
15.489460608443435418735134589951	6.399461651115311511262007115874
10.091701448066677571091531717684	12.479956755466316664637815847527
18.198124632047033344406372634694	8.774752282185815488446678500623
2.905226120825058266916585125728	9.237414186509063540597708197311
19.213416176686212821778099169023	14.436647441906560018765048880596
11.144587853581235492583800805733	5.245758611119738290540226444136
4.792968282148517999985415372066	12.137698322085734403685819415841
14.797064310023431588092535093892	19.208251133634313134734838968143
3.185598993771433296018358305446	17.081520327865106878562073688954
11.096827503726858665800136805046	16.761283156446069142475607804954
17.670326999363371811568867997266	4.518071029681048678128263418330
9.607010996825536608412221539766	10.861297037644755292262743751053
4.973855283035701013716334273340	3.341249850470757287723699846538
9.240540835786728024459080188535	2.649390424661602239098101563286
1.425419377507188833931195404148	17.635726298474803996896298485808
16.189662275434390181771959760226	9.893377614672118625094299204648
8.037334486975943548259238013998	9.055156669371935862500322400592
8.514862225424600694623222807422	8.868344620211088269456922716927
2.860852287717846831327506151865	0.904781815565599556450138152286
13.502268937811281901417714834679	0.500116620066311634573708033713
7.539638861309743589345089276321	7.511393303002773080834231222980
13.073681180621919750706183549482	9.460583188103997898110719688702
1.214499433717246557051794297877	16.388610573829957672842283500358
9.708030145656032061651785625145	5.229206104555601086758542805910
2.948578177263577959621443369542	6.880455695822890405111138534267
16.352739975779876147043978562579	12.382080740886456382554570154753
6.743294090955111563800983276451	0.157272178564553444246598701284
17.939702431159620488188011222519	2.585968466604969151489967771340
15.291198753675374177873891312629	12.292736424254702143343820353039
12.748178760013148647090019949246	15.010418011323697129455467802472
15.247908245261978521511991857551	8.223292964242427061094531381968
16.120609814102923706968795158900	6.423966475010729482164606451988
9.615837083199407331335351045709	12.422765884176609318956252536736
4.566145858278963132192984630819	16.540350352168754710646680905484
1.540193181144539513738322966674	8.835165866622199715152419230435
8.165177472129927949140437704045	8.177217533891978362703412130941
7.508764796019079312827670946717	11.840426999359323190219583921134
4.950155863030184733020178100560	13.187239728748197720165080681909
11.133072943433216295261445338838	5.981890058236856155815530655673
9.785355246604874324134470953140	18.716098520698924545513364137150
5.796919869046802453738109761616	16.157246364943592453755627502687
15.288349809127051770474281511270	8.627341672620978840768657391891
15.259350215080898394148789520841	12.422072779256918551027411012910
18.971354088508306290350446943194	18.043828630206405705393990501761
15.495962957651981284357134427410	12.276155897283622664417634950951
16.465312762016683478805134654976	18.547645380854390850799973122776
16.899473603457416004403057741001	8.132385215365953712307600653730
8.941220955495936095758224837482	5.876042006676315487823103467235
8.336013123749719255783929838799	8.648262639070020796339122171048
12.089705472104387951048920513131	16.064630289957705144843203015625
3.919400368009942514646581912530	9.352974003186156792821748240385
2.873389739627683070466446224600	10.311513958410211344585150072817
0.607252009319261931707956136961	9.311951517602400585360555851366
9.891485987715670447073534887750	8.329457408343508006964839296415
5.522773516698606499630841426551	0.861783369632169060636783797236
14.439013438661424615361283940729	15.897158069986122796990457572974
17.558238005080841759308896143921	2.137009168656888391524262260646
14.022797010043690946190508839209	10.257391609957714706524711800739
17.820081910063180430370266549289	1.792084679120740098312580812490
2.732248592103585949075750249904	6.130402718223980862433108995901
0.681052853053264461991034295352	19.466164970554082458420452894643
7.340417137174572559388252557255	12.356843389460228976872713246848
4.014344912988302205292256985558	16.088269363705446579615454538725
18.186284122156351372723293025047	0.868033940821216098981949471636
9.320071133615597247512596368324	1.851805865538395767799784152885
7.645941685005839261179971799720	10.607468905932568858929698762950
2.296396849230543324438258423470	0.564323401196629825804507163411
12.604878043416604782578360754997	18.160447594081482236560987075791
8.219666448473121889151116192807	7.439714998893282249525782390265
11.518094343899928588825787301175	15.271512609937355264833058754448
11.852436200739399296821829921100	3.085332409563385169803950702772
13.711725791270771068752765131649	10.513218977131989717577198462095
2.874234918118443005141671164893	7.089058861799180100149442296242
7.267975966263465537053889420349	18.501409185184964911741190007888
9.043131228739145655026732129045	16.411139072931316462700124247931
14.295280978711021546700976614375	18.064493160709645280803670175374
19.206695953582588742847292451188	0.844958406709300113845984014915
11.648270494203600833316158968955	17.136381294741340752807445824146
11.539692436275425180269849079195	5.335770987369334861227798683103
10.525228160043834435555254458450	17.364284220743698483602202031761
13.739995291961948353787192900199	2.488048646610275138613133094623
8.286253020009727521255626925267	2.514577811371608628832063914160
7.632889042441038718322943168459	10.287002477377535925029405916575
10.072581307361355484886189515237	15.418893930925639423890061152633
6.858351443115603629507859295700	13.999028784409235370844726276118
12.346003964025578980567843245808	6.057386501140184620339823595714
10.392020346625738369539249106310	7.314203478533499058755751320859
10.835356006547566920517056132667	14.758127994752010536672059970442
11.823218106645606795268577116076	4.642217184788075101664617250208
4.393336534834737960864003980532	16.848723796293594290318651474081
9.268064500522726234521542210132	7.045434553799419852282426290913
3.528425884897872677470331836957	1.793218055225786145001620752737
16.823372128509699763299067853950	0.237325392681572822084490326233
10.595456777974371576078738144133	6.061474769055431366382435953710
7.744104293298396335387678846018	11.394608021723154678284117835574
13.986805163209035995919293782208	4.109630529185390734880911622895
9.994245405826053030295952339657	8.849812712525558566767358570360
17.302997172413459026074633584358	2.798819791454894456705915217753
16.289235681460525029251584783196	11.908162242754857018667280499358
2.967183167314114911050637601875	4.323697752373041325313351990189
16.278317762806452151380653958768	2.691889576852593890521347930189
10.554988187784788422618476033676	12.164282852805120782591075112578
19.530776175149458850910377805121	13.604605469995522781800900702365
16.978232484052899309290296514519	6.612476260183275833526295173215
2.203028611565467365096537832869	5.928156831374082003094372339547
0.536561723175092097903871035669	18.657739728801868039909095386975
10.183682629161832977615631534718	12.446491576744010743027502030600
7.332544116690799640423392702360	4.542894210192453208208007708890
4.398819008558281673515466536628	9.211851501626991733928662142716
17.748144407997088478623481933028	4.322126312506147094438802014338
8.357818385752176837399929354433	12.963411216497076949849542870652
9.588897057182915517614674172364	19.790846015194777152146343723871
4.599167242911716968478685885202	6.097390969024186091473893611692
17.322916975739989453586531453766	10.525131028911026476180268218741
14.452965108681620876041051815264	18.758655427074575783308318932541
6.926887581190843690137626254000	2.382261957085399561862004702562
8.196569953973320110662825754844	9.376485552168015047413973661605
2.766301321714789374084375594975	7.302717911961260632836001605028
1.561795029302557757944214245072	12.377560325970964782982264296152
14.425188671920633254330823547207	10.836908625002761752398328098934
17.527835829880842766215209849179	10.547437814702652403298088756856
16.460919218265321006811063853092	13.146334243435765287699723558035
18.070046213091817577378606074490	16.774974744723227360054806922562
0.444347502802286298262401942338	1.824620024885248437129803278367
10.609926203269665734296722803265	3.969687920660729840705016613356
5.173169920389255160841912584146	5.216447178097135761731806269381
3.598307632574976544503897457616	2.257262586241867818870332484948
3.632170164497902753453217883362	13.621105014705067404179317236412
3.667194061365576907007834961405	16.358410556242382938307855511084
