51
300
inf
50
inf
inf
inf
0.001716045210713446067529730499
0.126746707170559247401797620114
1.670419686884116572400671429932
5.219864101974650338888750411570
10.083002724899738922204051050358
15.441946641169920440006535500288
20.441307121095782406428043032065
26.464502407026582631033306824975
29.823226117255629219471302349120
35.838065878915799089554639067501
41.475581900644314714554639067501
50.289689741934047617633041227236
59.610522849204471640405245125294
72.785307475142829503056418616325
79.055551785936756914452416822314
84.615473050585194414452416822314
101.401290790466461544383491855115
113.238338350341479099370189942420
120.032688020751635349370189942420
129.068431734130541599370189942420
141.977268098876635349370189942420
163.223599051808093918225495144725
180.471523688260731432819738984108
205.894166085412848588021006435156
218.694542539570761618961114436388
244.867115424100575182819738984108
259.927875398681294427660759538412
268.651340364501606927660759538412
281.560184358642231927660759538412
inf
inf
inf
inf
inf
inf
inf
inf
inf
inf
inf
inf
inf
inf
inf
inf
inf
inf
inf
