75
5.571737998460157825775240780786	3.800918985301615649063933233265
15.834522766430136897497504833154	12.071323839957038615011697402224
7.589485215467764334107414470054	5.298471940527803347720237070462
7.363027456235128553885260771494	1.409874551563884637062074034475
5.318836891606897765427675039973	4.642655027296382463930513040395
14.856899714496339726110818446614	10.508799952311452585718143382110
2.804134662528489307931067742174	2.876154056294949690197881864151
9.683233469691725048278385656886	18.194978311068034315667318878695
7.696679781787857166364119620994	9.921600259722074710566630528774
19.419463842380110918384161777794	11.708566592195479572069416462909
8.999060012035492661652824608609	11.565134009155382699418623815291
15.297377831320652319391228957102	8.562645854013211987876275088638
12.526286121585911814690916799009	7.716555624039413530113051820081
9.460811452625810247241133765783	8.632751574937728378245083149523
7.402157000270717546186460822355	17.598713161656991843528885510750
2.681231359467266095464310637908	14.384039510651160043153140577488
4.492974011997142191887633089209	18.413223297295061797740345355123
1.995554515379009075104477233253	7.297432094508424782475231040735
15.802688508043399195912570576183	19.404176477983455129106005188078
0.801694372000754995610805053730	6.445526194962484467509966634680
10.292314264849945715241119614802	2.094780117667546015525203983998
19.196089109623329704845673404634	18.185405475768433802841173019260
4.766205584106137038702399877366	5.195584831983376616904024558607
18.437224128740062667475285707042	4.882046680274126693177549896063
10.207992727143837541348148079123	5.160565311246264386113580258097
4.045833334819712412411263358081	6.572465459741383853042862028815
5.215027744585261082477245508926	4.443768644047834115440309687983
9.868017152745858666662570612971	10.759843098597654531545231293421
11.212110951435612093973759328946	1.733524080761075225609602057375
9.435112430647098591407484491356	0.548080051866465467469424766023
3.080346211509411347151399240829	14.864288155259636425853386754170
6.368341826588931553487782366574	12.727410021118068073064932832494
4.252052418323863491878000786528	0.192720687736670726053489488550
7.326401192963982289541036152514	4.731026160578917227894635288976
7.318220648478279244386612845119	2.704572188359648521327471826226
3.319531117843878220696751668584	5.494635508116301636505340866279
4.747494859548726964248999138363	12.999907077148687761791734374128
13.782097774170207316046798950993	18.485012625330544011603706167080
16.554425433764013320114827365614	13.769996569385632767534843878821
12.298133114043391600489485426806	14.619894450537959329494697158225
1.238618235839215486748798866756	4.528472744444418829345977428602
3.175656470564615752039117069216	17.971781834473205208269064314663
10.691416441669248982293538574595	8.178256574273365941962765646167
7.957271941109233637234865454957	13.537953540561744603110128082335
19.091547313410085706664176541381	17.770600335329390873084776103497
2.339553797360707676489255391061	11.457991277065209700936065928545
13.695474980586039848162727139425	18.030846249525261271173803834245
7.300682029507886916519510123180	3.831000657716701951471804932225
3.673339141625145742864333442412	15.089454518323098142218441353180
14.855471844453109753203534637578	10.439477524533803176609580987133
16.345139734560667932328215101734	6.753731265938131222981155588059
18.310089965126522315586043987423	17.198370713352836958165426040068
12.886354100172900061238578928169	17.483061806763618761806355905719
4.865889166721848013708040525671	10.295338440518071010387757269200
8.756183347756030244113389926497	10.126351895574439154756873904262
11.840836362118798419373888464179	6.101426506579752384595849434845
7.101511926077735736839713354129	7.320386335705038938215238886187
5.380436248315975333866845176090	12.646366105497252263489826873410
17.207222076689461687237781006843	0.758805324029724559409260109533
12.396272866949477275966273737140	15.320617400684497511065274011344
17.091935820149988245475469739176	19.604197371085490431141806766391
11.685219869421684890653523325454	4.750666057757813476314368017484
16.069538932307771972318732878193	16.954500323843930686962266918272
18.302638982342287476967612747103	9.674537235260393330804618017282
15.771876758683239572178536036517	15.896128398660383851392907672562
15.277626918894675611682032467797	16.548317257373323485580840497278
3.231671163151482950581794284517	1.624904181386586543567318585701
13.146847803911530405684970901348	15.858777496787016758617028244771
10.904526619883695204293871938717	2.282564025120964679160806554137
4.758385222611687837002136802766	8.400116530898209532551845768467
6.492355600470894216869055526331	5.919638634906286611681025533471
4.143981413030649818551864882465	3.073421351827493097630394913722
9.112737667639802197072640410624	18.494527249204807617388723883778
1.124273175622416687247095978819	3.213524393246347088393122248817
7.866046993993961677915649488568	11.497369080642839023198575887363
17.128537688257452487050613854080	10.189115521839728017994275433011
12.814783214797531130102470342536	17.079364565922006136133859399706
16.001139339679319562037562718615	3.247690733223228320980524586048
6.014051138374044924717054527719	2.326158858220048308851346519077
10.864445292288939626246246916708	13.304755115118341635138676792849
12.921527143235476131621908280067	2.775331730610798075531420181505
0.783484540671116391763462161180	12.485895640283398932979253004305
6.181937382038945827389397891238	8.595950617158647943938376556616
8.728696440504538855975624755956	10.101842899943324738387673278339
2.953872978929982906493023619987	11.809133828138131505625096906442
15.456142697339128488920323434286	14.454815055798238887518891715445
8.504568600122478727598718251102	13.955084955672191426856443285942
4.834307892091927350008973007789	14.252417924112458891272581240628
9.583412611488240528956339403521	9.448504847889459767884545726702
4.380173990367512537602578959195	15.266138564811681632704676303547
10.888822667496752316651509318035	12.120894129703099650896547245793
18.563324257817431117700834874995	3.918882134499344083167216012953
18.382631041863277232550899498165	12.480066314027014939824766770471
2.587836634948415870383087167284	9.848153140671319860643961874302
8.195984385227733426404483907390	11.791356787302733621913830575068
16.061417681114559030675081885420	0.169557268742558164831280009821
13.097958323463473107040044851601	1.599225966468205584192219248507
10.369989446284209932969133660663	15.452073881031974877942047896795
13.719458801512079304529834189452	7.459063108384469842349062673748
11.344497594811404184156344854273	17.850485001556023689772700890899
3.617954042218381793816206482006	5.276055288809964771701288555050
4.898750006653641797527143353363	6.775107515507607480742535699392
11.004817691599612317077117040753	16.480357481129964014598954236135
14.445521998319449608061404433101	11.044717960939939516151753196027
5.076147255223331988815971271833	8.503291288545476334093109471723
10.750855287100975488101539667696	5.120729610231768091921367158648
8.599650871367892079888406442478	10.566220343178255092198014608584
18.584761268850137128083588322625	14.969412464555420072542801790405
16.835900296536415510217921109870	9.673011415606364238328751525842
12.105849578927587728571779734921	14.210336334843269412431254750118
14.570749643976984799564888817258	7.684070718687976864202937576920
11.280747794020825836014410015196	11.433742604017023580809109262191
6.157750827018743322582849941682	6.324099101416461365943177952431
11.243211248373249588894395856187	4.697229986780229182841139845550
15.217179745571403515214115031995	4.329803876059386880115198437124
14.255958511934601062876026844606	6.541662920244482037901434523519
4.538065174318904659855888894526	4.612752237216013462273167533567
2.372995731195924662415563943796	12.776340116636935917426853848156
11.808507371585676537506515160203	16.139329790677106046814515138976
12.503458864809250172811516677029	8.341082463363152399438149586786
7.203249245307116410685921437107	5.101974825933909052366743708262
8.335674113036320775904641777743	6.738164826089407810627562867012
2.788904822538137651122269744519	18.771609990086325581160053843632
10.963982176074418717348635254893	1.685784736531349636834420380183
4.297187082690055781597493478330	7.535822272813472721963989897631
16.798167306318823932542727561668	5.041395969905954288492466730531
7.520977063537909401702563627623	8.351660031625099733787465083878
13.249424309305297242644883226603	11.259690128017172838781334576197
10.696663032800758585949552070815	15.782605753702199535837280564010
6.705100823586835012690698931692	4.894869341080830160706227616174
17.258690219088531847546619246714	10.337586515032841205652403004933
13.827961494919751572751920321025	2.814116916610994501013465196593
12.459387358600878314973670057952	11.158158187946408901325412443839
15.283745637401496608731576998252	4.797658092891494696630161342910
13.398312172500951078291109297425	13.400680971326107027152829687111
15.727392876147519018559250980616	7.769953972656495011506194714457
0.879009767554169485492820967920	9.043889068854598534130673215259
16.990920347927762179551791632548	16.011811106281299998954636976123
3.405478475783556113754002581118	15.541985228264096008388150949031
17.409494892545769317848680657335	9.009498819165111527240696887020
9.174085171322627019208084675483	7.367178067429721366465855680872
4.760597533561662153545057662996	18.587307757769323757202073466033
1.658374762702571558747877134010	14.672577658022541768900737224612
9.016568889320407009790869778953	5.268440733400378661599461338483
4.966081546979338234848455613246	0.948564222019284031262031930964
1.448099060731420806291680491995	12.188353139215900355907251650933
6.002406541206533496790598292137	9.367674529078341194576751149725
8.902360869986232216888311086223	10.678494348834631111344606324565
12.689249242164221342932250990998	13.691153334044079414866246224847
15.424460198614596606603299733251	8.979931763376217901395648368634
1.831481186852697007338974799495	5.771901839833493141895814915188
4.583935659695909770050548104336	17.408558941236346839787074713968
4.193856405362817341142545046750	7.854822776015055296738864853978
17.312914180688263598995035863481	3.182385675796342461296717374353
9.051517146859316298446174187120	4.937755678240129064704433403676
2.631551873338769276244875072734	8.665166538377004457061048015021
19.391481091422178906213957816362	8.250017384006184784084325656295
18.922041025454380047676750109531	2.316091075970144075313328357879
10.955253283568083588761510327458	6.234864877377113145939802052453
13.208728781003708618868586199824	11.172556538839863549128494923934
16.652487402398357119182037422433	0.902909640142461000777984736487
15.504213981211261597081829677336	13.687496668917972897361323703080
17.005121942255904343710426473990	15.703273614539828173519708798267
18.491308007259370072006277041510	12.131337960716983559450454777107
7.696006897191614015696359274443	12.639952054590352759078086819500
1.970299468860716274321021046489	0.061195694831075897468508628663
7.171390734495290075756201986223	17.656081872494990392397085088305
14.109788600178887918445980176330	8.938814419675804145981601323001
15.464896137613774129704324877821	13.950924515424532046381500549614
1.996707025166504223534502671100	6.852325794499289912664607982151
15.150027972819192001452393014915	5.719556880619424354961211065529
9.489422393951432610492702224292	11.949134457894057703697399119847
10.282458623789983320762075891253	9.247425970570530395775676879566
3.939448152231280531054835591931	3.008382680708218792631214455469
5.993737476675128128533742710715	19.686768692001805902691558003426
17.342338690842183268614462576807	7.369697806195929956629697699100
12.354285346888362440154196519870	10.570977200878346025092469062656
4.989523368922689883220300544053	19.616977328878625996821938315406
16.754273668446870715342811308801	10.054247709063412585805963317398
11.417472813789743213419569656253	2.952816919038411036524394148728
12.106252001804172380161617184058	4.770696496655679297305141517427
18.654743572672209950269461842254	2.694761488182321862439039250603
4.879847930444621617596112628235	13.452665751021331885795007110573
2.678057421512151314857419492910	1.269639286681707446291511587333
6.374321254529586866510726395063	5.360567654589474706483542831847
10.382171894117963262260673218407	14.236481929002771096293145092204
4.919019436739636930155938898679	19.048686060288424926056904951110
12.329989121810644547849733498879	8.686649103928186121947874198668
15.312340130565932128092754282989	1.375439730266737825559175689705
6.965810839654827724132246657973	13.079106448869305623361469770316
13.968126687441838384984293952584	10.272159135818601072287492570467
4.534060482613733178425263758982	15.230119558890294229058781638741
9.397527986973624791744441608898	11.752515157502948284218291519210
9.776301597983357183352381980512	14.557516635312151009884473751299
16.480952807581495278554939432070	8.331419471634413653760020679329
15.357743291951436503950390033424	1.591357105822776674131091567688
13.324441988434067241087177535519	10.422152025172396250241035886575
8.739306038510209262426542409230	9.268002776943218279370739765000
8.194038231300858399208664195612	19.650211713864678131358232349157
19.702100766672863585426966892555	8.784774470388832412481860956177
15.487723364340077125689276726916	10.722775777927665785682620480657
5.056081812050781110201569390483	6.941059159937479350332978356164
11.727255264771198284279307699762	18.390608051509822473690292099491
1.592059438684596983648589230143	0.974247131167766511339323187713
4.024863578598647961825918173417	8.083403078706005828735214890912
11.530352069193588349094170553144	1.424098639848542902086592221167
1.599658867138739282154347165488	11.086169311337203069456336379517
16.600071861478966184222372248769	13.957348524808416811993083683774
2.667272819273170725296040473040	16.545844843071222385333385318518
14.969530932523237964915097109042	13.746870389395613898386727669276
18.771874156337887029621924739331	19.550916088681653093317436287180
2.696195744159538776330009568483	13.213049299086405241610009397846
18.991457543266275109772323048674	15.189656880045358633424257277511
11.621668529911602263382519595325	7.238149235528206659751049301121
0.284463287261646158299299713690	12.628230906886679818512675410602
7.425728104073320068323482701089	9.733613271404049527291135746054
3.875878683614579323091220430797	6.845198619342591328518210502807
4.929761070793105659504362847656	19.251663297091781146264111157507
5.630898129997760293008468579501	10.861906844482398071249917848036
18.359798188833792664809152483940	4.045071095185854836984162830049
17.869773954348641353817583876662	5.952238648150654398705228231847
2.109681149536676514344435418025	9.066312272133437488719209795818
5.629257780479614226010198763106	15.628799107647836308387923054397
10.870400535359976856852881610394	8.777351810919903130070451879874
15.902032739833261487660820421297	6.824309498416210040261375979753
13.006393615456991241785544843879	16.368338084602793713884238968603
0.908214293286256690862501272932	0.370103321672935692276951158419
13.131706147552966612579439242836	19.781982745155179514995325007476
10.728207728900953199513423896860	15.339508547341409894215757958591
8.321385919721796753378839639481	11.463085241909578115837575751357
14.186535063187122318595356773585	3.339241473108993218943396641407
10.501384095613767399868265783880	6.131326910285029185843086452223
15.556945961198495709254530083854	18.420354403421214328773203305900
13.138275722389156641156660043634	11.542137128320458572261486551724
12.323327481567066143952615675516	9.664338036875719240015314426273
8.528137726650463434907578630373	8.844501014894152746137478970923
2.275713792338651231261792418081	7.723864756592140778934663103428
9.889563796689165187103753851261	6.040157770053726338232991110999
4.576075064989701957074430538341	5.312712175580504236904744175263
3.904942059452149116793862049235	15.930013481429101673825243778992
16.488507234639705245626828400418	16.209882298544993517452894593589
11.083116156854792677677323808894	9.696709504949355462599669408519
1.362661231055394495115251629613	5.318252142848312047362924204208
4.115775677937601351175089803291	1.114510620551840247571817599237
0.850166121973902733088834793307	12.593740478140897920411589439027
7.242109749712783539621341333259	10.703736157999276912278219242580
10.299346190821983881846790609416	11.335091825370177787135617109016
17.870779024658673961312160827219	15.650497890187292426844578585587
12.234554450837707761934325390030	15.463452374256190680057443387341
4.731045835655062425928463198943	17.290206255536205048883857671171
7.584270532798058184198453091085	6.865017026177810066656093113124
6.898347031455392297516482358333	12.384397308991967889824081794359
19.785601977669347917299091932364	4.878894054831109272640787821729
10.757965377530455342025561549235	8.711331125268410247031170001719
11.128354623095537689891898480710	13.785690995316040030616022704635
17.248191781083537676977357477881	14.212989380574356346187414601445
8.880021384728445710265987145249	9.236987135801680182112249894999
16.811007375413439035582996439189	11.599435856490076801605937362183
17.259382568453801809482683893293	12.967040379915870218496820598375
17.812496614399471184242429444566	7.316933228184300475049894885160
9.576174656146204000606303452514	14.420848647912492879186174832284
6.404970263821274656379500811454	4.205359612358054555159014853416
0.292534366686718172445580421481	11.584258092435252507357290596701
16.795860002898493235079513397068	11.222232066212715295705493190326
8.971590220052465980415945523418	11.037313873388457707847010169644
15.693323748571868847534460655879	10.490144970581505745599315559957
0.452549224108107495112562901340	10.152871294676609537077638378832
18.519729767156526634153124177828	16.109659334525446183761232532561
11.698917057994838941681337018963	7.651210429794137013459476293065
7.440913494645196024634969944600	17.351007090875619098824245156720
2.936921410091449580193057045108	1.470894404162757851395326724742
10.106059444353522991377758444287	11.186434637970528171990736154839
7.966299161946414741919397783931	7.342058662194416385204931430053
9.196066924786803653546485293191	3.083046603250473971513656579191
1.416052912484838444129309209529	4.110312427552330838409488933394
0.718342264449816525484493467957	16.468124907917804478074685903266
9.006003814885525926570153387729	9.598425874369249655160274414811
14.431217647370297996189947298262	9.194871073448334541922122298274
11.042352915449225037036740104668	18.995820210022735352595191216096
8.750496091374625251546603976749	12.079748057535162786280125146732
10.570500565052348918015923118219	1.969854214690826665901113301516
5.962052509350531437348763574846	4.680018292749427821775043412345
13.664576514027999110112432390451	14.940161387027771411339926999062
13.979604358345648407180306094233	14.074528653755908891298531671055
11.797934338651209884574200259522	18.985798044923658522975529194809
11.306654026665214018976257648319	16.604580308395583188030286692083
5.946013527644730345400603255257	1.580970067291083580585109302774
17.322236609397819506739324424416	2.316953642472515007000311015872
13.636088552517300342969974735752	18.691122973341862234519794583321
12.365811810732804332246814738028	10.565536459809703018208892899565
12.663175349599761432273226091638	5.796958789131997136223617417272
9.542633745479918161436216905713	6.703635340579876533695369289489
6.566499231166341488119542191271	16.936346705600094253441056935117
13.192396047316748308730893768370	3.998336455140148792963827872882
16.613079107242736398575289058499	15.649609294865644670835536089726
8.248843380304361261323720100336	11.668128909676962479124995297752
9.219736875597487113509487244301	18.170073812029237103615741943941
14.358316888568101177270364132710	18.525641569207827785703557310626
6.564932538580405818606777756941	11.123551501880601932725767255761
4.436234588971582404326454707189	2.461607395247740193156005261699
