75
16.507441759026203698113022255711	15.193067382112026564300322206691
19.337221206944633422608603723347	17.996809148283293922077064053155
17.996375376694352610229543643072	15.797454115170907584797532763332
8.502764040124846545154468913097	10.674949999983622817012474115472
19.096484765770533442719170125201	11.856752808982152558314737689216
13.037483413013459809803862299304	1.871814339765753842925732897129
17.320730559500411516182794002816	4.058018899061354822777047957061
0.311449898148154602495196741074	13.678594691175325337439971917775
0.805908814804082496152659587096	8.151086475374047068953586858697
4.659201642326154413353833660949	4.528088542974199270929602789693
2.584392003128010983914464304689	2.449261558362494817231436172733
13.259037604264424459188376204111	10.845001102503644574426289182156
7.294480375789882842241240723524	4.812644740052190783785590610933
11.958674330540270958067594619934	18.328125791154050716613710392267
2.206964628446958620600071299123	17.855988797072679830080232932232
9.144924107813405811384654953144	6.594558117518245055066472559702
11.108780993990121643832935660612	7.162765287583136242233194934670
4.666585925274159052378308842890	18.042997805799387833758373744786
3.496333092468208114667049812851	5.047498810132059254840442008572
8.416606101888625346418848494068	9.478441141544667658536127419211
9.627688984864898102955521608237	3.557493911123201790758230345091
11.744043649258427919335190381389	9.393378634423694251154302037321
6.558749364566180517499560664874	10.823030131716446788914254284464
8.644007289063928567429684335366	11.572806688389810858552664285526
13.421887998458057467132675810717	11.107268855108957339439257339109
10.516550870764675096324936021119	6.911456809699862091633804084267
7.292054686024673770816661999561	15.794002886164763665988175489474
15.480984783800451509705453645438	10.523522698880301007307025429327
12.666569194010362409130721061956	8.525216365203677426620743062813
0.846028800705296291084778204095	15.104574638269586017713663750328
0.965272190097689275489756255411	10.381702078236095587726595113054
9.444523489697868257053414708935	10.003526547462296747426080401056
0.981410809033516073895953013562	8.344756757057762541762713226490
7.203656283280762018250698019983	0.790415852004786145812431641389
18.202418880312499993578967405483	4.143809033454098234017237700755
14.738771698138659616006407304667	16.764548135806421669258270412683
10.779159523465018821752892108634	15.863090944329282905300715356134
19.804788271335176830234559020028	13.209252638421656200762299704365
13.291513415393188424218351428863	11.219901017664211551050357229542
8.658080634177590440003768890165	10.243992985064904743808256171178
11.627085614615401354399182309862	0.649499424059049701440926583018
14.033662972476648178599134553224	19.558620190732384003240440506488
10.470368011090046778122086834628	9.847159091154468413265021808911
11.101774927556901317871052015107	8.106303728455738877300973399542
10.989710603996851290276026702486	15.222569242856524240892213128973
11.231361882067693258591134508606	13.752551632686424554208315385040
15.203639780513102053305374283809	3.380833268721766593500888120616
9.361733937105487513008483801968	10.008460520607476595955631637480
13.573443398044165775218061753549	3.552883806085953999343018949730
11.885470974223204976283341238741	16.814511783915129683464328991249
8.411229382878039118054402933922	2.161093495663978458765086543281
15.323074527345578843551265890710	4.045797124589549653705944365356
9.485168557671144640153215732425	16.930854565858332705374778015539
6.725820401124089187305798986927	2.795820548716464237770651379833
5.691178702963561875094455899671	13.716542547124390694079920649529
12.334278711082971469181757129263	5.766451531757536663747032434912
14.648490460832061188511943328194	9.642905467357548943141409836244
11.158966602917534061134574585594	2.693144440756550572757532791002
0.715805550868022777422083890997	10.959408876188936332596313150134
12.853598272458420126440614694729	15.421777359268084239829477155581
0.164597277446357992403136449866	2.656975739748912879178988077911
12.871077400757643616202585690189	18.511364211712638905282801715657
11.269495358927114736502517189365	10.439577651733433327763123088516
17.043025719898768244320308440365	9.460279557021701535290958418045
10.679385894303237591884681023657	16.891317343501043524156557396054
6.397694806266125411298162362073	17.950109455643001865610131062567
14.762107249383348062110599130392	3.130351958674428836104652873473
18.292256928337540244910996989347	14.768214652592932978336648375262
15.122981690780409991248234291561	7.563626165604633300176828925032
19.166918859188498913681542035192	5.849480338043418825577646202873
3.924639160061324183459419145947	19.568948570549185461686647613533
13.493296514447401079905830556527	7.648395017976509890900160826277
11.089522853037617977633999544196	4.235534063155113493337466934463
12.451547456593278440095673431642	8.162789671830962490162164613139
15.998327586031836133884098671842	16.542156458144983588454124401323
4.670050608932166724684975633863	16.867098093846976780696422792971
14.076545190269056817555792804342	3.144950303864624707728125940775
3.040239685533136615447347139707	10.212917420417179314995337335858
16.742433751820641418817103840411	7.202763146049734999110114586074
4.772381416516761731827500625513	16.525402123959111122530885040760
15.396459493084204694923755596392	7.009004543190068048374996578787
6.073193941999278422372299246490	8.524684816177861890196254535113
1.153514916957322000712338194717	15.880888906413225925007282057777
6.550482194052412054929845908191	5.938637387499937858592602424324
11.117855667358883309248085424770	10.787119069666339044033520622179
10.897671146188415036704100202769	16.539540293669443116186812403612
2.111931200248640116967635549372	4.592158253052916805359018326271
8.176975339846984880409763718490	18.943323158547492823799984762445
5.379824548808645801045713596977	9.352377770779053633987132343464
9.170208354473247780447309196461	6.028006288616252206224999099504
13.258092647551189102728130819742	17.174474843172479410213782102801
11.327477333679174975600290053990	11.863515943824062048861378571019
1.706469384395257193887118774001	0.567999726851807551497586246114
13.222989771070603026714707084466	2.872252702391559608940951875411
7.333210092007981018014106666669	11.392535299476692856046611268539
16.426927995751878341934570926242	5.772140572049255347053531295387
7.084447069376600403245447523659	4.943048084568737898791823681677
16.376446937794167268975797924213	0.609977547101163253273625741713
2.412803510328037859267169551458	12.228284757682370553766304510646
16.130066963952373271240503527224	18.714337926479274187840928789228
12.213667348991007699510191741865	8.301185849977821717970982717816
6.612135996446975028106862737332	6.829421647167583486748299037572
16.687218007411530606987071223557	13.892340134614634905574348522350
12.402674855494607797368189494591	7.051813346092752787797053315444
2.618753141328679312493932229700	4.566682848763327307040071900701
17.177205839925115071764594176784	8.559631900676196281096963502932
13.754985105090508312741803820245	10.651495934423742539820523234084
10.773842205518521453200264659245	7.253982870930431481326650100527
6.330199292578267744602271704935	3.313674612360540727706847974332
13.968844867976596191283533698879	10.444978881192358954876908683218
5.911468830971339905033801187528	16.955701582971371976782393176109
4.851537533791925760340291162720	4.384898158440315718564761482412
9.038044006980625155733832798433	4.561138697702210365036989969667
4.676620450614515256404501997167	11.751987157421623919617559295148
12.448794244629810989977158897091	3.278016942489432317131559102563
10.506893840942300499818884418346	4.394868006160533191462036484154
6.233301604487045288749413884943	18.088082440100038184027653187513
13.451859214164757716503117990214	4.019562594620437856463013304165
4.327825083087023294581285881577	10.305617673265937028759253735188
5.164311123558925409327002853388	0.700249852751177570553409168497
2.005905068717448003212666662876	6.101477051307826471315820526797
9.678071688901415114969495334662	5.781520733952524082610580080654
15.247163880416893633196195878554	14.640301878570085136743728071451
10.812540861166997530062872101553	17.552198785802193725658071343787
9.790056790208927495200441626366	11.363563955332024235644894361030
0.019378905681351810130763624329	2.997035441109234810141970228869
3.783915190278448470451166940620	7.175130680195879406824133184273
6.281825067574838605821696546627	1.980196354584681017740876995958
15.883975932913852346928251790814	16.234306620815317501183017157018
18.038508165408988048739047371782	15.538742149399141112553479615599
18.558712339671057378609475563280	15.591081262606085289235124946572
11.488766356777116328657939448021	6.189771303433127869197960535530
7.770561499777342007178049243521	4.646563557040026104516527993837
1.264705235134170990818347490858	11.677819338739393373316488577984
18.254002676419503359284135513008	10.850835431746856940549150749575
6.770840141402374889878501562634	12.334943515982796924390640924685
6.831141663731324698005664686207	15.709146454310630502959611476399
13.475877593612548110968418768607	14.461576224122341116640200198162
2.586811925213801544032321544364	5.266910131652585036476921231952
1.216983338083688082065236812923	5.073871265927354379243752191542
7.827014415531577284923514525872	17.513729880600489963171639828943
0.857585548055441293513467826415	3.123547661163998512279249553103
4.994019016753039608147446415387	7.105893470453866100911000103224
12.644887885321486109546640363988	9.676660140515746633127491804771
0.113302603056331108177801070269	2.226705850131986963447161542717
5.170067478260736315576195920585	17.356713123751841720832089777105
12.576328190444279186976928031072	15.854231692239270756772384629585
13.044782014935822900270068203099	11.610561321431895009936852147803
7.174803027243203068508137221215	4.141646236209076015200025722152
19.291301299821373760323695023544	10.394583880929300079287713742815
14.273399717778644912868912797421	9.894923971316151423138762766030
13.391598949178318278541155450512	14.239875627763362686550863145385
9.840795746030392976422263018321	14.812545444895416579811353585683
5.481746216339201893674726306926	4.870226321788942769330787996296
8.246423471167419805283316236455	3.713587575272092600187079369789
5.577480104471117527964452165179	7.309469342009789372127670503687
8.338933338880439194440441497136	3.696369734113201133141046739183
3.188814049974702413692284608260	4.753606993059975138748995959759
8.756347020293260285939140885603	14.402827132111877261877452838235
10.790813824778581420105183497071	17.048593609517485703008787822910
7.175729333998825509866037464235	12.128640567393359717129897035193
13.513047012623603748693312809337	5.867508857386475540351966628805
7.059062612757141863539800397120	4.962674444546628649277408840135
14.289864234920015562124717689585	8.506652868533464584288594778627
18.617597541267386418439855333418	1.431922429588917466958264412824
11.182794699966258633594407001510	11.603496313738409284610497707035
2.898321659976644149026014929404	15.040257719375437872599832189735
15.442822168496888934896560385823	15.496005827512409069868226652034
5.053941984947477372713819931960	3.422783267093336689868010580540
7.204958106564586017839246778749	6.241443608936100062578589131590
13.305292435962352115552675968502	10.560901557098178571436619677115
16.029330184814448045926837949082	10.166278223073328845771357009653
18.795759730859089131627115420997	0.501813339979491956910351291299
9.342265786804523131081623432692	14.232203042692182393125222006347
8.732598257788076523411291418597	18.150695603810042655368306441233
6.940785058325205980622740753461	5.092049936842316881779879622627
3.110527950506536853936268016696	2.214626027507001104766004573321
2.511837772100554921905768424040	1.678487891332094861240875616204
7.345656059340130994428363919724	6.740165977277592368466230254853
13.852040332965930957698219572194	1.198945344103799826029899122659
7.741491837640845474766138067935	17.614564009715689252288939314894
15.927550508864079858994955429807	7.432591454575421252570777141955
11.587442422706176969882108096499	10.980854557764176959722135507036
8.686080888214569029059930471703	8.209046293102083780013344949111
14.369702824779661654019946581684	6.166031233125812249795671959873
14.317640581570973523639622726478	7.381510638453365302780184720177
19.755007478189021696834970498458	12.651408015939193063559287111275
6.439469636891942627698881551623	2.603057125828538431733250035904
12.167040002832431255797018820886	18.027442434844886065548053011298
17.796048233404444971483826520853	13.514977146039338862237855209969
14.365691669095724591898033395410	1.859178804236352178236302279402
7.989916136889396724996004195418	10.117213112736274993608276417945
5.519146296926924044612405850785	6.428073128639070432654989417642
3.928734876860380254015581158455	19.636424636161990520122344605625
17.115220827081678578451828798279	11.862874208472202752773227985017
7.330803394937060346592261339538	19.733449284002315238240043981932
16.541338406083497147847083397210	10.987620061650265057551223435439
13.802991651573137232844601385295	6.334138811256729617582550417865
9.780545857953590882516436977312	19.583530724965072522536502219737
14.697762918214991145759995561093	16.601093946846138038608842180111
9.794240737673668206753063714132	8.598806009675026729155433713458
17.381326921378605021573093836196	12.125226792201765135814639506862
4.468784632531227707374910096405	16.515681849102023193154309410602
9.330525197471800424864341039211	4.505174782074098160933317558374
0.580743148870697112329253286589	7.879144014829130071575491456315
5.331126112262120742002480255906	13.390483397703754064878012286499
10.619426104096071128424227936193	5.914956207745065697167774487752
19.239862160920850442380469758064	11.499490557681541602619290642906
8.403836791947792761447999509983	16.974343245334818419678413192742
0.664071479287832389104551111814	6.453199328440899051884116488509
3.853462324372012304252166359220	2.898159857691919860656071250560
3.100398947301656882302722806344	12.565675105866032978951807308476
2.020428655143573948294033471029	5.790022015696696833231271739351
7.332772273432723864061699714512	12.921971542733608373509923694655
8.708074337576940493477195559535	18.035766993261596269348956411704
3.705620791895506194180143211270	2.550439011946577849698769568931
10.876116189370556242010934511200	13.038920587390320449117098178249
11.583574227068623940795077942312	6.195173374050593650963492109440
12.265152271175097098421247210354	15.686301257332548431122631882317
12.567231444924020777875739440788	17.871494380074388175216881791130
11.057556751826060903454163053539	17.977782801048846295088878832757
9.459008993313011259829181653913	5.700517979693499270865686412435
0.173700104935250010385061614215	14.797181561309651343094628828112
6.342762278061916170202039211290	12.915305650829550287994607060682
4.761505161560199539394488965627	4.479162100620514230797652999172
10.801377166596275003485061461106	12.077266107476505752060802478809
11.374383063729865739333035890013	12.482413477287387593150924658403
5.648887000809775571497084456496	0.021119627996903034272691002116
4.962616883977700510399699851405	2.337434088409363397431661724113
9.360420975110566033094983140472	13.521371734284622689870047906879
8.791018715451965448437476879917	5.085095405798393031204795988742
10.722695847511330313750477216672	16.618847952242415288992560817860
11.643357630269141722578751796391	3.803807323810903362470980937360
4.912449702799988493495675356826	13.419439644218824625454544730019
15.907989531513557324160501593724	3.198586793054547960934996808646
9.228863971685125733301902073435	7.011530104271400887228082865477
2.700455359824175616267893929034	18.167017810699817914610321167856
12.546139271586097763133693661075	9.373314355044978896103202714585
11.848590068990553447747515747324	10.341030174147659792538433976006
13.323296092021404746219559456222	7.475560436571688782692035601940
11.003675163544338388987853250001	6.863546372416829299822893517558
16.641027814311350141451839590445	17.499487517259321833762442111038
1.855355300898940740239595470484	4.170784278919768439664039760828
13.317652286122516613886546110734	13.845273385676295063717589073349
15.412799684618303075467338203453	8.278248519594180621083978621755
6.675541619024579986785283836070	17.242759348240266348284421837889
3.876522320648860819858327886323	7.637538133146723140498579596169
17.376625644506418666423996910453	19.911425663622985382517072139308
16.894514934476706713439853047021	4.549960552983115746883413521573
19.761683151473974362488661427051	3.297846014966356875675046467222
11.871607243910103690609503246378	3.409670622556760122279229108244
3.777550716979725109467835864052	0.541545115889274342180215171538
8.584866924322227532684337347746	7.916084076617700304723257431760
2.623420979527208096726553776534	17.746370461364847415097756311297
6.534477106905889343124727020040	17.158333312320579011611698661000
15.473182591209392100495279009920	5.690589191054973738914668501820
0.384418784642337030277303711046	12.799194373254051626531690999400
13.204057958996155974773500929587	6.014635190642215967216088756686
5.946564576552421321764541062294	8.195865494227831504758796654642
7.105166941222351262297252105782	7.985788462315414726333528960822
0.962667743347406457132819923572	2.449382698197620555902176420204
8.168540635980344077893278154079	11.678010564676888805024645989761
2.436667033233546497683619236341	1.500188996695415610815871332306
11.643153156108038359661804861389	14.563228597826821442140499129891
13.758181483908771269852877594531	9.077054638781913098455333965831
8.104650346801378191230469383299	13.855783256868697606023488333449
10.825902875751744147692079422995	6.881294815505363260399462888017
8.286114070584002178065929911099	8.578860141120207671860953269061
13.386290013509023921756124764215	10.328979375817203489873463695403
5.909917373343230195814612670802	4.846633431324434582165849860758
13.697346780725881743023819581140	11.946665055028683255500254745129
12.702941708574568835388163279276	16.809029661726519577769067836925
5.946388589858581319447239366127	7.750156785319936680878072365886
8.138874983490644865469221258536	15.644792210778852847852249396965
18.814106713843052887114026816562	8.919330755916654140946775441989
9.427965157424097242255811579525	16.783837979378880334024870535359
8.875653804059895790601331100333	10.314453630661361671627673786134
2.582770245105072248748001584318	13.878461088352270991208570194431
5.356996168010012659976837312570	4.039594833153008046622289839434
17.706180225908969561032790807076	11.291815766134835286038651247509
1.297142159677941108952836657409	1.113216407215507075534333125688
8.322701967455564897591102635488	10.265486276199643711493081355002
10.179556996615618302826078434009	19.593626545349788869998519658111
8.013784425892561458226737158839	0.431269612231488963516312651336
18.139469280058264644139853771776	4.162339745609969554607232566923
2.617663719833613455989507201593	7.812851441968321708486655552406
4.276614615898655991088617156493	17.623959926272455334128608228639
12.954053529156801971566892461851	5.410300549446120044194685760885
9.884045277954328412306495010853	0.134763291605862534083826176357
11.564400551767324287766314228065	15.594841431920965391100253327750
7.901654459561809673573407053482	18.611681146996318148012505844235
17.069200991582764714848963194527	8.036629396050848583854531170800
0.349044665414290022908971877769	0.439174753260832773094080039300
6.910098648118768949188961414620	8.963961435458424276134792307857
4.745984883471824566925079125213	15.843000722189575668608085834421
16.137927877391359032799300621264	4.248664040734476010641174070770
7.276712368557475940633594291285	4.274997184478227296722252503969
2.947748006338113846425130759599	10.635965585291538459955518192146
1.119802544479670203259047411848	7.481770636523775053206009033602
10.059255059227453443781996611506	12.993396570721079896770788764115
