75
18.349009869342093992372610955499	7.138839261531897406598545785528
19.633193617514208995089575182647	10.559269629353490671519466559403
10.953507166111849713274750683922	2.695925509264229802397494495381
4.284371081547400095246302953456	12.163844605242935870137443998829
15.725764188593522874271002365276	18.922605075061071033815096598119
13.782518159019989667513073072769	1.005704091494436624998343177140
6.066496290228608145866928680334	8.281921930978615620233540539630
19.220278977070776704749732743949	7.942151878519243091147927771090
10.083875530530347575108862656634	18.280320537097935584824881516397
4.159655947501637029972698655911	11.179455706689045868529319704976
15.135092252320323069625374046154	15.319353559682907572891963354778
6.456481301569452213584554556292	6.986857079432294170828754431568
7.370157922260595739771815715358	15.719752449366110269579621672165
10.857741564877620987772388616577	19.732036805991025829598584095947
13.104787423736608431568129162770	1.536284619819511476634943392128
17.591443689418657214673658018000	16.053505705602020725564216263592
4.122810429649722330225358746247	12.358825774645787021199794253334
16.172636758756571140338564873673	1.209807225065704372468644578476
3.477005761538372929919660236919	5.271952119869984798583573137876
5.173119545335350899506465793820	15.422251052615191468930788687430
9.787294871157190101484957267530	2.946657197699267705104375636438
7.147812676049701607894348853733	9.760785145614404356706472754013
4.573699521514567933877515315544	16.312907705894417631498072296381
0.268990993884141715852820198052	4.399757044383955317812251450960
6.456332192844532968933890515473	16.796994209890016236386145465076
9.425942430627427981448818172794	3.538509499069164121465291827917
6.461100494429143914487667643698	15.326231127038095536363471182995
1.987554990142188060531225346494	16.012417665916061082498345058411
17.417566559051842034477886045352	12.082594916240271487595236976631
3.256880048160516238908712693956	2.052657243647732165925390290795
9.322085011858133540840753994416	8.870123133481557786694793321658
13.033590172541895668700817623176	0.696172104879890341067039116751
0.029182166375518292511515028309	17.316281893564770655302709201351
3.625657265222996805675848008832	4.940284800281400379162732861005
19.956861419589287720555148553103	6.072930201632470215145076508634
6.790810628774201163082580023911	8.633981192839781826364742300939
4.091662912258225759387642028742	8.963647270308261028048946172930
16.422836340855919701198217808269	1.105940158151037522316073591355
6.374839948184405358233561855741	6.650420190791574093225335673196
16.839242148339295113146363291889	3.816816023343036157200458546868
4.640860192588354138365502876695	16.946818581798432035157020436600
7.484647350987367886432366503868	5.156831342644812465891845931765
4.897121919816107116218972805655	17.522164987571926531018107198179
10.611984761417915024139801971614	13.807152682746345107034358079545
13.057869801266102527392831689212	9.880452141524910913972234993707
5.492317065317005031488406530116	6.963012308178852194373575912323
10.183507413326406521036915364675	19.417516805944210034340358106419
10.515338575526380182623142900411	15.581733724070508273484847450163
9.578887421390810175125807290897	15.934681133916658524185550049879
12.179250710008906466441658267286	12.861230927579031302343537390698
16.646531757277116980731079820544	9.399973478249059155587019631639
10.047192909708391184153697395232	9.636683958817403805596768506803
13.888141678114171995161996164825	4.113390643396572343704065133352
10.347627680107375880425024661236	9.214613305903089468529287842102
15.325544564549776538342484855093	11.120771876077691686646176094655
9.213273439796683561553436447866	15.958285737877918819549449835904
9.721659078551775579057903087232	15.548244294446783797525313275401
9.336532673777323765307301073335	4.222020835582736886237853468629
13.725612211310545873743649281096	8.031282848141827912513690534979
0.066773834190204439664739766158	10.073602489275996774154009472113
14.063320494213789046966667228844	17.406451538570074433209811104462
8.040933301068401206634916889016	9.813280889984456578645222180057
7.017538184659688482724959612824	13.361937422738510150566071388312
4.120860444695887636612496862654	17.457419836690448278204712551087
4.267147792460334265740584669402	7.341987243020040132535086740972
8.256343847746627773176442133263	2.741436631393320055849471827969
7.870526802902015006679903308395	10.337164212372712768228666391224
1.170154089959662968567499774508	2.477545361600722806372232298600
6.124273073405056777573918225244	3.414371423887523349094408331439
3.304870076923122290679657453438	6.861024502515837397709219658282
5.139081310064132601667097333120	16.839908098434513306074222782627
5.893533165424891251404915237799	3.443467249835923560397077380912
17.909228228980836661321518477052	18.115616835446758159378077834845
8.727013864500756668007852567825	4.104191158347830103991782380035
16.366399532341795008960616542026	16.683703367989018317985028261319
6.933375766973681741944801615318	10.707249683691493657988758059219
7.040378085435075483644595806254	10.764925531789032220331137068570
2.126043263422686457886356947711	19.684483577236896678641642211005
5.987688632467885518906314246124	3.961208838054471215173180098645
7.690150773781811111007300496567	8.149304197854572606729561812244
13.305344560760985928027366753668	16.479425163090922978881280869246
11.350066547567756458647636463866	17.431640495689084247032951680012
13.598797096552523555601510452107	0.661661755658707662064443866257
14.330979404296435575361101655290	2.590037649593099899902881588787
5.634819120461258989962516352534	19.331391479616605977298604557291
16.548501246196803293742050300352	7.807974221594299990556464763358
6.621720763911083551533920399379	9.528137888811682998380092612933
8.030503879068671579943838878535	8.832685101648438674715180241037
11.637980353189469440167158609256	6.861788906129897114283267001156
3.285272748494312722300492168870	4.404930666420192153509560739622
11.029738702329739297169908240903	8.769523101012628885086996888276
10.318666933286664288971223868430	7.283769482773242209816544345813
13.547329500752059772139546112157	9.976117522524033276454247243237
19.794486665092641430874209618196	4.277140616050121302293973712949
3.015329507475939863070379942656	12.003061232296095894866994058248
16.132938193041173491337758605368	19.867164197087848975797896855511
13.644139170331238020139608124737	10.925356123554260889818579016719
13.564406506007607333685882622376	9.565824683925772120574038126506
7.355144790733211479505371244159	16.267104722414295281396334758028
19.183695533752143091987818479538	18.247682130497640429211969603784
9.721242552776184098206613271032	13.600931903959544655435820459388
2.366927599527962833292349387193	8.227829509738313618072425015271
6.179679769503445996292612107936	12.526706596988615771692820999306
15.858716720549733025791283580475	0.864785984477045133189676562324
12.968651751449005615768328425474	6.536898832594952857277803559555
5.237803811199034598189427924808	8.698563369110255294458511343691
1.021889114686688415645221539307	7.840755017372215363025134138297
11.544810953386560825606466096360	8.192004956391851777652846067213
8.441157971640864232654166698921	6.235664773813475392216787440702
3.691731175469905146258042805130	13.158241664713667518071815720759
6.220244668908176066679516225122	7.171222719322106087247448158450
5.149335285714389698341619805433	10.657684261304547490567529166583
6.384075091561633108483420073753	8.126031422477757004685372521635
12.527548922194219116477142961230	17.098369372292481216391024645418
10.643902139362372949449309089687	15.665922899432729309410206042230
18.603655929782480171752467867918	5.853834779032840884838151396252
8.869093714301865105653632781468	12.769308005436226238771268981509
7.079409148479261837394460599171	13.200344346522504324070723669138
14.734947120963717281938443193212	13.043784813761019947264685470145
10.934124799681011808161201770417	4.727684936010228433644897449994
4.401718264139079295205192465801	10.610993330476894414005073485896
16.844202793312437194117592298426	9.057779963094551689550826267805
12.945106423391592898042290471494	7.295045820034271599752173642628
11.653013945722568323049017635640	2.944469895004936610405366081977
7.878582980350295805749283317709	16.343771511231445003886619815603
13.589912785451298660177599231247	4.407366860600103741774091758998
16.368180019788120205248560523614	6.653931080975395317977927334141
4.895074845739153523993536509806	2.673178770543737314824284112547
15.662851335424811338725703535601	6.841826387647740759234693541657
3.636214662495211413784090836998	7.667136566886874504689330933616
4.472222324877966670442219765391	2.548322537577805135811104264576
7.560945265279121585422217322048	5.197756564165682213740637962474
6.154131867037452963131727301516	2.350987579430364959875987551641
16.676214031093383738379998249002	8.961709512180130232650299149100
16.771361376117340569180669263005	8.086555253749585503442176559474
6.167820539959743442182116268668	1.466998498506407955233044049237
1.967008227278549625793857558165	3.625502302754876282619989069644
11.882172843121708183389273472130	12.011485800254105171802621043753
16.567308880907638979351759189740	18.220742554232408849657076643780
15.829197120597296333244230481796	17.023342221524522699382941937074
0.093395599027520148638359387405	7.427538480726426861622258002171
5.853271038555646121892550581833	5.742988651247028286661588936113
1.652823789823028022283324389718	3.009165985423612355020850372966
6.497789251108027741565820178948	0.004447562297599461089703254402
5.156302853110347861331774765858	4.813613706160620786533854698064
19.105077496727233210549456998706	9.413345441409726177539596392307
10.801477896566819225654398906045	5.553930975438559514145708817523
2.907288635004415588980464235647	11.567000495945496396643648040481
9.512332026702249976324310409836	6.668277869127281931582729157526
3.492592526992520873818648396991	12.640636740297688689338428957853
14.687196795181097996874086675234	6.317603336256115476032846345333
4.824104854378606255238537414698	10.416943500798799604467603785452
15.192574396711462370035405911040	12.616831746145924952884342928883
3.993702717982187344603062228998	1.855458751339725154139159712940
13.509657143585192429213748255279	1.818314104613348192174271389376
11.824247915393886643187215668149	11.969897941868087087868843809702
10.702863564879534052920462272596	12.804889358463871218418717035092
6.096505840059279535125824622810	5.444671957265637907141808682354
9.533756905620107247045780241024	5.936976691720767362880906148348
5.201326436612037973361566400854	12.354038227826013240928659797646
9.736980732984822139997049816884	4.957565634636994289508038491476
11.208175068711359045892095309682	15.450578098997613807341622305103
3.551695448622685269413068454014	15.796013496559572431010565196630
13.878792442398129480807256186381	13.783799540205428968420164892450
7.471832097778302816948325926205	13.096451592986211309721511497628
3.487938304720780813283909083111	12.109099166039374750880597275682
16.749181321942227640420242096297	12.078899309699773212400941702072
10.160643460697839302042666531634	0.162068892187187785225432890002
12.278039145657235309272437007166	14.581805504476651691447841585614
19.120875417349942892997205490246	13.134448211188708199870234238915
11.249099106880782628081760776695	4.160905062820310362781128787901
8.079446447756904348125317483209	1.319598156484714124303536664229
14.348093899042334342652793566231	18.624602517033096660270530264825
6.188428600183124572708948107902	13.717473382026373229791715857573
15.091439943491764097416307777166	11.736154569204739317456187563948
3.438140568221686343974852206884	14.441244315094300176838260085788
14.364347238849887844480690546334	7.124024760430445191161652473966
9.301951953968453423726714390796	10.530001576779463690058946667705
11.712458476524005845931242220104	2.318227337033210488925760728307
17.640549067211786393727379618213	4.819312141555998074693434318760
19.557882827194084995880984934047	18.519164057052691418903123121709
16.606449474030618773667811183259	1.727502103514252596028200059664
8.530789380218623207952077791560	3.618416135372506836631600890541
15.294345703308643180662329541519	7.235716532797367150919853884261
11.983801299865541878375552187208	4.665054621945854407272236130666
14.242984112855396006125374697149	19.966265400980077515669108834118
5.591066168595057561674366297666	11.614391488421738074521272210404
15.395962250642192259419971378520	9.399240939482366385959721810650
16.640701352461377382496721111238	19.545495723777314367453072918579
0.750389644082950724168767919764	5.401386299963264470136437012115
1.925691238290891504902901942842	8.616712258202317897826105763670
14.893197485478079755694125196896	9.003588444382824462763892370276
9.973533090873546669286042742897	0.595220691099569876314490102232
8.486988075095288408533633628394	3.630534589973273718044310953701
2.013346940031514265001533203758	1.438497808773423258799084578641
12.085973370514121683072517043911	16.933625681780949179255912895314
8.721328343947094552390808530618	13.868094119775921768678017542697
1.027642300931793428730998130050	15.751862911414459489378714351915
7.101628074192142037190933478996	2.857443545421455510791020060424
17.111541516804770424187154276296	15.306752951798653583637133124284
15.157686492866542238289184751920	11.606178463372812004195111512672
15.738982350612548799517753650434	11.983057603504574828434670052957
17.776605497107556885794110712595	14.110245228962789099114161217585
16.817076792709215737886552233249	12.448248811421391835096983413678
7.989428912288607520508776360657	6.119428190360824082461022044299
15.554863446853982367201751912944	14.484856242342674548240211152006
17.775924375716584791007335297763	4.943894600062483490887643711176
9.076319854706779821640338923316	12.210048206741882736992010904942
9.810092686178153442710936360527	14.292573307715487729296910401899
9.339154983541146037850921857171	15.685260646674336726391629781574
10.729605713999797345081788080279	3.496503355812227376020473457174
8.872282590967392579273109731730	9.186345441844157022615036112256
7.112034421130998929072575265309	6.062987683514609038581966160564
15.776830717222278366307364194654	5.393521662185584375492908293381
11.075401823962462088957181549631	10.937486749604580893446836853400
6.223002937942645473867742111906	8.054151645918281587910314556211
4.445257452868103698051527317148	2.335817629154473884511844516965
16.101003886917244045662300777622	13.988940718814864894170568732079
11.421717847557031788596759724896	3.984255576564126322125503065763
18.135264996410782600833044853061	3.540444868206443551628126442665
16.680350230770653041645346092992	11.758088049598287128105766896624
7.436135001223975748985139944125	6.102241583545716885339516011300
7.477096730055230899836260505253	14.105224546492795667518294067122
6.716826491464607862269531324273	7.190752396021629522238072240725
12.358689442463974828001482819673	17.221352795894844689428282435983
15.683653422662565901646303245798	18.541608221215000185111421160400
16.171953922522032343067621695809	17.693095171371552964956208597869
2.185779331899524891014152672142	9.626576055805415421673387754709
14.098102865233109071141370804980	14.725749703578170368700739345513
17.135071846193127953483781311661	10.206481273738035042697447352111
13.809071803137035416852995695081	8.284444231809040104508312651888
14.461991504521339635402910062112	1.979265387048215529830486048013
10.541556757037543690103120752610	10.380802560688772828711989859585
14.421565475107446019364942912944	7.357804652230461428530361445155
19.964785339468569702603417681530	3.859656020589631530981478135800
4.782206134689019449979241471738	15.539203427677719560051627922803
8.317448099858548715701545006596	14.336650525215915763510565739125
3.269908664796465913582323992159	9.659699435620249019507355114911
5.897300364304643771617975289701	18.658467365564899154151135007851
5.905479872769658911124679434579	13.458312079615097900386899709702
6.948572703614789958237452083267	19.853540027231083797687460901216
1.767346282295477521984139457345	5.374188903908285297461588925216
4.609099909747540912974272941938	1.325148491316593180044947075658
5.032218501156457080014661187306	0.276395184119946790701760619413
12.953564114285738284593207936268	14.177264247447627809606274240650
9.274512986356381105679247411899	18.280954040809483274188096402213
14.634574535016440677281934767962	6.392612901724529450575573719107
16.870550991181907818372565088794	5.224555048044424943043395614950
2.642432620075151561422899249010	5.995307029630697392974525428144
8.471658730308741169778841140214	19.360138810709919710006943205371
7.023250561946737136054252914619	4.374484168730700339722261560382
3.151642830647209514438600308495	11.272408684526391553504254261497
12.564567412754854558443184942007	3.734288560708121096354261680972
12.050554341973429117729210702237	7.900223265678899764452580711804
6.720660413640878516616794513538	8.041220500209885102549378643744
2.847889610905872892487877834355	5.629076284625688764151618670439
5.559778260579328446056024404243	6.648050345989489962050811300287
16.524683449054922590448768460192	17.401376034173487994394236011431
19.507953301778350407857942627743	0.428199676749565938393971009646
8.883798444295550211791123729199	19.281932798655240901553042931482
3.607086279341964463185377098853	9.099860258071506891042190545704
0.890722597976488117410553968512	9.534062648928454564156709238887
13.136060670386939364107092842460	17.438159326593890341428050305694
8.779111979888615024947284837253	13.574585070362111594022280769423
15.046597350892271904854169406462	6.675883852428913911580821149983
3.492090272420409924336581752868	15.702483811113697953487644554116
14.412658167470320691450069716666	9.660793470728025411631278984714
3.093417702937740543234212964308	19.403232276907758091510913800448
7.141110923120627340665578230983	4.958079151545933704881008452503
11.842497125368446120319276815280	14.958461813188097977445067954250
15.505777259584702321149052295368	18.234776849247598562442362890579
9.038288692278310776373473345302	19.376101252501051419585564872250
15.006567094813325624613753461745	6.441977039578231867267277266365
4.281270910765088366645159112522	12.093940892610408610607919399627
13.079587832370204836252014501952	10.434681057772820622631115838885
2.464834443840864253161271335557	12.811954119663480966551105666440
17.511317099312055489690465037711	4.182280487758209375215301406570
11.646234324701785212141658121254	8.649553463821657572907497524284
7.063502827810736128810731315752	4.532953280060249667826610675547
4.901192603143581294489194988273	10.438675157994827813467964006122
8.351694601235683634854467527475	4.861614256544086742906074505299
15.139059310829855675706312467810	5.255902392234275133375831501326
17.807802083687331418104804470204	5.614042284202494847988873516442
14.339746739857709201260149711743	17.545728935962038974594179308042
16.265423225888461900012771366164	1.753929923281573266535815491807
10.368854829384037685713337850757	13.570001576799164411113451933488
4.728956888778660605510140158003	13.440326542337736270837922347710
8.929906955103898980041776667349	11.242600345469345057836108026095
0.339889547489249821410339791328	18.208756921971517073188806534745
7.161772980289145884569279587595	12.100848724562018432493459840771
8.129862170210863325792161049321	6.568421586030357417484992765822
3.029015457071395189814211335033	4.901492791317038744125511584571
14.653039469280946249796215852257	11.240340654851156187987726298161
16.246766173771433727779367472976	7.147811214557446390926997992210
10.735009481116634333375259302557	19.808084917998847629405645420775
3.432628821022409404406516841846	17.504942812196254919854254694656
16.903072439579798214026595815085	19.263829914075596860811856458895
5.555537806246640286644833395258	6.096642637392662322781688999385
12.483410615774568341862504894380	5.599924535109908951824309042422
4.617076704285334898258952307515	16.853900639010056750066723907366
