75
13.929708803365647540317695529666	14.915192801521458321190038986970
15.355953507968823856799645000137	14.345177562554161099228622333612
19.186512640714024513499680324458	5.013851325909067568886712251697
17.029914727472622359982779016718	10.220645731151456914176378631964
11.945721094521411842492852883879	13.109932400688945719480216212105
18.659126638497330219479408697225	17.429604808373948543476217309944
12.372093996207819799337812582962	15.779053239509510220273114100564
3.449651605360488648699401892372	8.919546732727596349832310806960
9.050843334202742340721670188941	10.712608895484477145032542466652
2.609771419794617131060476822313	9.622860423673889940232584194746
9.589164497154614608120937191416	18.476902428320535420880332821980
2.253588561304609605429050134262	10.119069721719919030533674231265
2.546201217722292131639960643952	10.648066472884522681852104142308
18.764802411764598844001739053056	11.091589250314923376095066487323
11.759127446235067893098857894074	18.540957671684193286409936263226
12.515850470102725111587460560258	8.048612234685496247266200953163
12.383389272637234768126290873624	12.507129687228685455124832515139
7.601002084644664869017560704378	6.186311569149221867291998933069
8.113261909362295298819844902027	10.777406781173541006069171999115
10.408356967705264750634341908153	12.461207430567068144000586471520
3.740279988311271175405181566020	10.855356569623054951989615801722
5.010406589589853965094334853347	11.872286741053969194581441115588
5.838248608926589255929684441071	11.738501689107337710993306245655
13.158844217497758677382080350071	10.930853963568129216810120851733
11.586253700565965374380539287813	10.575218364338354604115011170506
8.556231596128389682576198538300	3.969548180085707755893054127228
11.727039776515002955648014904000	11.382447692542877248911281640176
7.474802000470421425859512964962	15.796074782974944383795445901342
3.596255910670616895430384829524	17.841211411819475785023314529099
4.748475432529343898124807310523	13.954989657443547912407666444778
7.042103594699223201303084351821	13.198054826617211077177671540994
14.382251485720994210737444518600	6.052721126073547175394651276292
15.740312014243473370811443601269	14.903509300169396567525836871937
18.717403022237881771161482902244	12.170696089627170977109926752746
18.021923324268094290800945600495	7.310091663713192744467050943058
8.161309223806206603057944448665	10.547902282381052430082490900531
9.071544226227828744413272943348	11.777492791941808647493417083751
9.486865728538713682382876868360	1.922366569996705631950817405595
5.402005047778536628300116717583	9.512077349295115169525161036290
11.777453588336447509732352045830	11.189067891926953279835288412869
6.403691653480409584631161123980	19.634934402277291809468806604855
2.082053849752946383944163244450	19.992711656608786796596177737229
9.946475720650578722370482864790	9.352302618776446863080309412908
9.934031031902406994049670174718	14.557681780755139300254086265340
9.995719756454922944044483301695	15.058727411391682693420079885982
9.949677043071398330198462645058	5.342350609969015451383711479139
16.850595035045166980580688687041	12.868198934009393852306857297663
1.004392961952032647943156007386	7.083728936235387685371733823558
11.339018230543029375212427112274	7.058676464788899984625913930358
15.436461635936087333220712025650	2.577256247933716437614748429041
12.040717023744702984799914702307	10.469541696818108533761915168725
9.990619714636631343296357954387	0.795863514962649398754024332447
11.320983845562032854559220140800	8.078300669352344698381784837693
18.706210751868642461204217397608	12.228524297547462396096307202242
2.363311242837884407208548509516	8.828773409099824220902519300580
3.938113463572722849903584574349	4.431651139140883266520631877938
11.607171218264534573449964227621	10.785459974822959594575877417810
8.363356220916172034662849910092	13.639290172716020066445707925595
6.353755745876780380854143004399	9.117703825598042044475732836872
7.212103427624738216650257527363	9.356560734457397998653505055699
8.408351681163448887446065782569	15.408373176818663807807752164081
8.238111948637344639223556441721	6.576889908356805314326720690588
19.008831772182695374340255511925	12.753685894659268384998540568631
8.241725451790541612240303948056	6.930672626477287323609743907582
2.113127520841856732403130081366	16.753891303258377831753023201600
10.331271388988405135478387819603	9.660184364508964449669292662293
17.934612546847020553286711219698	10.603781951061359123400507087354
12.731671571843531154399897786789	9.917475906687977627029795257840
15.391205074553312215357436798513	7.650194697798112564157690940192
4.430620113495149503535230905982	17.717202117609794242980569833890
17.859742620481075192628850345500	17.551588444779920195060185506009
2.770296232990677509633314912207	8.973686140663053478760957659688
4.871078901481557643649011879461	4.594308427347280066044277191395
16.643896792083129554384868242778	10.739651970876021636058794683777
14.393213683985599971038027433679	15.801738203243210989512590458617
7.623191675707198911027262511197	0.903986222235048764162002044031
11.682561232869538514478335855529	12.010873973046663820696267066523
17.113950804581453013497593929060	13.135440865668165599799976916984
13.977827450218077487420487159397	6.564678121158391554956779145868
7.794281306440828949178012408083	14.111012695167795882866812462453
5.783717682070974142050090449629	10.876651530156497216239586123265
16.116027627208936223723867442459	12.059162037006398549010555143468
13.391794043609952069573409971781	12.236206422881370059485561796464
13.324794304642194830989865295123	12.069027872005717583192563324701
13.687404688940178587586160574574	1.617480192302300778806056769099
6.925929174226838291872354602674	12.911234359584513597951627161819
18.478498553358896572262892732397	1.207918493633475032211777033808
11.120787773575791845814819680527	6.397740001135653997721419727895
4.919726390549790551176556618884	9.079273365126145023396020405926
11.307493715406438994364179961849	1.070374493691586437194018799346
0.663995485865902734801125006925	17.592403474624621395605572615750
6.877028945062993336989620729582	11.295451633227715504403931845445
17.199832702332823686219853698276	4.921136596265561991003778530285
16.161803976547631123139581177384	17.796224028073506673308656900190
8.981476848302595072937037912197	11.481582272484363471676260815002
17.579633502893393881549854995683	4.753764786079795356954491580836
14.883722695548069481219499721192	7.554747111844744011932561988942
3.512392184422132856980169890448	15.924502900363519231063946790528
17.759155867396643202482664491981	4.452009699196359804318490205333
12.405887467637683130305958911777	11.707886894479811346059250354301
4.407458368463964326622317457804	6.504390185837597648799146554666
6.950546619376005708090815460309	13.192339345857675425577326677740
19.528694954419044904625479830429	9.626716985740824128470194409601
6.753475465846213943166276294505	5.594962568675478919999477511737
15.614988700921994535519843338989	9.526332400995396909593182499520
12.637025845475346130797333898954	4.203235333414840013688262843061
8.324695254369293806462337670382	17.923565770144755049386731116101
17.654120113761422317111282609403	7.875427856674789062196850863984
6.919137191640210460263915592805	9.711553798845757867752581660170
15.923725165086263899638652219437	13.616346466792016656199848512188
16.629966243434644468379701720551	5.994647839763815433400395704666
11.267574081880631808871839893982	8.818509838723507243685162393376
3.054771785187418320361985024647	15.604332432357352899998659268022
13.154376149203473644888617855031	10.618470621452287261377023241948
11.368649705744937605800259916577	11.829301081685294150247500510886
11.353783100514180048890011676122	15.410460472750891369742021197453
11.449197900535981631264803581871	16.297583386915537317918278858997
5.371201558741464765489581623115	14.551708393016063780578406294808
12.261633172771835731396095070522	6.114746796107827009336688206531
11.532368997546054600888965069316	1.471902466922494712164848351676
17.038654745169655058134594582953	16.640879548679563981750106904656
11.890975950982895170682240859605	14.868487364212992218881481676362
5.644607525835768413458026770968	8.105440762833461931791134702507
17.768740886887815833006243337877	7.086165939814542902297489490593
13.095002239816370348535201628692	7.646416398042298112613934790716
11.013956000319643280249692907091	10.333358245607762171403010142967
11.698327275471100961112824734300	15.299411474139217759216080594342
15.983371862891656789429362106603	18.278628865828892458011978305876
8.684343213878205958167200151365	12.348224755433237831425685726572
13.932414569029941020517071592622	16.763892200481539163092747912742
15.800036416710151243592008540872	5.870537616525432156322494847700
14.384459447663969555719631898683	12.064316987008000481296221551020
4.400456897626085606134438421577	0.942688322458744343279590793827
10.836191731002671190253749955446	18.050422045444157959082076558843
12.926053776414617502155124384444	14.684632569944604085776518331841
9.177513142210491636774349899497	7.223631561598537587087776046246
3.161938706684732647289592932793	11.091954454409384211999167746399
15.521006447951036122390178206842	14.735411177330531629081633582246
11.390279971747867548970134521369	10.724668295988768917936795332935
12.109285451306460501541550911497	11.198286908628569236157090927009
10.501504640402155033029885089491	14.985861163609007107311299478170
1.641116069651944897600515105296	7.067683085302602918886805127840
8.085219837288562416688364464790	8.763748111521598715967229509261
10.863572302857857465596680413000	11.180614633482450770429750264157
4.664186095609641924397692491766	0.252645721944690704319214091811
8.928817983075665765113626548555	12.731098196982289394441067997832
5.743904984077005337894661352038	7.020403638335091400790588522796
11.103656979082945355230549466796	7.630804702277449891312244290020
17.779821766114647374479318386875	5.923031284760321923954506928567
6.684850456866508139341931382660	11.133036330876160846514721924905
4.277479380080280613185550464550	12.116211035994925993009019293822
18.694352037761152729444802389480	16.713658660894441965183432330377
13.174313568628500448198792582843	8.944741440935299436887362389825
13.444253269842501907760379253887	0.649972525010426016578435337578
8.422291637690589638509663927834	0.067487933568535884987227291276
9.747045151840525889497257594485	11.661621459974435666140379908029
0.550404485065122184295205443050	3.693809960048148877120866018231
8.303076392970199393062102899421	10.542081041373933203431079164147
8.284078008137450765957510157023	16.054050168522415731331420829520
11.029558543560863625998536008410	15.672879174840169014260027324781
15.792222975191062772637451416813	1.323408623975424358576447048108
1.421368560292292082536391717440	8.263778893539834413672906521242
12.630701440793908219006880244706	10.103207543731615558613157190848
8.896409693419595754448891966604	8.158532111351149751499178819358
12.769575476645471212577831465751	14.536262461528220768514074734412
11.577511577252527885661947948392	1.664922431854085393965192452015
16.083996508223727062159014167264	10.894832315751768803124832629692
6.062325609021471883863796392689	8.922502025686053883646309259348
8.888439437429381584365728485864	2.041522412843963074635666998802
0.477534438069439293172990801395	7.560708920032259250376682757633
5.453147740508787144619873288320	15.072870855758159436277310305741
6.907452059485188478049622062827	11.209573513318096260604761482682
13.367643351175024335475427506026	10.642768785328749814311777299736
7.589778101318723102508556621615	4.111796167155656434033517143689
10.011735928207802004408222273923	11.572565042168431403979411697946
5.524802742319456783093301055487	7.619558312991441262340686080279
4.629749859713560233842599700438	16.833689578599123848334784270264
14.641454524701604356096140691079	8.245333388802375651494003250264
14.003529756826139873737702146173	12.555362684406571105455441283993
8.262701094823455605364870280027	19.518355241426863955211956636049
8.849539010138665062754625978414	14.292384184640591016091093479190
15.767170708679648427619213180151	17.042603150386455013176600914448
3.129952063766509251507841327111	9.395121465858645493085532507394
17.774850946044303157123067649081	13.090838039554682836751453578472
6.427408236310707678740072879009	4.101467384126125992338529613335
10.866899595347522478050450445153	4.066682381348795338738000282319
10.440737109183467978823500743601	7.078298314658043821623323310632
17.941943639940404864319134503603	13.114075280941772660980859654956
9.295849823661765043425475596450	10.945037566959907593400203040801
4.874214482632008405005308304681	6.634373447362317932629593997262
16.185948925460529324027447728440	16.081357026946729860128471045755
9.549498018750659511511003074702	8.121439988122816089344269130379
7.904072636750334446276156086242	12.861487526803010439380159368739
15.928049112390684882711866521277	12.057521506668910760140533966478
17.227836984532125086388987256214	18.236787247576835113704873947427
3.519753969607230192906399679487	19.167647005843100771471654297784
12.621925316848029652305740455631	8.766407686841269253363861935213
12.083359310485631610276868741494	10.199393754558345293048660096247
9.603311796889766327467441442423	3.549610775515255056689056800678
8.138841216019127244862829684280	13.509244551479678619898550095968
3.155434523378417122074779399554	17.127011402994590127946139546111
17.401735989417467465045774588361	18.613214401462023772637621732429
10.571138188481052466727305727545	9.448635647918864677308192767669
11.098036301406168036010058131069	16.133946205288431485769251594320
4.245112617528179477233152283588	9.937607762419437662515520059969
12.112676839872731804348404693883	8.093244106599195575313387962524
4.633678368721063201007837051293	9.581905721958438704177751787938
9.900739464067088491106005676556	10.822994595182125365795400284696
8.168100537591808318893527030014	12.567832927821712019067490473390
16.414901157159491162929043639451	3.507234744899606404544556426117
11.624371556863883014898419787642	13.897351984134683533511633868329
12.723892457838022806981825851835	11.194968774869249017456240835600
11.965313815730825197647391178180	11.529660874365410094810613372829
7.030623904345132402227136481088	14.584546042269124654922052286565
8.855607698169908559293617145158	15.911479143210513598205579910427
3.778964709929999887805252001272	3.432657505568855960120799863944
4.642922193070837977302289800718	3.157482318056386016991154974676
14.859230576552450386884629551787	16.204151241670235350511575234123
11.439000270321777463777834782377	10.467354062569185657594061922282
8.360518026640969324603247514460	13.996298851476463909193626022898
8.434273681720371840242478356231	2.574899803690675170741997135337
6.682067473550104885759992612293	4.639694186866509362232591229258
16.475239571895958334835086134262	11.026378776693608330106144421734
7.349141279450825514629741519457	19.367415462035474149615765782073
15.100141441283968291031669650692	6.278613783287721794579283596249
7.372997017099030436781958997017	19.190680474751864892368757864460
2.641023743013426017256506384001	14.663398896565615459053333324846
11.293115579126013159338981495239	15.160383473290808709066368464846
7.902185121169478243530193140032	9.838170807982486110176978399977
13.409442764958329874502851453144	9.562459603394266594023065408692
0.013368802864484941039791010553	18.458076745059475598509379778989
19.740460699203136840651495731436	5.702227916384641659419685311150
17.371135537433193718470647581853	12.927310728175829268593588494696
12.785432052760064891572255874053	6.657653373018985298870120459469
5.089065362017215043977103050565	3.725550092656790379663789281039
11.140730951692354722126765409485	13.422255908048846606561710359529
5.502559639454537077085660712328	11.903640531357062570805283030495
8.280689338893290951659764687065	10.596942661927247542053009965457
4.726981728741739274823885352816	7.854242871286590599311239202507
10.430827201344037291619315510616	11.531315245454020868010047706775
4.470341485135199910416758939391	9.728448764775235346746740106028
16.282971110351933674564861576073	3.370850336779360745254052744713
2.878622762741030349786797160050	14.188472166290722498160903342068
14.873249185554849205459504446480	12.541433868635412096637082868256
17.274390203535666898915224010125	14.472873487785737012245590449311
8.023484865511159469519952835981	17.508625891557251463837019400671
9.602938608280794596794294193387	12.373338525615215743869157449808
3.483924228197520900351946693263	14.781003552340402862341761647258
0.589610839248444484894662309671	8.070565866859130466082206112333
15.074343328532263441843497275840	19.438379049082112004498412716202
5.843554985190875683542799379211	14.362069240634097511133404623251
5.914429172192142480923848779639	10.076054420917813558844500221312
9.100771378514046716645680135116	11.518245287152508282702001451980
5.962216181747306720239976129960	8.531031956850894104604776657652
4.855396370711869913350255956175	10.116307987049520278333147871308
3.651681403836132044915530059370	4.986317601984324276997995184502
14.050979270295929524081657291390	16.856495034644058961248447303660
12.751057309556539820505349780433	12.699300690336123409451829502359
6.111226705006410853115994541440	6.964649182976430985547722229967
7.868735899783261267259604210267	11.265384391783701545364237972535
7.275229730499066960192067199387	11.244107860595363490574527531862
3.896687897191731586588048230624	12.104745681272419233209802769125
4.893009996517350579381400166312	0.693900803744113892079781180655
13.178616524089866501867618353572	10.780751526900891335003507265355
8.766312761439454703804585733451	13.303001404062685608664651226718
13.801611351278328498892733477987	17.165658611360626650821359362453
13.208457399045489211175663513131	7.769689722582603153000491147395
2.476067329614084489008973832824	9.059811703223703105436470650602
16.291112341657200346389799960889	12.814971691789160956886917119846
10.485277601392020585535647114739	2.405806805092500333387306454824
17.585094097233813670300150988623	3.761062279654656670402346207993
12.809381366112008393542964768130	4.906454133942846240756807674188
7.114742008548323504157906427281	9.632946036286876179133287223522
8.819169100872063182805504766293	10.575911276354565515589456481393
15.594975547822532035979747888632	10.580958148016749831299421202857
8.735253222794307603749075497035	5.639418545125616688551417610142
15.576456554450365032948866428342	14.594363548803205077319944393821
7.532536210475001325903576798737	18.749451332103614475954600493424
14.489137440675687429347817669623	8.179651138768017304414570389781
10.230526450291186790764186298475	9.069678730639832764381935703568
11.069563976650583114746950741392	7.572928574823594161102846555877
11.791967921714574529801211610902	0.315554428761686489579574299569
11.277523303864228410020587034523	4.675746605664447663741611904697
7.600040747239722449535292980727	12.379740485081519807408767519519
12.635903325882845038563573325519	4.391886017650356244246268033748
14.554804874496094058144990412984	13.623782600847093249285535421222
0.836812820466587670154012812418	4.729827254521632440287248755340
13.923057578221653685091041552369	14.965202955122139272248205088545
11.025033448445313410957169253379	2.668523492710100697422603843734
17.916101142307883975490767625161	6.553153219998511858079837111291
3.164483078336952193154729684466	4.341472601115556884110446844716
1.677420344663032913956612901529	8.608378101384067448975656589027
8.330235902536411884966582874767	12.929804063294808358364207379054
5.957137177258577054317356669344	9.393173950190147891703418281395
5.241199012054437389451777562499	11.749514023818848684754811984021
19.499408250528809105617256136611	12.755503997494551882141422538552
3.210846773223813954700744943693	6.602464329105131923824956174940
9.388717775720904157310542359482	11.801799948341924917372125491966
16.224747118945508361775864614174	14.345520339492694006366946268827
7.678011341307717785298336821143	11.973509076110723015062831109390
