75
14.317858157150110898214734334033	1.186556940010109251204539759783
4.696131532602378477747606666526	1.902677373992792020374054118292
13.256734256182840070437123358715	6.437071632081329042307515919674
17.820821392056046761354082264006	7.385876157714361234241096099140
8.413767902987192570662955404259	9.323308098975314095469002495520
17.331833966874540919889113865793	18.118119333397537218388606561348
13.639355011215986479555795085616	10.447821849303489116778109746519
16.544125331565290082380670355633	12.724546821818451647345682431478
3.259141613040463347772401903057	11.077452628847565208047853957396
18.039254434468904975119585287757	13.605612870188132035309536149725
1.416770935279795917693945739302	7.860730483941209101317326712888
2.402773103236122587134104833240	13.554479140902357059417226992082
15.045528989951353793230737210251	16.473555071137383265522657893598
5.593726300255394967564370745094	17.708340008106752350158785702661
13.861613808057137831042382458691	4.666444642848729174033906019758
3.718240419009851027709601112292	3.011179285867037869195428356761
13.853960837133520556108123855665	18.954689343348245955667152884416
9.366416675261532986951351631433	7.504177483911407264827175822575
0.697200014239171661500904519926	6.767687097532378182052070769714
13.796398071390985506923243519850	2.196654389142266072809661636711
11.362569701764423157896999327932	1.315867601881663517815468367189
13.080561243826972273041064909194	7.400589436137889443045878579142
9.767396504909296339747015736066	10.282635266313310040686701540835
8.068489558625341118158758035861	14.717531045957203517104971979279
12.327944627326555604440727620386	19.465537264698639319249195978045
6.467382158597905217334300687071	12.873763150909631747254024958238
12.526567474764739529291546205059	6.783393311834155170458870998118
7.389468169571212996515896520577	9.637554011393874020541261415929
12.279346184738143321624193049502	3.986358615016492912275225535268
12.121281083776688447528613323811	13.562327923453455724711602670141
9.004889071561859026360252755694	17.451598185960001785588247003034
9.064118678427659503427094023209	16.125701915458300561567739350721
7.412980786721503179137471306603	16.871752093885682199925213353708
16.608071339740043015353876398876	10.427133279884783334523490339052
13.328961640012515488251665374264	10.118603058014819850995991146192
13.625951826816052658841726952232	5.198204269452288528441386006307
11.777412653476151405129712657072	11.510727589511974500169344537426
3.723730539355305069193491362967	4.745622475260266703855904779630
7.837352447404385635820744937519	9.076231561715600193451791710686
13.797264788029382387435362034012	5.678631057880714649854780873284
4.895458680674182438963271124521	9.502818040511114006108073226642
3.627356148561824422671406864538	7.573873802211262606931541085942
16.265006950661291540427555446513	2.748177558469561354570487310411
13.198678654239721197427570587024	9.561274086123280113724831608124
10.469252216304461455820273840800	19.858623279276553574845820548944
5.947453072215516556298098294064	10.354290257216353765556959842797
7.134845873411155281473838840611	8.073876227932753835148105281405
12.154474626018572536167994257994	13.639308148940996190390251285862
9.937724655466407597259603790008	3.419984535908247913482682633912
15.228006343460368299247420509346	9.049095585521083506819195463322
14.027708457264017383181453624275	8.032223681782260982231491652783
9.884055456386796834067354211584	17.844646661092895101319300010800
6.909868121792007045200989523437	12.985928565847258298049382574391
7.891178646849786204597876348998	2.671133017773962059493442211533
11.868770223821595521940253092907	1.797508211907192121614684765518
13.353727850138019661585531139281	8.785408778928378126238385448232
10.723212124024811942035739775747	1.348352738322533550530124557554
13.300297452551584242996796092484	14.473014224462358967571162793320
12.877629450575057035166537389159	1.320539118271248035796361364191
11.370186445646563555555985658430	6.890891882555042258218236383982
12.865566472460226776775016332977	11.638905388356896253299055388197
12.422281661355182080797021626495	10.937452178586591244879855366889
11.491237185651449692613823572174	5.225840482466614034251506382134
12.394128712797865432548860553652	8.021714482488562225626083090901
13.897307743205891128468465467449	4.963059359877589393761354585877
16.273303288741008287843214930035	2.171793993269197642348444787785
8.216461598561187074096778815147	5.672010728790844780178304063156
1.960411217421559548768073000247	12.832518337302621702633587119635
15.673132841985870200574026966933	1.868577772975664963439612620277
12.728208979974127146306273061782	13.293096527416533803034326410852
15.312578700673224574302366818301	2.981820915795924342717171384720
12.108139294609571834371308796108	15.937731416210530355215269082692
4.168509929947186165577477368060	7.417082268934357180967253952986
16.527930729004221888089887215756	13.620112842135956299216559273191
9.873107374295990723567228997126	12.358446590593581859707228431944
7.030303453646295608336913574021	4.192593930283070591258365311660
9.333955708922626826051782700233	8.487780777261340503514475130942
18.595123964869092247909065918066	9.136326742483626972557431145106
14.145674611066816339643992250785	13.979959605990632809380258549936
5.360528099097622067858992522815	8.832465790637566982468342757784
19.809963655171195284765417454764	6.734851069740896534199237066787
4.855391702147507260178826982155	14.067144401585482071936894499231
3.677712100468414568865682667820	12.988856212912921250790532212704
10.975399801783694897494569886476	11.522884675743801707881175389048
10.058421137620367602494297898374	15.614151280145655675823945784941
10.634213675066076731923203624319	15.723098345176044432491835323162
16.001430859066534395651615341194	10.955780017780863744292219053023
1.772162380539004766788480083051	8.601704137974449437820112507325
6.897196863098648655920896999305	9.387496064115770977309693989810
16.007816536886629421587713295594	12.709818401253514252857712563127
6.721927593829332359121053741546	8.980397296589245570430648513138
12.852171041214209168401794158854	11.639955494543835712306645291392
4.150326789895130374929976824205	16.555236788231454170272627379745
17.150173089757224431650683982298	11.129523529166375439558578364085
13.565503862445314808837792952545	14.230570281210480843014920537826
10.111079311387607404526534082834	16.741106014238660293358407216147
10.093516125831758500908108544536	13.942502235190262993569376703817
11.025035990931367990697253844701	7.690013671448833854071835958166
9.516647115996299532980629010126	6.235481563437469176847116614226
11.862228767561656894713451038115	8.878331760702812047725274169352
14.465169939444322722010838333517	7.622319254212983175023055082420
8.682905383418672684570083220024	17.751164394634074028545001056045
7.530668196858984586583574127872	15.745493858286730315398926904891
17.893071816635110593551871716045	9.369386604004533936063126020599
2.862169079963542639433171643759	3.409455965473639160734364850214
15.663105497661289788879912521224	10.234550665805247859907467500307
1.967716362265063301251188931928	12.947221694899502253406353702303
0.443599889858715235035901969241	18.032897559730365344421443296596
9.062039592974905133360152831301	8.922033477045337335198382788803
18.960456277333836538900868617930	11.157068604198636663227262033615
16.983838318600216865661423071288	5.830813687157994529286497709109
12.403272207325919396225799573585	7.070225335393873322686886240263
16.009128331341379691821202868596	1.992302932801789383532309329894
7.451016931742326931953357416205	18.649560432696247858075366821140
12.805449855741152020982553949580	9.220764990906403113513079006225
7.482504086087661043791285919724	10.583265907455830401318053191062
15.867181772408210704838893434498	6.659144227172966168382117757574
12.983081436795718133225818746723	9.821587961536822675157054618467
2.111062189985218218168938619783	7.277176339914888103521661832929
11.779706212647148788619233528152	2.422998584689752377130389504600
11.593061248011233388410801126156	11.807872351502247454391181236133
8.139575038968350995105538459029	6.625437776868760231252508674515
0.845424997219189622299495567859	10.948044302981124076268315548077
11.392559252956681703494723478798	18.044290726070908448264162871055
15.497083537215118553831416647881	7.467289622058586040509453596314
10.981896070321042202522221487015	6.519677739338919586487008928088
11.401281090058075662341252609622	0.572453109264163373381961719133
8.691475066912719427136835292913	17.909704839469025472453722613864
15.895284391039767868392118543852	13.787468404363325547024032857735
13.497995398478977335798845160753	12.362151914125465879124021739699
10.339365825803193743581687158439	12.125725511142125156993643031456
5.193674499740744465725583722815	4.610843518495495452214072429342
18.356732067747000058943740441464	14.107397026694240338429153780453
11.495555044336624561651660769712	9.899963325519404833130465704016
11.878633854705951122809892694931	5.399355998270090495338990876917
8.770106083798292928577211569063	11.340087610255309868989570531994
12.293493868798162083066927152686	12.334820417928000324536697007716
10.829076796801912152545810386073	19.402062547770700717819636338390
5.385971814337173313447237887885	6.122340469571748045041204022709
6.952295292374873980634220060892	6.547242939680891105069804325467
11.866091315159788877053870237432	6.446413961831957806225545937195
15.817747261730668029144908359740	8.040972226955686252836130734067
4.093015089080574320234973129118	7.229426844633518811633621226065
16.688621041919127208075224189088	8.260348891085062206229849834926
7.280102088317330633060464606388	11.745359838306166366805882717017
6.917776949620333404311622871319	15.462332672300558300548800616525
17.676004731553526028164924355224	15.140627373105731479085989121813
9.226086019979328867179901862983	10.824429922407269089035253273323
16.944814472276245709281283780001	15.252930234059085989883897127584
7.253274018051542704199619038263	6.260826289020456236755762802204
13.610388244324836293230873707216	10.428239256737649398587564064655
12.610174890046462081727440818213	17.477581338462407245515350950882
13.291294788422138850592091330327	5.242532162740094037189919617958
11.114500859426106771365994063672	12.323242231648990241410501766950
19.281280472414014326432152302004	12.837489283763446223929349798709
15.831515263745817634344348334707	9.216471819773904172734546591528
9.909785426343930225812073331326	9.761139017216432733903275220655
6.318611204428581373804263421334	11.607067541665502474756976880599
11.874168568634907217074214713648	12.900282540791582874817322590388
14.150056989445998212318045261782	12.748258699146335359841941681225
14.420987419147216712644876679406	6.110958287570543490119234775193
2.589632296102749364763440098614	2.956565572184274959255390058388
5.473544835036331157596123375697	2.836246736451183636518180719577
17.532147086918641321062750648707	17.770345808413402721726015442982
5.984150203847680593582936126040	6.585441652941791623732115112944
7.590068916766333551038314908510	7.589754060701645599351650162134
12.397472524396718540629080962390	19.916789939133757059153140289709
4.937912728916778348775551421568	11.462356820426322201456059701741
10.276415347154683743724490341265	17.251143287414798521695047384128
10.401984527808998848286137217656	5.816039415080419772152708901558
8.257086928535589009925388381816	0.670167608063177766553053515963
3.977192291429408665948130874312	1.522474570358321566132531188487
16.021848242523983429919098853134	10.002481598354252767535399470944
6.758136339500653733125545841176	9.198863065091654078742067213170
2.858938308016529816768525051884	12.697214926327166750752439838834
10.272350631063302373036094650161	15.697128882968483409854343335610
14.249655835391699554293154506013	2.308519602538954273995841504075
7.781887350665296132490311720176	7.181991098066724532600346719846
6.219699218345823510389891453087	14.941825870762487582510402717162
4.480118342114497664852024172433	5.635066540918876043519958329853
2.541095859658372813072446660954	8.910474455620269296218793897424
2.843591829431864947963504164363	11.045581464776107694092388555873
4.928296622756770162254724709783	17.275070376264071825289647676982
11.757315095302999452542280778289	19.336883463655738069064682349563
6.739514700607570851786931598326	7.299574735268111069785845756996
8.722653023043999809260640176944	17.101872395991474462562109692954
10.261622923660103978704682958778	14.077848929209888950708773336373
0.586596186941160668837369485118	15.695948038917418188020747038536
9.316191034112440760850404330995	1.149138082415249062506745758583
11.448391515553698383200753596611	6.135690192753385119317499629688
15.381263599531035168865855666809	11.780834051654849758961063344032
14.831051437024768802075413987041	15.915278854530376051457096764352
5.171503158050745341256515530404	1.879618215968731353981979737000
1.592446917207138712413438952353	6.918414234850160937639884650707
6.940202378327159138393653847743	9.156161524982454835708267637528
13.490750478759441222109671798535	4.974741785825704809553826635238
18.147493097910217585422287811525	8.280471439404825773067386762705
9.541062856016450766105663205963	8.274248046447496562905143946409
8.300891924026046808648970909417	9.315418330183916850728564895689
4.911576774180606896891276846873	11.190460621483309111567905347329
8.577226262014182367465764400549	5.671838728686553032787287520478
10.935765356984525453754031332210	4.082568529236965559903183020651
14.621057563534019863027424435131	5.728288572778470921775806345977
19.050102101174772428748838137835	10.192705220575822622208761458751
3.204727848124134581553335010540	6.382720174340070329321861208882
3.814784767510571050763701350661	0.664800592378997690090614014480
14.021793464943094420505076413974	8.956392275095105048876575892791
8.361903002475649770985910436139	16.017188067754812408338693785481
11.992759386846827851513808127493	16.664620580226660706557595403865
11.254998904216346744533439050429	4.478405521665286492805080342805
0.157133960864027644177554066118	1.286237181346211677634983061580
4.706994521661396646550201694481	14.806452700460960514305952528957
2.577029265518837597426227148389	17.424478111068030017349883564748
11.094220552930629253296501701698	4.140402356994486332553151441971
7.530111872139118034397142764647	13.012629013169242142566872644238
17.181444971609614924545894609764	15.023152837438397355640518071596
18.478116761863827122169823269360	8.856473787718215362474438734353
14.755176042937792502129923377652	12.797036908175238423268638143782
9.042947640483919968801274080761	5.933544398986687617991719889687
13.783703397311692029347796051297	8.451948481160675541445925773587
8.297257686941140519820692134090	4.325551671772944750671285873977
4.456023992176646686402818886563	10.748803784567495966939532081597
11.193112055948629901536151010077	13.869242016061180677866104815621
11.613559424378975037939198955428	11.688663346543433974034087441396
9.161039893395267696973860438447	14.637700166861760564529504335951
9.827973600683293398105888627470	19.334376963530882420627676765434
12.257190543915289282494995859452	10.138746902332732346962984593119
0.467467218597659384116127512243	17.388253434473295300222162040882
8.344008026694837099057622253895	6.503574765614116515166642784607
10.183118460577080810480765649118	8.161680283091147458662817371078
1.067870372908806819722826730867	5.078359528300901537534173257882
10.855263720500889945697053917684	12.198678023671076786627054389101
6.996318751427053506120046222350	11.238621588107985616034056874923
9.669625170578360240369875100441	10.570578410639969391127124254126
16.905577550229278216420425451361	7.025030625739961287479218299268
11.714653379199774008156964555383	10.759864891314983026404661359265
3.578108139216774397084463998908	14.689112740889072483696509152651
10.193657532774601293112937128171	9.812728901394809355451798182912
12.418835598561701161202108778525	15.878330414515536617159341403749
16.137381774358470210017912904732	10.318192145646222002142167184502
9.815566296910541055353860429022	16.025597853670038972495603957213
14.627333819727368791063781827688	6.036288212819290066590838250704
13.469640030637290095683056279086	9.037792733494828922857777797617
7.242972794228359489920876512770	7.319956577688474297360698983539
8.191244487499629300941705878358	18.630787482928507614587942953221
6.391877844226117488801719446201	13.052919238119832456845870183315
7.657963997611489048722432926297	6.110376845131175294056902203010
6.345043035939029962833046738524	14.513468430415944254718851880170
10.431948549984813467972344369628	4.929558009713272959118057769956
12.367421692261787669053774152417	8.288540394071434391776165284682
10.591393507978855481610480637755	3.830935285441606996670316220843
7.932150355877493730361038615229	6.147538885536117270191880379571
2.139523211062569707507918792544	10.658851869598407802186557091773
12.194574386327991177836338465568	2.526682597391548767973290523514
18.829682511205156458800047403201	5.586598379751984921881557966117
10.109425099632977307351211493369	12.815120841927338801724545191973
6.371275341730465058276422496419	14.051119983801566348802225547843
8.946540828333571226949061383493	7.715724174387117884066356054973
8.940811999600891013528780604247	11.847647990019366304181858140510
16.984529886071332072106088162400	6.648463376021306991958681464894
3.321957102399147210292085219407	10.759284197779757974444692081306
10.885443522418299266973917838186	11.674352955020847133482675417326
6.344576882035319442820764379576	17.735155424180629069041970069520
3.068527980982428626788305336959	12.657966806571989692997703969013
10.908928338769001697983185295016	12.411986259841398805292556062341
7.198536301723935437735235609580	8.467980874248823397465457674116
15.073035999290176789600081974640	4.818175003200257933144712296780
19.577258207607933115923515288159	11.719583813881977008009016572032
14.418820631389321462734187662136	17.928060097685197149530722526833
19.768823700238165486098296241835	5.428530101691207754299739463022
9.961387780560276183905443758704	4.053318246131221158634616585914
11.533624288111230526965300668962	12.312670186808155392554908758029
0.741243584120627740929876381415	6.078525269390628871235549013363
5.221746321067367802015724009834	10.446984672541066885287364129908
13.991259545894683569144945067819	11.909880473646113685504133172799
8.404898518963193509989650920033	17.265601676733904668026298168115
10.939334391534504931087212753482	5.149912008511142502698021417018
13.852641360854160978988147689961	10.868095389921808902045086142607
5.238555360016809991918762534624	10.760323344027451497595393448137
18.743698187133389865266508422792	1.190407264333031012171204565675
17.379269754047335538871266180649	6.041129875035156082674347999273
9.716941853694571307187288766727	12.791481827799954018587413884234
2.834774165353687536139659641776	13.406524037407876903671422041953
11.192234499780365553078809170984	8.340935713228331493951372976881
9.717884528151143896934627264272	7.940574140174343042986038199160
9.581337596346658713741817336995	5.895058253830783634441559115658
1.736651219665056311569628633151	1.736874005167732049059736709751
10.651197428116470078407473920379	14.556486020766257638570095878094
3.825644695261514183215467710397	13.598163683384786537544641760178
11.943577577876073547713531297632	12.554454754600090637950415839441
0.722568882971763359890360334248	8.097900565682303763992422318552
4.782079790901239135791911394335	6.730842759462854374419293890242
12.760677312481400136334741546307	7.569945818293256856179596070433
6.548423588389449712110490509076	7.872467972169228112022665300174
7.645547770679502974644492496736	3.532415200512005526434222701937
13.276164914171825870425891480409	10.178461773492713859923242125660
14.534210875966696363548180670477	18.744828373970083390531726763584
4.862934387216445664137154381024	18.195139360834033936953346710652
8.352728494530632374903689196799	14.659898519654449344784552522469
10.488637279266532331689631973859	10.309667936082483663540187990293
