75
7.038041325346838128496074205032	19.575073052822553165697172516957
1.308519661568029457399120474292	0.250718508135039375162023134180
11.077700798495456524506153073162	13.154521183835202080558701709379
12.703613268733931818132987245917	11.868824484275569020041984913405
9.712066967106522952235536649823	12.174146836829882190045282186475
3.730657401176635357131772252615	2.455300097661591518516388532589
17.209810213767720910027492209338	16.153923471599057393177645280957
14.351278629056261948448991461191	14.290951462781970704440936970059
19.415626844875067291695813764818	17.006647779786678853497505770065
8.570337971783075659004680346698	11.387270840612643496569944545627
12.607286258378337606700370088220	16.272465288331225963247561594471
6.352698955619099585589992784662	13.852648599332285428431532636750
11.146370861674885333059137337841	16.035641522621830290518118999898
18.256686981357521659674603142776	5.553394353957792795029035914922
17.126598774469425023880830849521	9.671184799620284877619269536808
9.398477506043963813908703741618	11.617952430788081485957263794262
0.908122387518478291212886688299	17.786149578476077692812395980582
10.407251149648633514743778505363	7.365082776236457462459839007352
6.923118153101377458824572386220	0.834008726995875804277602583170
11.289601244974399207876558648422	16.688229045991661791958904359490
14.750947981194123315162869403139	0.529372172181687528080828997190
5.992140465883475819452996802283	9.724050088989738327427403419279
13.038434885128312501478831109125	15.112202922529345272550926893018
14.932622018458049595324155234266	11.850953646494648552334183477797
6.406012465275302325551365356660	10.104925589372999894521854002960
9.956452448371537755633653432596	9.188826366607967699451364751440
17.144714788831240781519227311946	8.571144089389743925266884616576
13.901852456337955743492784677073	3.227426956421061809976436052239
9.371162183630662667610522476025	7.203421556883638388057988777291
6.236875760061129980726946087088	7.983811439822519950837431679247
8.590206500421402324718656018376	3.190047537387990406188009728794
12.112679686686851354693317261990	6.129178039125567245548609207617
10.612285541651697684528699028306	12.282045524883885789790838316549
2.960841132223771765552555734757	9.938003854235015310791823139880
10.943507251853485939818710903637	15.205732829598936461934499675408
4.761553191415855756929431663593	9.433027265617914380868569423910
4.927212360908444388485349918483	4.928072960649415357181624131044
16.357330462886253030774241779000	18.638937410617067769180721370503
6.386174451647871563864100608043	14.131289953566534833839796192478
7.628506650056429805317748105153	16.090010899346879114091279916465
5.090788251802157660108605341520	4.634989497344200515271950280294
3.784810266944451218051881369320	6.562428178195311545550794107839
9.152198701865083663165023608599	3.307004813550855626402835696354
14.125829219675937409306243353058	12.924102222287945807011055876501
13.207195955243692608860328618903	14.620817197531694731083007354755
12.391548872375116374655590334442	17.493664653587778445853473385796
18.106537613477932779915136052296	16.294959769633980073422208079137
11.080354398120851655562546511646	15.478324405995254053891585499514
10.283943675203826018105246475898	0.715980504870250999971403871314
15.524223919724436271394552022684	17.763045516502298681871252483688
11.250398764251444916340005875099	0.295927474527138079096744149865
6.622750160674093500290382507956	19.062359994908469218444224679843
9.578777125561030558742459106725	9.127575905680567203148711996619
19.341129438683893226880172733217	0.183528097210802210170754733554
13.640544926868289010712942399550	2.853989299308887339634566160385
12.784819923296087296193945803680	5.051471263721810878166706970660
5.830133700370168980953167192638	7.224231396756193746000462851953
12.107133595072342657772423990536	16.910860463428569744337437441573
5.735563135341870122374530183151	7.648103612158983821700530825183
14.201578678214120898815053806175	2.686340040970947029563831165433
1.287363645642217280240515719925	4.515958858906448547543277527438
2.805683767550413154623356604134	7.871851723456852134575001400663
19.255265284025405492229765513912	1.674882449697869812865747007891
12.275073636527300990906041988637	8.318049364315157845339854247868
8.631435960567268139698171580676	1.956159350339510494265482520859
16.197827407295562807121314108372	6.433257574184795046789986372460
10.549963490564833179519155237358	16.236624321992742636666662292555
17.652976674323529238108676509000	13.444526259008977575604149024002
12.431097611888436205163088743575	4.905484057099252837019776052330
5.192852867889132362222426309017	5.768328366783060268119243119145
3.949119731152345380564838706050	14.365171168246847699379031837452
9.431846916362239596764993621036	10.008728030212713733249074721243
2.554487783385088306431498494931	8.271829027627649821852173772641
6.297632374753742823259017313831	18.519361167715288729596068151295
16.116003680545301079973796731792	13.376313586432859281671881035436
9.881332953743509506239206530154	3.154102047750712678464424243430
5.400426264464551984190165967448	0.340297902037395738616964990797
2.158744912966977125279299798422	10.938457973483563634431448008399
6.097228093344505772677166532958	12.244004373142477248848081217147
7.292047161825236045729070610832	12.857949224331086668371426640078
10.319607816986891890564947971143	19.848344146397522536062751896679
9.481640725000637814900983357802	4.799224228665317504294307582313
12.064905815751133744129219849128	13.631464276683827208103139128070
11.898833612126349379423118080013	1.763659215860723161739542774740
16.182527922133424169714999152347	4.338586952617661474107535468647
11.522869622387347021685854997486	7.152196716105798657281411578879
8.516318166674537337712536100298	0.294819892980616948818806122290
14.968547701038053432398555742111	9.476732155713623484416530118324
11.490882441196076158007599588018	12.489048087503833883715742558707
8.842240611846230891046616306994	5.617605388326365023488051519962
12.943011288050417562089933198877	0.582681068564362858452909676998
9.777055598338650455048082221765	13.085984099095023580616725666914
6.688411016112373097541876632022	7.516254329616911533662459987681
18.051490658740441119789466029033	5.466267142181923333055237890221
7.801454172815680543351390952012	12.454150799953250583484987146221
4.103809351675531402747765241656	18.171065698017706324662867700681
3.881213529904106174228672898607	7.410484398874902289833244140027
15.824190501237406891732462099753	12.944652583829714842522662365809
14.710212584958700432480327435769	5.099630360535906348218304628972
16.512030188325869772825171821751	4.373242235668113764290865219664
10.836624264034400155765069939662	8.652723771616948056362161878496
15.346024388266990001739031868055	11.936312652278278534367927932180
8.457229373655762216799303132575	18.121097890016443443528260104358
19.863505419516897632092877756804	0.192378183305313310569317764021
1.791511912891732505315189882822	10.134315836197016480468846566509
13.817194165163806829355053196196	12.537645733449735985232109669596
7.662244322967783460853752330877	2.619907881352123268925424781628
10.498267997269042695052121416666	10.408739079877262767581669322681
13.447475958917999960817724058870	5.272483507474428066075233800802
11.836962523348956821678257256281	19.102891546752040596857113996521
10.505914708725079265150270657614	15.490050500201608230099736829288
2.003943758418009757349409483140	11.812982939837127105420222505927
11.882060134908901005701409303583	17.716037598599481128758270642720
13.039250375114871616233358508907	2.366515293595652380531646485906
3.909303914264053325666736782296	6.927566402827430636079952819273
7.405679016768950795324144564802	10.496507766102784131589942262508
6.742038718201462721424377377843	9.203717366566227298108060494997
15.597655738612447251512094226200	10.013197032042347345281996240374
13.514900955236365476253013184760	0.877527553697871498528115807858
1.597462029584318488062422147777	11.425513470175630459380045067519
2.197175197041731031788458494702	6.597926867125613270559369993862
10.772930830883382213869481347501	17.751698585372608363286417443305
0.827040409032911982833979891439	16.369178055164603335924766724929
6.001768677085393299819315870991	13.056866830397147793973999796435
10.692698432854227164057192567270	8.734078236865258304533199407160
7.364663085696762756526823068270	10.077471180496658575975743588060
6.666874896665154537345188145991	7.358264653568496349578254012158
16.132145380361482267517203581519	5.346017594614976609079803893110
1.459122359732683671396102909057	3.683930638955756453611911638291
8.396050746687331312045898812357	13.908809027519625445279416453559
2.291576081081543758699581303517	12.573106663361373946941057511140
9.706497072832053873980839853175	7.519573223286676544319107051706
3.552269669370968330213145236485	9.533971076455577176034239528235
6.512927768632071234833347261883	15.144964772409904796290902595501
10.944662645011142387829750077799	10.896685044351595905709473299794
7.369521231980225017821339861257	14.328933496088330556972323392984
16.720183521215822963768005138263	4.025876537034501545520015497459
7.273085600844026998856861609966	3.815005707988762484461631174781
15.773539247035021304554902599193	7.634163581011956800637108244700
7.662918029927825003255748015363	3.339891441623718204567694556317
10.867508107224107760657716426067	0.554448505697456850427329300146
14.190448918922418997112799843308	7.201985438553703211539414041908
4.311392387944544601907637115801	9.053469808119345429986424278468
16.675510972505243501018412644044	6.624533782733561970701430254849
5.988865330190079383498868992319	18.798856067941230207907210569829
12.874424608354932075826582149602	11.816430955188950591150387481321
5.927653187203151041728688142030	12.929314170412926188191704568453
12.967674651895446658045329968445	9.247434645392450747181101178285
17.934567784122229738841269863769	0.863990979098028688554222753737
2.580753998223274336965005204547	15.064844748068315638533931632992
19.254428927771606083751976257190	16.673371479591562405175864114426
2.540126217729258950583925980027	10.597567423382288964717190538067
19.297624686419108996915383613668	4.662905355522107164745193585986
8.547571557349659343572056968696	18.052189303725192814908950822428
7.121083311207314636703813448548	3.771824921199443902963821528829
6.202819402597593345660698105348	12.176144847533416637475056631956
10.979015789937914604479374247603	8.000918618590816322466707788408
18.303642901878294679818282020278	15.312240867022250512263781274669
11.371377698556429436393955256790	10.896819194388088547498227853794
14.266593235045986531872586056124	5.867888098797624962799091008492
8.233863017938432449227548204362	6.552755001007533053325460059568
3.777985217255889427434567551245	10.903877607948345485056051984429
1.957419499313596045197982675745	9.813818385371508412617913563736
6.600784036602334481358411721885	12.192711777327799538284125446808
15.910491074911730535745846282225	10.502450248071298233298875857145
3.378657829129202205820092785871	18.802704104008029162287130020559
7.942905806620318642785605334211	17.471951469792397659830385237001
3.927797477974315221160850342130	13.717783120896751114514700020663
7.105820463504878503613326756749	1.197527650523072084709497175936
9.835823415186899509876639058348	8.580204872889053646645152184647
15.497475857269787269387961714529	11.682097133680452216708545165602
3.907509063396874093854194143205	14.332014696066011083530611358583
2.699155071842449959973464501672	10.357911876165317721643077675253
3.285314548355468211582319781883	11.807874665982289741350541589782
4.412047612102633742381385673070	13.680611728257508374895223823842
17.932496839415136946627171710134	8.615238542384769715454240213148
5.762711413007854055479128874140	15.784775761555259521173866232857
12.426626511460860058377875247970	9.998839765001989121628866996616
8.104396397703938603740425605793	16.528780697651214381949102971703
14.253727237345692913095263065770	2.527878957656765734895998321008
18.523613457511668656252368236892	0.380446040837281174162853858434
15.620220872878938678240956505761	14.781114154459414677944550930988
13.428426339196089855931859347038	3.779752505388416228271353247692
8.840895490648396304322886862792	4.026674138368938393739426828688
10.800479714413134146866468654480	16.440180603713031359802698716521
3.636237844912840522226815664908	6.267121855746800918041117256507
7.363112717343698321315059729386	3.476466816282792748893371026497
6.019833595542501747388541843975	11.791724646329631909225099661853
6.595408929302364775537625973811	17.104389431183992797969040111639
13.729391496516852200215907942038	16.401708576100268999198306119069
16.207160840449329697321445564739	10.277656913858947973494650796056
10.164650833197127255402847367804	9.426837787298532944646467512939
15.349635244592516158945727511309	17.487378832927372940275745349936
5.211791367659349027974258206086	8.058870253388912274772337696049
0.995175246088470188965402485337	8.844212673505545296848140424117
4.136684349458128018284241989022	12.617822055668382219550949230324
5.681914412106391587542475463124	1.423488220899433942534528796386
14.751091434824539661008202529047	19.086505008071412703429814428091
8.849728677679621569041046313941	9.225458433160449445153972192202
12.282282818811419033977472281549	16.942796644254162430343058076687
3.080863541049605025534674496157	5.569762976531319687012455688091
5.530620138979916333710207254626	0.469608892855193360560406290460
8.140834706406504750475505716167	13.652546896654557784245298535097
14.249290695902875114597918582149	4.784106548767461219995311694220
11.672507564339085206484014634043	10.583007113797529896714877395425
14.988641045617807634471319033764	6.652292498100310425002135161776
13.199528441844329051946260733530	9.852485803911832817902904935181
8.056009810546347793547283799853	6.471655423636899051587079156889
11.532274035994346306210900365841	9.985752371940559868335185456090
11.419828853012329972216321039014	4.870172558637237969492161937524
8.083244227117681646177516086027	5.028154530565835500510729616508
8.376292175793746963563535246067	3.725892539414865201052862175857
3.765060717066414319731393334223	5.290876214035506563959643244743
12.505488414396017660124016401824	6.770090440909347861975220439490
12.018310838713354371520836139098	1.574154323803769850442790811940
18.019757616663518717814440606162	14.165705963828047586616776243318
10.285996966138318597927536757197	13.572204735183490242889092769474
13.377787593253618325661591370590	8.149469870896510315105842892081
6.319905164609517456142384617124	8.436499862054901655028515961021
7.560582574023468005464110319735	7.663505187133877072369614324998
12.842670311018805406888532161247	7.132340620141414788690781279001
19.554740051027120983917484409176	8.986375224432377351035938772839
1.195733782504535325230676789943	11.335558080903499700298198149540
17.691652627236443606761895352975	13.173875880823162631827472068835
8.119377233428219042821183393244	8.392567740207550031072969431989
13.862118780640924953218018345069	13.223165073773396116507683473174
15.854678401630463824290018237662	6.783386756130231454164913884597
9.160726342467421901005764084402	6.213012187551099962945500010392
10.219295029463676627301538246684	17.662914894528110920646213344298
2.472494962642637794658639904810	8.817460067418494418234331533313
14.078872575242781906013078696560	18.141038102711366519770308514126
13.744417968740288316098485665862	4.016541834822369594348856480792
19.172108715617511620621371548623	11.732181783840387012674000288825
8.549889036225859939577276236378	0.174396885325858175264102101210
3.520912428205670519076875280007	6.812943395043662420107466459740
6.843867329361430940082300367067	5.404365634300739351658648956800
7.264306219833862598989071557298	15.204479695242628878304458339699
8.069081094128151221411826554686	2.204056246281917985641030099941
9.494140337027113574208669888321	10.852028498718306437353930959944
7.141827577259959980437997728586	4.799412486548734868563315103529
13.924442339337433693913226306904	4.607760139693796830329119984526
15.032864472145901046928884170484	8.413288560988268827145475370344
7.936379807597142566066850122297	10.504972123100882797075428243261
16.314840890558876651539321755990	12.329956017277559965350519632921
0.637995560711129838793453927792	6.764385874071049187250537215732
16.306859703511062065217629424296	17.797587753634591223317329422571
10.001435909820175496065530751366	18.814398618652447225940704811364
17.732449669529007252322116983123	3.853429877477489107207020424539
6.908293565231877764176715572830	11.572655879068221906891267281026
5.741170811939071860763306176523	8.731288989603539718586944218259
4.892424021257463451206604077015	5.518954850461692096530441631330
11.486560651366625407376886869315	13.149053875899197052490308124106
14.321606893886411171479267068207	12.878527688469986856034665834159
6.169605789112270421981065737782	7.116761207755303075828123837709
9.419922748069994966613194264937	8.192630834309404974646895425394
8.564690218715554692607838660479	13.356522855023683860054006800056
10.868486444568205229188606608659	4.195924290850301829891577654053
14.171626774452217745192683651112	12.085535107787254816003041923977
11.936682713350950990616183844395	18.709546229770580794138368219137
5.833335813405262193498401757097	1.333303704012426482705677699414
3.891294531648691101821668780758	8.449491961981282273086435452569
13.814666410406358565410300798248	18.506128459187344503789063310251
7.602011864885825254134488204727	13.448641520359664980333036510274
13.895885492697182428400992648676	18.585513218415087521862005814910
11.288062671974781636663465178572	6.354672520009501113236183300614
5.884873234065718605734218726866	12.825035022653034744166689051781
5.826161282947582620295179367531	7.194799314143724977554938959656
8.804368210232295766104471113067	16.555378963090731758711626753211
7.274410891386908772915376175661	11.727578116844897593296082050074
3.749216419754404228115163277835	13.690149459250180896674464747775
9.277023124515396901301755860914	6.092956783120083485982831916772
9.012008264549629998896307370160	12.225686531928108280453670886345
14.886895698983003910598199581727	2.544010398604044986825556406984
14.766980044505801927812171925325	14.704576880976073738338527618907
3.253537961342275686149605462560	8.416539477622153597735632502008
7.073327380427551602792846097145	10.559554833251045380393406958319
6.658499006825925548014311061706	7.745599910700707191324454470305
2.526962913930269838402864479576	15.165972880878904049950506305322
11.440287966756102377985371276736	6.488879451028092049114093242679
14.867801219641107124402878980618	10.341768226090641391579083574470
6.474750694799455530414888926316	13.164315313879008328967756824568
2.038993440043182836518553813221	12.837286531188654592483544547576
19.867216459433500119757809443399	16.578997740481700162717970670201
5.215367879084019442359476670390	18.880141709803893945718300528824
15.749285884338585006503308250103	11.136519244049608801105932798237
17.034857497988092234209034359083	4.160752541219149946982724941336
0.783591592043590079441628404311	17.950781991113711200114266830496
13.173176971500710763507413503248	12.363770973429662802800521603785
9.391405574639556164129317039624	16.622757133754589631280396133661
2.741686907410696871778554850607	10.580548355724632259011741552968
1.296029794443753990762502326106	10.579846108290571038423877325840
15.571722575982471781230742635671	12.585538766127521981275094731245
0.618118115116552901966429089953	6.149146518542333517132192355348
12.649677817233309085054315801244	17.832389629879976666870788903907
12.063589327916664828421744459774	6.914612446453227256881746143335
16.527941848261132662400996196084	10.755894079382430916780322149862
4.553596134724066324395153060323	15.688958815493030840571009321138
10.412860117390000169734776136465	19.691591936778596760859727510251
14.251008014292452230620256159455	3.679804198103679091502726805629
3.965939173162676301132023581886	6.722717782688918397582256147871
