75
12.026766624902105462524559698068	8.525469951271480439913830196019
9.176020092971977959450669004582	14.171676478359161777120789338369
19.219999051165064685164907132275	8.291302724591913531071440957021
13.574713020250396056098907138221	8.726443036297174771220852562692
1.254380579907675041795300785452	3.424697277810863305091970687499
9.784855981176974637492094188929	5.694568665453215494665073492797
14.586497130718889536638016579673	4.027019877347763454622509016190
13.028648024004041872103698551655	12.783126073234189590266396407969
3.628671234761013053571332420688	9.909057878481837278172861260828
19.384155217881524180256747058593	13.054975417819996152957173762843
10.204344275151893128850133507513	3.640131069800879970443929778412
6.702615640087250525880335771944	5.514764477911425544220946903806
17.110515244843334414781566010788	3.870708590322678332995565142483
3.116382480707462043767463910626	1.429263840315654121582156221848
12.922169052746042439139273483306	5.475356599356401510192426940193
6.924309599500793943605003732955	3.130111853586430292750719672767
0.871332054708396697151329135522	8.201340395462663579451145778876
12.128912737809425692603326751851	7.704511759145990623665056773461
12.575750166881476843627751804888	13.064162989684533044965064618737
3.633331133545964597431066067657	16.889558418512137905054260045290
0.825891420475279858237627195194	7.580724526996426071434598270571
11.656001191236354586067136551719	12.202659961284759049249259987846
1.642795313131985679433455516119	15.796042480418670095332345226780
10.284399448295657109042622323614	17.840174489380189015719224698842
9.233404565679622422180727880914	14.435470896074876989700896956492
7.847524889026127326019377505872	9.075821413107041379930706170853
17.891279278257698592824453953654	9.863673223784468646613277087454
6.561212714984274718688084249152	0.509245414347510916286410065368
11.981199303924956467426454764791	14.132975783079501752581563778222
0.786527265664759056562616024166	16.388818585462789911844083690085
13.719810525971322334726210101508	4.972775893344299369402961019659
14.115572402272405838630220387131	6.375132533856296745966574235354
0.228798052543375263212510617450	13.989766049698173944193513307255
11.217775583140868533860157185700	13.999778117323863568799424683675
3.348884656113054525405914318981	13.155207298496321755010285414755
3.816159453150269165178087860113	6.507098892334670203752011730103
8.658510352050985403593585942872	6.569456245537780958443363488186
1.438291087416676106158774928190	8.383715938026607972233250620775
13.467409776521622077893880486954	19.198570901181859937878471100703
9.377444743400861426607661996968	10.610589647835286797317166929133
9.806743190484068506407311360817	10.553273500772178294937475584447
5.319727283349075186436039075488	16.141383479247888743657313170843
14.501515807309001360181355266832	15.883057122924196136182217742316
5.538090897365607112590168981114	11.621959574608624166103254538029
9.475345423247242493403064145241	14.661690553239189682699361583218
7.786276805912866194603338954039	7.505470427509290942680308944546
9.048561266282442616670778079424	19.585374412886551453993888571858
4.305690169121094257320692122448	17.708691942797440077583814854734
11.653028016071207417780897230841	7.359814851922029887987264373805
14.832109269407897755854719434865	10.006995316831229558829363668337
2.315592835919747294326498376904	10.008426583816838473239840823226
13.125678313023145804550040338654	13.889783566015697857665145420469
15.498418098564183509324720944278	17.245939281269308196442580083385
7.292301038694668946504862105940	16.585361347226335482218928518705
16.248420060654460428395395865664	6.227459668076861021290824282914
11.672269436906526962616226228420	6.139534006284877776238317892421
10.152177041013972669247777957935	11.880849237218253477976759313606
8.323809931739621248425464727916	9.246076094593657757059190771542
7.976030413784858552617151872255	4.475390072706527000434562069131
12.287720911024344161432964028791	8.158868194785348748609976610169
15.514535479294487174684036290273	5.807424542863692806804465362802
6.292877853045718339330960588995	17.967627522640338355586209218018
6.762682398369697978068870725110	17.596025291091677900112699717283
19.485402113145717351017083274201	8.563894432654230115531390765682
10.361801361108668118049536133185	10.084936273969878683942624775227
13.534443348866668443974958790932	15.735428609050803316904421080835
15.032322856200728722342319088057	12.259991563710023854127939557657
10.629130936012368024989882542286	5.777078239094834977152004285017
19.041730388740134571889939252287	8.053604567884192988458380568773
17.931358672574951640399376628920	7.053531048034479056241252692416
6.100003468704757736418287095148	1.787589667418524541631086322013
12.386007696259408561445525265299	12.844568867689089231021171144675
3.596646153833022552248621650506	6.855988008610383488417028274853
0.342230442819341007520961284172	15.348784671236565202434576349333
16.114061595379528313287664786913	8.795832685175174248115581576712
17.514049156458188605256509617902	14.725415005310214411338165518828
17.831203650894376977475985768251	16.787873722679378829525376204401
2.611930256397509531041123409523	14.561866193277872127964656101540
15.788442952643219285846498678438	17.840583957514269286548369564116
3.817734401100980612397961522220	11.507497864161180700648401398212
5.081924491842611857350675563794	1.878359980675176288400507473852
5.995592495194911997202780185034	4.946376285056674149132049933542
3.950811994296413054428285249742	7.042469789672660240853474533651
6.210276194449140696463018684881	1.851144431960713987450617423747
3.379250551243289102387734601507	14.154037968401564029363726149313
16.951172689697884266024630051106	11.680926244559687532387215469498
14.339785266338068936420313548297	9.185782695132646225033568043727
13.820092008190538734879737603478	0.483488496672702439127533580177
5.491617814830979327211935014930	12.257823383986096388298392412253
11.081463965520212511250974785071	12.826398976036305299430750892498
4.745595632177955103259137104033	1.477017055104013820709951687604
11.798784365189700196197009063326	13.202777995416127509997750166804
12.853958251835253534522962581832	7.713108363341934392565235611983
10.581148992276995457473276474047	1.932543475950808442576089873910
15.959326012386789273023168789223	11.324132658450510646730435837526
9.558166195119991215278787421994	13.223471331747468582307192264125
12.090765940996396565765280683991	9.849710114529313997877579822671
10.103384698049586276624722813722	8.582753948870085025646403664723
6.546722702720218833860599261243	6.879754141046046100882449536584
4.915094633546847724403505708324	9.473399449067162692017518565990
15.489531372861424785014605731703	12.106014899350938662792032118887
2.677994210766000193757463421207	19.920593654318253129531512968242
5.892078590286758732474936550716	14.315859040246524003237027500290
9.040854839421120558995426108595	2.874302429225414456936960050371
17.502916810291921478892618324608	13.402737115989372895796805096325
8.329012570704414031297346809879	13.681139729382993053263817273546
11.980413865068719303508260054514	5.546827314289379806666602235055
11.676908932825805109700922912452	16.560107839799783846501668449491
2.816274243531719179145511589013	10.863392911505885152223527256865
16.661676890480308088626770768315	11.775824308115113936423767881934
5.107927315075294849577858258272	15.668520663901613687585268053226
6.555884424014982059247813594993	12.153372456061802608928701374680
7.993980368618595733209986065049	5.770766436519184416908956336556
2.867621051218213423794622940477	6.243665509306213223794657096732
3.412235939423217345733974070754	7.694176496495266803776758024469
4.926144192106494124061555339722	7.111137768171248652038229920436
4.189813539127961838914870895678	19.836561759308615648933482589200
8.641661993358219717720203334466	3.052058017199203554525865911273
2.636839894281739482551074615913	13.770374090388919796623667934909
5.451734905305193557012444216525	9.927138191861018867712118662894
7.919080635636685627787301200442	6.923325900192248028020003403071
3.526970467555563537587204336887	4.295784905437909806380503141554
19.208292330550591486826306208968	2.566505033666977020345711935079
4.480999296970781919924320391146	9.477820947944751495128912210930
8.650085162004256034151694620959	12.364619637697646936658202321269
