75
13.530732786365730291322506673168	8.774407233670094896638147474732
14.881479598668413188988779438660	2.405559025926133465134171274258
17.961630887267457268308135098778	0.000159437387438288169505540282
5.808307893331470239672853494994	10.851316275550001222427454194985
8.871513093502967350900689780246	11.791086782649564668190578231588
3.253438248790940789945125288796	11.210269103248890587565256282687
6.968035559865528583145533048082	14.134832665925003425400063861161
10.620476900368526429474513861351	9.814331309949777093493139545899
1.216857498618102439991162100341	18.526573114455178625803455361165
12.648649609741760002634691772982	17.823845689851385287738594342954
17.205023122956006886852264869958	8.121180042978153323929291218519
12.410365532836088675594510277733	3.256247112830010337347630411386
9.019779837586748172384432109538	0.573763769543589319255261216313
0.095445204783471737641775689553	10.027016873169220190220585209318
9.169701486303209136963232595008	14.336411553026671583666029619053
0.891397848292006855785984953400	3.667431985214981260412514529889
5.757937063072260386320522229653	13.130677546993847926160015049390
14.324350255408436538573369034566	11.605361067614090586630481993780
3.832118525496358785176198580302	6.342076207766160322876203281339
2.742076234347275764946516574128	3.929112760931971592981426510960
13.839898218653853945170340011828	2.541086829240730260437430843012
8.918421844209222015820159867872	15.095284513502734924372816749383
19.036578507719877251247453386895	3.750508900905757947441543365130
14.085961317161938666231435490772	3.536295056596073571597571572056
1.265134223136545443821887602098	11.898133162993538292084849672392
1.054951514459769867926297592930	12.846084020045598350634463713504
2.800658040281772898083545442205	2.608894364242939190035031060688
3.452291532274298191396155743860	13.875401262359916998434528068174
4.731649886984531150346811045893	16.660433323505550617937842616811
18.455143710171423521160249947570	16.897394129588988676005101297051
7.950641934149698997202904138248	16.159376543914532931012217886746
6.583671881417291871230190736242	16.824481208550437827398127410561
18.417260564577318859846855048090	14.305647436944617822973668808118
14.729150261642665498129645129666	4.650380274440462535778806341114
1.359833572769240106481447583064	4.508489722443922431693863472901
7.402700711171419811762461904436	17.373542578243551304240099852905
6.723257337308869985292858473258	14.023875773616181206193687103223
5.413579586632477180785372183891	16.118290964217390381918448838405
16.303311797710950514783689868636	7.497399463378013884096162655624
16.033178871814300237019779160619	1.953729251418646839510984136723
4.100284998066559438711919938214	8.990917542283959562610107241198
8.279632990821120586133474716917	13.406073599264459517144132405519
6.286562353983287998460127710132	16.779963768344593688652821583673
6.038918973441043114291915117064	4.326265646738892911571383592673
10.741418406902820237291962257586	8.330388612843183437917105038650
16.890553885573957870747108245268	18.912664222125705748567270347849
8.130102636764053869455892709084	12.369650599279184532974795729388
12.223694550049218676690543361474	2.949731018640674662378842185717
7.465732512818627597539489215706	0.928532793007212475799860840198
16.585184079760878717024752404541	10.787883152800567643225804204121
18.071521584506307078754616668448	13.990549188976791228355978091713
0.493875931173560545062173332553	5.847434953672914659250636759680
11.245908589141809130751425982453	4.066848907083823405628209002316
7.070856636928168015288065362256	7.222639162399921985979744931683
10.033030462486955514123110333458	12.959466565942134863576029601973
5.789198458676540148815092834411	3.886877843770408347268130455632
16.260095199103695051690010586753	16.700918168652616913050223956816
8.753677340303523735087765089702	3.662313624899827146919051301666
10.537647160584199923505366314203	12.159726188310344241472193971276
10.815652156820563689620939840097	11.414547621575287905670847976580
10.175815763584378004225072800182	16.648942876711558369606791529804
3.320923637510131420924608391942	10.151577618621361764894572843332
4.591694958853988595137707307003	4.512679347588298028881581558380
16.552859214736283632873892202042	13.555951923445189066796956467442
2.724294215325883783407334703952	0.886262823312906178330194961745
8.160239376622712370590306818485	8.815653616356307509249745635316
1.167258881476977094848734850530	15.793137558674377629586160765029
19.645856158034661120836972258985	6.074046380292719149451841076370
11.607058005705184200451185461134	4.527450623352033076685074775014
13.809680941864879599734194925986	7.932842104540362981879297876731
13.441979734247457400897474144585	6.742362127511887237574228493031
13.126375041548804745161760365590	4.587798170266823127860789099941
10.183340167123873243326670490205	19.369686516226913397531461669132
5.444050783284936301242851186544	3.078458438573882460786990122870
15.348638716857639252566514187492	1.439926003256202236002536665183
4.238598739709571461276027548593	13.069038181080841809489356819540
13.514949594113284447871592419688	2.325700983362079199423533282243
18.862791521471798716902412706986	14.547419257539917936128404107876
4.319511620461780054824885155540	15.039559197977634852350092842244
8.745868069719628934421962185297	3.239397432672765475558662728872
19.517873106892146495283668627962	17.809551630654993914504302665591
18.986722242254231218794302549213	7.539256018462381803146854508668
6.994337766414278512172586488305	14.064281962871007181092863902450
17.461534124806270540375408018008	11.808924576942487760788935702294
10.221940252899083034776595013682	15.105225488042000492328043037560
15.193053546771960071737339603715	16.049465584424822850451164413244
18.708192754795057055616780417040	5.397889517090690425504817540059
14.316707220097221409105259226635	7.668669025845614939385086472612
15.104482750402317137172758521046	13.539618848015100738280125369783
11.938587153307476995678371167742	18.367018219255594857486357796006
17.563152772307187632350178319030	17.988394611238732068159151822329
11.028181469630453648278489708900	0.660001643706493723584571853280
6.972380243880280659141135402024	15.791226054471435347181795805227
5.172248268085738232002768199891	0.169419392889038178395821887534
7.994283268471669146038038888946	16.926158985978602800059888977557
2.232162047559405060326298553264	19.273692153815051852916440111585
2.989563474245184870881075767102	11.549958352900830504950135946274
4.314115743585488438327502080938	13.997984177114574322331463918090
9.599053552019855217736221675295	1.031346318032291264898958615959
6.853049329007841805605494300835	11.605760495459307435339724179357
9.215033038138905396863265195861	16.114114950159606820534463622607
11.039490011495983523559516470414	13.518902156938407799202650494408
17.577146606113025484319223323837	16.698175515266090229715700843371
9.033713421569251167397851531859	9.726960194727768183042826422025
3.727741268091556925412533018971	6.228305717568266786088315711822
16.472843738728581541863604797982	3.234843664478992408817248360720
6.644693456247511953449702559737	3.508988494461987350803156004986
4.742919929627659847426457417896	8.767526017501957369404408382252
6.818430363967348029063941794448	9.685429308910986634373330161907
11.469388637109970474625697534066	3.486003862844023970524176547769
5.510525944211515536608203547075	19.470756128928329076188674662262
0.351289676258211613912862958387	5.362539136444543608206458884524
12.688333010654860188992643088568	15.427776681021427407358714845031
5.564649117196618810510244657053	13.684950022389186230498125951272
12.830472079027616771895736746956	4.798849845048641427069924247917
10.125884488664642191224629641511	11.101240723461831549911948968656
4.331512605544805438739786040969	5.283037414101673157063032704173
2.633789561474540796837118250551	16.024378043922435921331270947121
15.337035948589708311828871956095	12.507370886154751232766102475580
14.828027911265865057544033334125	9.407104365525409406245671561919
6.675116019001960054879418748897	15.491084629409391126841910590883
14.722085944381017696969138341956	3.698594783108907435575929412153
13.398281477070366207726692664437	15.258289176280900534266038448550
16.197033543729052240678356611170	13.501949448329696679138578474522
5.772410543092363788275633851299	3.813237497673641840378877532203
