75
13.963859942966450944368261843920	5.645368507338601737899352883687
3.419795210008822472502743039513	11.450541703722468156456670840271
13.922982928111741429688663629349	4.993846563515180747572230757214
7.495084148759330489042440603953	1.688338943241067369172014878131
6.937692857645167521241091890261	4.465439061157062461404620989924
8.909809805238650071146366826724	5.508862168014682758609978918685
1.830723005547246984292542038020	3.812942001671224545589211629704
7.235948614110449206293651513988	3.453226793935561644843801332172
9.558575063719770170678202703130	16.525148549584219637154092197306
9.793643081198011302035411063116	2.692155686281507698254245042335
10.449685949822194785951978701632	13.285677644689037890657345997170
18.328609610679546193523492547683	14.042017320159176918537013989408
8.252924818929965766756140510552	9.912655647953984683340422634501
1.010738827162397157621853693854	2.496688299366887520136515377089
4.232865772180038455019257526146	6.064860053648446935881111130584
8.655540373954110577869869302958	4.565046095515096880035343929194
4.560239618003401496082460653270	13.310016871350081046898594649974
18.517370300452519416012364672497	5.735387920469176670223987457575
12.243163467289400969661983253900	7.207299486181404368778657953953
12.502344766275230725227629591245	13.875378046976381440913428377826
9.647864498702720226219753385521	18.955642839800155741158960154280
2.951053087869212276928010396659	1.231219667173656162617589870933
1.183018312781070946471118077170	4.988047425357383879429562512087
9.025065386022539826171851018444	8.183086009113701209116698009893
11.142960187212569422854357981123	14.136824274278506408109024050646
9.114456813926222977784163958859	15.756091816704586250352804199792
13.812681490373091008905248600058	2.907993968714633226113619457465
12.704692643829755382967050536536	1.863757498864446304764896922279
19.361520372820884006159758428112	12.733713435995190010885380615946
16.004656956755077601428638445213	9.453840631043156861323950579390
9.551355990064100964787030534353	6.255028889757809906768670771271
7.558219112054734623029617068823	5.529681563785388220821914728731
6.173679126632173108646384207532	14.023266851012030187462187313940
1.230208136006766039827198255807	16.810225861652298817716655321419
5.793778076927509346205624751747	19.711332152939768036503664916381
14.067990843239904563688469352201	9.490690676749679255408409517258
6.803628002382080097731886780821	11.347632690376437736290426983032
7.857689229017289278544922126457	6.592743633761683597072078555357
12.224839100833543525936875084881	14.285094752852611321713993675075
1.261799819558277135911339428276	14.514914798522154271154249727260
7.297195213755452769532894308213	6.762721199051156872883439064026
9.604739126342145993930898839608	15.714100277466354071975729311816
7.380921649395746797495121427346	3.175742387429834501233472110471
5.705992080589308734772657771828	19.714260736638998139369505224749
7.119822251001654223045989056118	14.064908058307828753186186077073
1.817549789436593954405907425098	8.398473033917403185455441416707
9.696245084182713469544978579506	13.107039895407167406915505125653
3.978843176798911862590557575459	15.736650682161368308698001783341
4.608867852798383069057308603078	10.354281732421537043364878627472
8.441864065079430545779359817971	18.314406043666394907631911337376
14.968642033128862323110297438689	9.110366424383917305362956540193
16.403584344092848823493113741279	14.016578056082623859879277006257
16.443558177537962450287523097359	8.203337264362307479359515127726
17.939663647362664278261945582926	13.995124904024661915968863468152
12.790921416366437313172355061397	19.273565246375163440006872406229
11.233647366437764958391198888421	3.986274155277870434588294301648
6.452249188072753049993934837403	3.086169063953429159141705895308
2.437187942566337639505036349874	6.342003767415503645565877377521
2.387568162572099694784810708370	19.514543915169070942283724434674
6.288221563687057980018835223746	12.695511488430840429941781621892
8.926136771591323793018091237172	1.685454972606759582731683622114
15.448325932036709673411678522825	17.537718334007919906980532687157
15.007877014015846839356527198106	14.593400122966007970148893946316
16.828306406264537997685692971572	8.827024631275488530945949605666
8.638087038504302483943320112303	10.375238293782748755234024429228
6.438249044550094168926079873927	13.485222731048088107286275771912
8.491638788967396322959757526405	9.893277963359157212153149885125
3.233401599284983163329343369696	14.467983726964572355200289166532
5.642015472381809892965520703001	2.613854391334641036337416153401
19.143383863379661136150389211252	3.302399188934071361245514708571
6.843551808942637038057910103817	9.206208873773938705653563374653
19.648675762994294302643538685516	3.074100782711716384199007734424
5.274891436497231467228630208410	1.660735926346912805229294463061
13.649454201062027891566685866565	5.580916214551064236104593874188
17.900573375810829190868389559910	3.977936813464720167132782080444
12.175629654590645500888967944775	15.819810096034686353050346951932
16.811816086334335551555341226049	2.713504976022015569014911307022
9.457329888368933623610246286262	17.398988347757921246738987974823
7.199234331150075938410282105906	1.385919683993375173258755239658
7.005236044476959911264657421270	16.423459327204348312534420983866
11.054304007683573018994138692506	5.220859008045590776703193114372
9.533451700262288497356166772079	17.238275970621010912964266026393
9.356627023185259517390477412846	3.959552357987324633370462834137
6.730408069559787875846268434543	0.044638269078015824220528884325
15.440744839748262506873288657516	11.754941099334544674093194771558
15.940207175224443858496670145541	17.502828139392175188504552352242
18.494682639035133320248860400170	7.652462645893854720213766995585
2.731070018041131142183530755574	16.589784804759680980623670620844
17.693852227767106199962654500268	9.838435362991303279045496310573
13.312821158282133637840161100030	15.417853723479421290676327771507
2.976082767188214184272965212585	8.612633435630876022059965180233
7.992642110325810733684193110093	18.487166527055009623836667742580
2.365597331349337473227478767512	18.460275267498726492476635030471
4.633886069654788997240757453255	12.976338835451960207478805386927
12.579828587062637623716909729410	4.734156196787942860737530281767
0.321095235729270456204176298343	7.994124323829229439297705539502
12.639803284548008832643972709775	9.606464081227230167314701247960
8.893374404690010948115741484798	16.327977980267839086536696413532
16.412680983400406375949387438595	17.771524039293492336355484439991
11.742956914074348162557726027444	4.560777154613177231112786103040
8.249010762191179679803099134006	4.558321159005883416170945565682
10.765827958844237599578264052980	9.997828381119145291222594096325
9.618186263980366135228905477561	11.841346749778303149014391237870
16.754212099069725638855743454769	15.065601912820033803086516854819
5.907126130783574957661130611086	7.306200365200225199657779739937
16.755283856719458412953827064484	11.517860441052597764155507320538
13.606499856316208507678311434574	3.836916621645964475817436323268
11.090741144935954309858061606064	8.854514201077762436398188583553
10.342365467763755759733612649143	3.355272483861302390550918062218
7.912431361774515892193448962644	4.576144147429319630759891879279
14.914139516840538846054187160917	5.913282048414927771773363929242
7.115275671639718524374984554015	16.277176294240319975870079360902
1.679513761248058401065463840496	11.830719095169550669766067585442
9.635771161311346588718151906505	4.728960228838813506513361062389
9.193891346705376221848382556345	11.617996223953905854386903229170
10.402675490971825311703469196800	12.253549770147085240523665561341
7.134744823513979206097701535327	13.129890181714925390110693115275
8.726551446411839663142018252984	6.881970484369110963029925187584
4.536020100025324630621526011964	14.250072634308647678835768601857
12.206237031562034545117967354599	11.978418463944128902198826835956
5.244245968608789887355214887066	3.770095077279249196067212324124
11.794229017288758498693823639769	4.259625907987792281517158698989
4.456913783632105108267751347739	10.488035145593441299638470809441
11.519011584484150745311126229353	14.289899937152927833494686638005
16.775868589701822486404125811532	1.011595397982684829685240401886
