75
11.334131962070308929924067342654	10.892738537495409545385882665869
13.211896797870860353896205197088	0.000704665743192833815555786714
11.491854669860300575123801536392	16.287417800336214668277534656227
11.280161289818201098000827187207	4.854357118016586980502324877307
6.554447577586008932826189266052	2.139338427167492895364375726786
13.227201915241185048444094718434	5.152861831104906364942053187406
7.445584568980893713785462750820	4.400700488171227497957715968369
9.894486900643340021588301169686	1.359084218698734858321586216334
18.610069188515943494621751597151	7.836268378971702475155325373635
9.712702821781254769462066178676	18.398177950354941856403456768021
15.231371740077918275346746668220	14.575630825040500226918993575964
14.718216362851237022368877660483	14.694533628131424052298825699836
7.658648637670589565118461905513	16.028703353047895063809846760705
12.029056913788352289884642232209	4.002946403696674870786864630645
16.096929794777913969028304563835	1.357718561879996954644411744084
10.868657733331168913082365179434	13.283283451015481801960049779154
9.514256346064351888003329804633	14.696235907490358130189633811824
10.931390377380550305019824008923	1.118262565348166148737618641462
8.227661044076846508232847554609	14.033289847537556482848231098615
10.230017074366443807775794994086	9.092516420159929779742924438324
16.796605500791102372204477433115	5.767326032385279965808422275586
15.934547785498114791380430688150	12.200421380400047866032764432020
12.908207496089154631135897943750	15.039692823050849312949139857665
16.387269396926392062141530914232	12.590600294277706439061148557812
11.405067098607441167246179247741	6.802398227675279684945053304546
7.047374977066768408917596389074	17.856135491014704541612445609644
3.093405818729766387775725888787	3.924788583078695936023905233014
6.934117260974824503705349343363	14.661403563482441114729226683266
5.229082913143813904355283739278	12.064153283152531770383575349115
6.797469945997523410596841131337	12.186273778228125408418236474972
9.883287113574750648581357381772	1.863124685293694682286513852887
13.299050005915526995181608072016	9.891362979751185946497571421787
12.406454507999615799462844734080	9.094977616867863545735417574178
17.100378864368337872292613610625	14.459416433373579735643943422474
9.963522598493439019762263342272	17.296381936962742287278160802089
6.193953997266859801129612606019	16.869040933688271621804233291186
6.099423269024446980779430305120	4.486112021789816495243030658457
13.513618874890106269504030933604	11.156054640957137280565802939236
18.414565434040426339379337150604	1.626982096861480542315803177189
12.932623241471111086298151349183	2.457748840005931079133461025776
11.118512431457094891129600000568	16.281300653831159763740288326517
6.000381106754861804120082524605	5.516982635398021805883672641357
8.788923269445875874339435540605	18.524971534374486736851395107806
18.995980021170812079844836262055	5.745079276565271619858776830370
3.610697902940152026474152080482	16.084385257888868636655388399959
4.257003586963875818582891952246	13.561545944880624148254355532117
10.430388322302771797467357828282	2.198470720874871275896111910697
1.279488591438093791907704144251	7.597760985750364959301350609167
11.752837077006018873248649470042	9.302223789324077785067856893875
12.347024694984044757006813597400	16.496125819098558906716789351776
7.588775685717715546729777997825	15.573051255754020161248263320886
10.561752927299265181204646069091	11.617982042041726131742507277522
4.311172147029657786276857223129	15.080657261785754386096414236818
13.703462728797308756156780873425	4.963212071016167570292054733727
5.697235595187473577993841900025	11.178975459313097218227994744666
5.388483403675035532387482817285	2.439474468046943123056280455785
6.174809510707076398716708354186	9.018906699894047918064643454272
1.025157178718631101332903199363	8.288718266681122770478395977989
14.098741056659726211819361196831	16.594859960396881604083318961784
16.509467988009610905919544165954	4.811895464873548355910770624178
18.516443195669296528649283573031	12.462833230304319442893756786361
2.017766386160950276007497450337	16.180874567936527341771579813212
0.662029284569950249306202749722	13.594077785659989032751582271885
12.547484934650396937172445177566	4.587584846515392555943435581867
5.903404203199754007869159977417	10.488042837367048676355807401706
5.588180385047819775934385688743	19.165308224365809053324483102188
12.357029968746990888917025586125	8.676457256299528353338246233761
14.857934821324523255725580384023	6.795269736049645459274870518129
1.743004632779140194998035440221	6.505347680019204936741061828798
14.917798609910935425659772590734	13.784860330083136048529013351072
0.798568727339057815584055788349	9.443753872826313511268381262198
19.564964674342711248300474835560	13.007161075728170374077308224514
8.338966930848513925411680247635	16.587590821538604757279244950041
16.416402829959391596048590145074	4.299484722757162202810832241084
9.052114188204031464124454942066	5.230174559009146406651780125685
18.282545209318271872689365409315	19.899374564756225680639545316808
19.878664724239147432172103435732	4.408413032242825657647244952386
6.678805617356112556137759384001	11.967184835515789487203619501088
12.567582042238155892732720531058	5.281365514298961727490677731112
10.454694789814489297441468806937	10.054061872263227783719230501447
11.075973168329575457846658537164	8.311287485118178608445305144414
12.774448192832251081085814803373	8.396044610573390798435866599903
12.176425110379135219318413874134	8.636786737850179918041249038652
15.999844841824859997814201051369	5.124209257932877292773810040671
1.390526193371201202353404369205	16.627115462659091349451045971364
8.400804540493499672493271646090	4.435086987336274155779847205849
14.910704226703316521707165520638	17.075444894788091687587439082563
8.007841999086624085180119436700	15.688173581633785502731370797846
11.060044814936212276279547950253	12.831464255712436539624832221307
2.902655248520598973982487223111	1.690179569979195051132592197973
19.297830934781458722682145889848	3.783720383886567617537366459146
11.490799411702390386835759272799	10.150714233867235591901589941699
12.907717811951922470825593336485	6.162706322877035347573837498203
16.882915245945092408419441198930	2.299525868759260127660581929376
0.314032025479033194415023899637	15.220512489986361970295547507703
1.152707697157351773853406484704	0.187474022584517285849869949743
10.839726090392142410223641491029	9.673341620212200453465811733622
12.500619504584072672059846809134	10.005553919289750908205860469025
6.423341190778379505843531660503	9.960340732219613357756315963343
5.074506741790601793695714150090	10.666791257761806477333266229834
4.183495525528945435667083074804	3.943688555881766255595266557066
6.684727036327830163031649135519	13.631268915748551151523315638769
3.227613018718602511114568187622	10.197417513803159749841142911464
1.802308611099224577856148243882	6.183986460048118694032837083796
6.573314745521275703765695652692	1.718637256074620367485294991639
7.682101269315740665888370131142	9.446728531302511555622913874686
6.111083029591671156310894730268	1.706162711520313735036324942484
2.966802809519824890571726427879	15.901614572794109392361860955134
9.516257688466559727658022893593	7.082177587871905544147921318654
4.555195725832112074726865103003	14.119507486972956655790767399594
10.426007895129595581806825066451	16.594242732946234752944292267784
9.223934625591960312362971308175	6.570957726320742153802711982280
10.077341341386066631002904614434	19.679133080180136516901256982237
13.378617872309458647350766113959	10.487493654242438623214184190147
9.952868723930761163387614942621	5.947165941445715198199195583584
5.925307923706166768340608541621	9.861155342177806204517764854245
0.335256205198252388299806625582	1.985759395645887437353849236388
10.631040109509527269437967333943	10.476326494988901671945313864853
19.589394831908599314829189097509	3.129725976167756940071740245912
12.359378629006375405197104555555	5.752568058611053913864452624694
7.536926411420318494549519527936	17.354986729690491387145812041126
14.952711087798785882796437363140	14.966177968817937937728856923059
15.102230746889897972096150624566	14.313557728247500833163030620199
2.456260632687828682207964448025	12.716508916182572619391066837125
9.056038016324230000009265495464	4.097919252147012691978034126805
