75
3.258755626043424946658433327684	0.848838787037449193917382217478
14.506967852292513398992923612241	19.695625024578845341238775290549
8.309589415741703177786803280469	5.295672469187260311684894986684
18.379815588572611773088283371180	6.875279468910024505134970240761
7.432047407493076462969838757999	1.547354236181700315455600502901
13.263697028422697599125967826694	10.907708581653446699988307955209
11.255956407582790035348807577975	7.365082474755760166829077206785
19.976191157555668098666501464322	4.431575469168406833375684072962
17.362168637919282332404691260308	9.472284023868191127348836744204
11.394051097517882809029288182501	4.866680778705986476495581882773
10.326786137915176411183892923873	17.192077434320445661342091625556
4.118475946997366854418487491785	14.814485056009408125987647508737
12.404051175908712423279212089255	6.279859676014670100130388163961
1.510829711676565878519795660395	13.365440852588868381189968204126
16.370783234739167966154127498157	0.796787713308967582293007581029
10.294179540274518203091247414704	15.876142508919642182263487484306
4.937878907538411077382534131175	17.561347404809058758701212354936
2.066369776961328064146528049605	6.999555320073191921892430400476
8.723647363389485320794847211801	16.350891492632847246113669825718
13.561204644872978164471533091273	9.342113477637077778581442544237
13.219613375100886187851756403688	10.321142973041173007686666096561
7.729075777068243446876749658259	11.847330189916263520899519789964
5.079026921687465723209697898710	19.323680528648687015902396524325
12.742450082451602710875704360660	11.613256575238969148244905227330
13.991089261890026662626951292623	11.578571921674209121988496917766
10.227787251028317427881120238453	9.513548832365165353053271246608
4.292261590546301519566441129427	19.860694789988741604247479699552
8.142772824631824946095548511948	8.520825129879742831917610601522
1.887188781360190859004433150403	15.987846395850946024097538611386
10.217752433107575527060362219345	11.549240893360517290489042352419
6.924813196908530699147377163172	10.455039200988075265286170179024
8.339119992628933886180675472133	13.647979890973928718267416115850
8.064475014308392530892888316885	16.183982315775981675187722430564
2.880719641420458110303570720134	13.315485100257676620572055981029
5.640741446703372297122314193984	12.674649502662227007476758444682
14.033520065694110812160033674445	17.801590064873018093294376740232
5.967387719689424052660342567833	7.437576118157640081562931300141
8.884555173224663704445447365288	12.888591485171593475911322457250
17.748572541082261011524678906426	7.013602566251158521026809467003
18.135044188608098636450449703261	14.066792614972833064257429214194
11.019644884279456320541612512898	1.388307829471651544395172095392
9.323947913022673006366858317051	4.634541606043748984689045755658
7.159871088762228552582200791221	12.893502325791422080669690330978
9.049715025714021976455114781857	3.521110554720071839085449028062
1.735641071310562111307262966875	14.339236472731400340308027807623
1.605964651865722458978780196048	3.337653241227884315378560131649
8.396946860337504148219522903673	3.367643185538500283371377008734
12.830561592321124919635622063652	8.533029299916067955678045109380
5.048143723139419947187889192719	9.859699009038683570338434947189
1.081483000360126567329643876292	0.888761502933734348630423482973
15.719544376387416306783961772453	9.317978672870935952232684940100
16.778131231169982839901422266848	8.356321270669853973345198028255
7.375812930536424616434487688821	2.373159024239311243320571520599
12.070564452234012975395671674050	10.179005596001022837526761577465
13.575065869160074072397037525661	7.963267465239966647061464755097
13.649224119510673602917449898086	16.150455359614639405663183424622
15.191975749350543622995246551000	9.867722729456804842129713506438
19.896252550417479199040826642886	4.939077191980953962513467558892
7.265410581480883145388816046761	5.507922326795714695890637813136
9.721173890969215136692582746036	13.156731689046075928217760520056
19.701232373887240356680194963701	5.878667987603204636570808361284
6.128703587169264110912081378046	11.476834044858492234197910875082
12.127438318566289510158640041482	5.390403510500887840350969781866
4.308837298495519441132728388766	9.765209663127388139969298208598
8.009006265433823656962886161637	17.778620350022311669135888223536
11.246579222736938774573900445830	14.799796035643911551460405462421
10.710971081932143533776979893446	11.354030343711743356038823549170
9.974061246339555708573243464343	5.613014527285692167879460612312
10.001913735004650973792195145506	19.654550238738966783103023772128
8.959186810500773034959820506629	12.332419182240498045644017111044
8.592326406519857684429553046357	10.227868520752595671297058288474
16.556990342516073155820777174085	8.609330081781354948589068953879
10.706287787876918926599500991870	13.781473636654547831881245656405
6.063282007556935582215373869985	7.818100023031301581966090452624
19.472299477315782922914877417497	10.455426862296194556734008074272
16.437861321904588152165160863660	1.270860594829997580745839513838
5.255366009604555799228364776354	17.146987457846012858908579801209
8.636190267561477895696953055449	2.712111463760521701260586269200
4.323776464852743472988549910951	11.379248880771035246084466052707
7.532660225937950926322628220078	0.019166709950683369356738694478
2.211854637495160424975892965449	7.088049586886089770132457488216
6.671962786168614378823349397862	5.789015056431427552752211340703
14.665698965321855240517834317870	7.676396128709649602228637377266
18.994207738155097331400611437857	5.381258002921820882136216823710
2.638879795101505720822387957014	3.752692888153735140122080338188
9.968424880232729989870676945429	17.074380611497101511986329569481
6.348507467677059423749597044662	0.718331265767803373023525637109
4.307884044589931349378275626805	12.522411246189319555810470774304
12.966516636773366855095446226187	8.378579401350041422347203479148
11.314033238087400690119466162287	2.702966261563008565360632928787
18.344955494775057047718291869387	12.517877560680584991814612294547
15.005091282192694279729039408267	7.263847462487612816062210185919
6.253232359785304339538924978115	18.989713946951248146888246992603
18.742841206463118908231990644708	1.198708074482576435570990724955
12.793093431515798030773112259340	17.207169977252149806190573144704
14.777220712470699126583895122167	12.932774814921383921273445594124
4.001937803406011795459562563337	5.641868578342905671263451949926
10.362110061418544404432395822369	6.517217106360376988050120417029
9.887969410238797607348715246189	2.979428792536623404885176569223
10.075640576536752490710568963550	2.925295357833972431649272039067
5.716381817902053796842665178701	2.482431919957633681406150572002
3.553972397680341899217637546826	9.055593100523624983111403707881
14.711940897182952170396674773656	3.792686303867542463308382139076
11.616254943375578179143303714227	7.947101241208883948274888098240
1.619438665597369819693085446488	14.059347891671780672595559735782
4.458481889036591816477539396146	5.235302353022106558455561753362
2.916194170130696150522453535814	11.708085890792599315091138123535
12.014966783211672662901037256233	17.074653186483118361138622276485
7.271128193867324007726438139798	1.869529022834464981883684231434
3.180115349139427394220547284931	13.902888258133900833968255028594
17.290715668138616933902085293084	13.858898761505599850352155044675
8.785188135728045466521507478319	5.194130340452197458489536074921
6.720440285667724999996153201209	6.895069198422076439669581304770
11.684420374310757750890843453817	9.877340708132392066431748389732
15.308572455604274153984079021029	15.033263338575906686855887528509
2.582427110420631777287781005725	10.123540637103609185487584909424
15.201893815514228691654352587648	15.520244279690228239587668213062
10.641366669120444043983297888190	19.929594106214224780160293448716
16.326299682941296964600041974336	12.185758486702406244717167282943
17.171156695582450169013100094162	14.978501718834923650547352735884
13.521721069818537941387148748618	17.677743639213318260772211942822
11.411227866581908685361668176483	8.486245759629053253547681379132
7.306983337907391629073572403286	10.872305643673023212159023387358
13.457166740221730094617669237778	13.054874107047316655894064751919
17.528036075779223068593637435697	2.298958040540567182574704929721
