40
6.821448984872048093563989823451	10.275275134379826980079997156281
10.644766134982294403243940905668	10.917643688768677634470805060118
8.911951429356101073153695324436	5.878726982775033249595253437292
11.681629222868119555300836509559	7.105403161046215387841584743001
11.866366492542105959273612825200	10.731365700826303921644466754515
10.048429575989015205550458631478	12.803356636163503168290844769217
9.378690246909517469475758844055	11.518661516341884620828750485089
12.340876743561731032627903914545	6.158558106062351100717933150008
8.821298498434865464901122322772	12.108564245109135981692816130817
11.756853232909557860352833813522	8.995352818204878531105350703001
11.025088972152495614409417612478	14.048824861579792155907853157260
10.421121436568608231709731626324	10.636009029729800445807086362038
10.439919033945484372338796674740	8.746562716344625343367624736857
9.352652344716000598623395489994	11.370001143744607574603833199944
9.343654015564593962039907637518	11.479527770047425860866496805102
8.564213432911335743824565724935	10.882110313229707898585729708429
9.330595052436978065202310972381	12.075036570162904325798081117682
11.037382219413780504169153573457	7.147503025343567628624441567808
6.693505129378950258001168549526	4.608888415090093282344696490327
9.500734955083188992830400820822	8.508783092963552618925859860610
10.384766901874899147628639184404	6.551124238748653461072990467073
12.366377978383839675302624527831	8.317647927333217339196380635258
6.641076752571522412438298488269	12.603723508821687460113025736064
9.311204965063859972929094510619	7.745201217702181395452498691157
8.004411109910178012682990811300	11.707013184233172609083339921199
10.835133206459580890168581390753	9.128376641857196105434013588820
9.772972765673207717895820678677	10.313074910161532216079649515450
8.590158751270452697212931525428	8.388372945542489134140851092525
9.179011828107556780764753057156	9.690465753401023007995718216989
9.251074548294488053556960949209	10.794440787985944751881106640212
9.622948063454392908511181303766	6.902069345540919442782978876494
9.714786467519099133482995966915	10.399219735076528081663127522916
8.311797518990756472589964687359	10.184998372810911249075616069604
6.712652797756542000229273980949	11.933684598864203962875762954354
7.562771809499714947833126643673	10.545140528339892682652134681121
12.292972533249331590354813670274	12.134700036818458102061413228512
7.103592837110116242627100291429	13.731479352323813003522445796989
9.192970410777055789708356314804	11.256272554374646688302163966000
13.911576780715662948750832583755	8.708585633006928006238922534976
9.145289036231226020845497259870	10.264507714633113621971460815985
