40
6.836149834622620602431197767146	7.561253125305457345461945806164
10.146808599009441209659598825965	6.673988087361738763547691632994
11.636403140512847187437728280202	8.518283456856913460342184407637
11.566387234429045705041971814353	11.841183078337531142665284278337
8.817208863000391971809222013690	8.423692625753830043322523124516
7.256894230058098749225337087410	8.952180520974998501060326816514
15.516686095095748143535274721216	9.557888726171871240921973367222
12.379226893559927447086010943167	5.888437989071574563126887369435
11.296107076759286158562645141501	9.841909394339690919650820433162
18.093647050857988745065085822716	12.485547806220354871697963972110
8.293671715153410062271177594084	11.901345365077890647853564587422
14.627726006707078454383008647710	8.483386499288940285623539239168
8.399269072001262159687939856667	7.452080277680571462894931755727
5.203316718712954980219365097582	4.668621389984784819660035282141
18.797622402607935043761244742200	7.715486771812993360697419120697
4.202552539760575633920325344661	7.591292161600049048786331695737
8.621042951013970778717521170620	10.523291451068725876893950044177
16.824307471718043416331056505442	4.224480339770924963715970079647
3.578195681978212583373988309177	9.284823489290250364547318895347
9.623806423035633272888844658155	14.306670432832129691291811468545
16.654860941397565454735740786418	9.406991612486699239070730982348
13.629073740141325998820320819505	6.746808455009308147509727859870
17.160611238134066525162779726088	5.673748023361671499742442392744
16.354252486678070965808728942648	13.106894622034657160725146241020
16.616722178124433639823109842837	15.453335143966526743497524876148
2.506035840343087350845507899066	11.932110456522442731852606812026
12.503967205406729235050988791045	13.407430430748513927596832218114
6.659409813752349194260204967577	4.927141706842519397469004616141
16.077196689434661180939656333067	18.731526982952953375161087024026
4.630783811391924409406328777550	6.656874049062875720039755833568
9.491488561329402884325645572972	14.915360306937099466040308470838
13.030942948344078402556078799535	4.747367558640213758280879119411
0.848437658157706886541404855961	3.505110523052144877453883964336
11.213073215337091781407252710778	10.345566243931479277762264246121
13.483688649613457144482708827127	18.506907617434400492584245512262
6.433395614572253506935339828487	14.978584608626103857886846526526
1.599725185831570861694217455806	13.593698103513011332665882946458
2.093554344222622098925512545975	17.039287786344601727250847034156
12.206302394126220534076310286764	1.702291516461408305005420515954
11.368819041259641267060942482203	14.547320024261333415438457450364
