40
12.609170926826946512733229610603	10.293596980530509199525113217533
11.112893757836909358616139797959	13.874929324602160107815507217310
11.095302412977785522230078640860	9.727682709790952841899525083136
11.129730685528320677235569746699	8.746884929787970719416989595629
8.456323008194681634108746948186	12.843031348742313113575619354378
8.241671558912374351280050177593	8.099601844888637103281325835269
9.885481258174227292556679458357	9.235010157374647477013240859378
8.570957223519151568780216621235	12.338472052573528969787730602548
9.107022220007523927165493660141	5.436052964186140812330449989531
8.936766598640094372285602730699	17.145420118216396332400108803995
13.178849930292008352239463420119	12.162193681023232727511640405282
8.451073518087495628492433752399	10.881401249208517256761297176126
10.522163620321434152060646738391	6.446434361390554812487607705407
8.878206438501710096034003072418	11.870996729733946040141745470464
13.046831427729609131915822217707	13.781190494022062864587496733293
15.881397656655984462759079178795	10.021141502890390739821668830700
6.279267775953176311531933606602	9.458874031843023999499564524740
10.120640984615855373363046965096	7.119944709320406239783096680185
11.794481964308994648149564454798	6.631561802416196194087660842342
8.213716250601004631448631698731	8.169823704179924206414398213383
12.740762089790738542660619714297	10.435152068997831875662996026222
7.646288190039721044399811944459	10.406619257157752045372944849078
6.530129732273266540687473025173	7.168167587291423892281727603404
10.105157875876908946111143450253	10.874343629001913313913973979652
7.173837235034491222052110970253	10.773428091282134744233189849183
7.187057337256701039507333916845	12.299515734498866592616650450509
4.249938167835098923319492314477	11.141455650600605054023617412895
11.806889239031676197555498220026	8.748034236019213594204302353319
8.363681312219352292913754354231	10.039870496121002574341218860354
6.197087672965986726580922550056	4.888594691145629056450161442626
14.227065538827773139018972869962	8.051344954360191152886727650184
13.195009647698840993257363152225	7.617113591014916806898327195086
11.042364746422411059256774024107	4.370204160728451192596821783809
5.974398767627560502546657517087	7.495601074066436275700198166305
7.904636138470285011692340049194	7.777104090992462026576959033264
8.335177591532909602278778038453	13.119323014350660727700415009167
10.736472080643506998853808909189	9.601630403698043991767008265015
11.401206405990386372195644071326	9.608811574644827047109174600337
4.761851933271722181473251112038	12.454340775650088346537813777104
6.368822923075448727558978134766	14.575334146438521543132083024830
