40
19.039625709210667992010712623596	19.627926927685898306208400754258
19.029943151440512849603692302480	13.500387519798364266421231150161
17.633243255447357711318545625545	14.358056569975298444319378177170
15.033955732485456024960512877442	10.735186754401377484668955730740
4.146006934253544606860941712512	5.673838749809442916216539742891
3.781089395469189984311242369586	12.690497160252878217079341993667
8.624415183643426630055728310253	5.678535049995503847242162009934
7.223385901464043357123046007473	8.368630967364692807564097165596
3.533515626215838700829863228137	12.810393048904733959147961286362
12.170471790147017188132849696558	2.333057420460975084353094644030
12.141784328412294158283657452557	6.118736173145256529437574499752
16.623583312700699110564528382383	1.414978124628910371995971217984
8.867861248362551407353748800233	0.770460016296596439389077204396
10.502198819070789781449093425181	12.504769907435125730899017071351
17.839274032276609460723193478771	10.650897275346254744476937048603
8.967755457444873457006906392053	14.896368912926641669969285430852
3.982166693840895277389790862799	14.736340642077777829399565234780
0.431443856517650825566079220152	8.701341850532324784239790460560
14.384214003078017896086748805828	9.999393251183096964496144209988
2.059947794988028491047771240119	9.829295314329566934929971466772
0.295656355127375647384724288713	14.432191771918809308772324584424
17.227328690510233855093247257173	1.228749916640124784095178256393
13.905978597068122226687592046801	9.277332597403802338931200210936
9.422860911341723877399090270046	6.889869160499736189251507312292
14.594116157518483234412087767851	15.317363000435221920270123519003
3.991036692916222428095807117643	11.353597840548598441046124207787
17.369160485366702317833187407814	18.813951055301437520483887055889
11.122508966939115282457350986078	5.312548052355981376138061023084
18.365263614851262019556088489480	13.591015851639925315907930780668
13.452329643976485229472928040195	11.163297663839935935925495869014
14.653858201403204830626236798707	15.591133826845684495765453903005
8.378174715474580480645272473339	11.420779986490453339342820981983
8.901693709738299986611309577711	19.259195050536110471739448257722
3.962750761559908241338234802242	10.325285917549006597937477636151
17.280257719464827914634952321649	5.724554184559456970760038529988
12.307718887364433868469859589823	12.244672453538809619999483402353
17.755592695559116123149578925222	7.967234059409968871534601930762
11.115009087740620685735848383047	16.609639824047036427145940251648
14.794588231324240723552065901458	15.624289815614977428026577399578
17.773219769680444812820496736094	12.631455385776535038644396991003
