40
10.739211283543104613613650144543	8.526273214986371584700464154594
9.568136993456855421413820295129	10.317943059035304287363032926805
10.330339935497322656487995118368	10.859210556750793941205301962327
10.564678676419632097349676769227	10.568862998160279076387269014958
9.660384715644717346094694221392	8.395121427789772994287886831444
9.794629895308355926886179076973	8.508365786070527292395127005875
10.144670450900118652270975871943	11.752307832670711107425631780643
9.521266831865592195072167669423	9.947653961422663115854447823949
10.969653123169848640827694907784	8.372495271085210077899319003336
8.705845855643234543208563991357	8.857799361361735179798415629193
11.134156822285666166294504364487	10.511327316699585310288966866210
9.936470565212639272090200392995	11.810776854890814746568139526062
8.895558917371399587636915384792	9.084667513178150244357311748900
9.009293832245782951417822914664	10.066477378938458286938839592040
10.774066030565569107579904084560	9.450535625226617497673942125402
11.054839876225640793450111232232	7.105190362382781898986650048755
12.731940334219546073768469796050	10.800245618990103935175284277648
11.414931561157255046623504313175	9.752573779591120484155908343382
11.917923338766465590765619708691	9.814224762390800549383129691705
11.061165436251908289477796643041	9.470184549540602958472845784854
10.141234498893313187295461830217	10.632008427090491764488433545921
8.294961566786581030896741140168	10.516371529871113565945961454418
8.540898231209624213988718111068	8.976208893765717178325758141000
10.927813930538896158850548090413	9.686980865381617178400119883008
10.765400302864300385863316478208	9.676554327025602475487175979652
10.276575984168783151062598335557	11.034018527510163210081373108551
11.173668849328317165259250032250	7.869072045101533241506785998354
10.449372483522481047657493036240	7.826214411134317927576375950594
10.315602654340455757164818351157	11.754878752818875398133968701586
8.862031153530356419878444285132	8.304766353798019196119639673270
10.545739104985720757667877478525	9.540357047430809700472309486941
9.604155591441447370470996247604	10.417968298748569111467077163979
8.538889268681788990988934529014	11.426388516881031520711076154839
8.751564078537926505418909073342	11.487236199197180752662461600266
9.805171283966377160368210752495	9.084614371997355775079086015467
11.160953756044646567602285358589	10.795453441619457635169965215027
9.458291508083462417744158301502	9.708601505037739443082500656601
9.824629410600888235194361186586	10.143246813094949132505462330300
9.613854893867651796313111844938	9.772483077743711277207694365643
10.486219481666649855355899489950	12.086172269223931508008718083147
