40
15.228798060367742195353457645979	13.611462294062190991894567559939
7.977395424612743646264334529405	4.163059049107453724047900323058
10.508889639653261838247999548912	1.573026364170513557994013353891
18.153229385228769388049840927124	19.969237251931200916033048997633
14.000141240089931216061813756824	1.244106749451721061205944351968
9.771684205137349366054877464194	1.039251557269039949460420757532
3.353571969200793478904643052374	15.671194977690126037828122207429
12.355927381775803297614402254112	12.129024878665301656610608915798
6.165309157799251593701228557620	14.035876788605078147043059288990
11.036569816095440188519205548801	10.774403719394296530253996024840
13.584160728054154532173924962990	1.031489164495503985108371125534
1.028258409560417252492925399565	12.577831789678464602388885396067
18.693925754170063413539537577890	12.721479520814092722957866499200
4.526781092179583687595822993899	6.363964017365133507553309755167
18.556905984370128948057754314505	6.142915960770454653072647488443
5.947368507992298880537873628782	6.838065337746670024898776318878
9.811811462530320326891342119779	4.944012664235102327836557378760
6.228063549290063782848392293090	16.968393378959731876420846674591
19.228859321886954347746723215096	5.685029002522577812328563595656
14.442372819425109753410652047023	8.534170859574340184394714015070
17.003279677735307018338062334806	19.246565055767202778724822564982
9.283199577124483070633687020745	6.197625079095620215241524419980
0.146397654612247407612812821753	13.974887803767474636629231099505
18.081878364142013992932334076613	6.867399922039951754015874030301
18.953611005417826618213439360261	5.880314487566955072850305441534
1.626057252045276957375108395354	14.683586529623619654216781782452
3.288227274291755541923976124963	18.713465628170087740045346436091
6.453904894280875659262619592482	9.474468124247444222874037222937
4.820013912385898713353071798338	16.299445412288097401187769719400
17.039151893301930584811998414807	14.279874698924029274849090143107
3.427283259584840369171843121876	12.170555440277798453507784870453
15.929855139033280764238043047953	14.553736553713175538860014057718
8.251570029804874195633601630107	12.804496830661459938482948928140
12.439641237142540219906550191808	7.862634501848191348472028039396
12.091366987325192994262579304632	6.493795942443568058877190196654
4.441107312751367608427699451568	8.920304943861076196753856493160
14.920683156330230900721289799549	15.977620204322173336208834371064
6.008167339130412010206327977357	12.642503324268831832455362018663
7.539084627962129303568872273900	7.492508482220835652753976319218
2.237567596826369964446712401696	10.889607849740647438352425524499
