40
2.614315846305968804585972975474	8.075673354171374995758014847524
7.916912491931051398807994701201	8.934440782636539069017089786939
3.763728208970986699455352209043	15.646906567615161520734545774758
9.384565746116489748374078772031	8.034363013286615284869185416028
15.457075230120707942660374101251	12.651169653170741824510514561553
18.643260998704153763583235559054	6.057817241078372383356054342585
7.269955393968521306646835000720	14.371743696458306516205993830226
7.466084994312044642583714448847	11.633667503580339186441960919183
17.619504805223009213932527927682	13.519617091187818402886477997527
16.337671747147847867154268897139	11.844465055412840115423023235053
8.301341627810012724353327939752	14.099683841749532930975874478463
12.034844936136863680076203309000	9.126281429560497926445350458380
19.504778590620929890064871869981	10.444477322138828512265718018170
8.553467361979118166459556960035	13.721317608149959710317489225417
11.325408205260718119689045124687	4.080214248467078697046872548526
16.519601398655957780192693462595	9.720600791767736836845870129764
12.529495363023142928682318597566	9.950129493910592870520304131787
10.795843934690214638294492033310	14.628268674908110114074588636868
6.821930213114097085735920700245	10.106756380613262535916874185205
4.246718497114456702945517463377	9.454489749667992271042749052867
15.351565424698419448645836382639	9.605910550190754904065215669107
14.354319562283142985847916861530	3.567074562428587114482070319355
1.369891847647907168195047233894	17.642978732488288073909643571824
3.729342822181552996596565208165	10.543176280039775249974809412379
9.329293732009116268955040141009	19.249926183544911140188560239039
3.738379876045504701664867752697	8.557963589452105779287194309290
15.401645002208447010616509942338	13.201468746213876670481113251299
17.233332028318240958242313354276	9.121219104420712042724517232273
10.737915844622293093379994388670	10.676121572594199804484560445417
16.983085427011133106134366244078	11.633451264794043567007975070737
6.588501043303867099609760771273	6.917479624807805649311376328114
16.387201617251896834659419255331	0.611832645682579556734026482445
11.574332413333401348154438892379	11.993361188669259931316446454730
6.559321974505555097323394875275	5.815335661707005776577261713101
6.390574856265628156393177050631	11.625910628846165550953628553543
9.655356950650187286555592436343	0.106438920982904194900697802950
14.332363588298145273824957257602	3.488801039342217524819034224492
12.957213606502520519825338851660	16.298590493506395660006091929972
10.242228255388369007050641812384	16.528086032447355080421402817592
10.543460468475519320463718031533	11.912348884542817373244361078832
