40
18.600822897796753352395171532407	10.847462479074762242703400261234
9.259970129143669126392524049152	17.426249101619536219232031726278
7.919277513333451423704900662415	9.029011245479463099172789952718
10.058583828464000120561649964657	15.251057428004035187996123568155
6.754794647057179801663551188540	11.418169372456405952220848121215
9.661416808070102391070577141363	14.903977413625558057219677721150
11.586148101294270418293308466673	1.884592027273601644310474512167
4.197158097699929868440449354239	7.940135386529748373618531331886
10.618575640071281185328189167194	6.668964408724225911839766922640
6.402091677049217111061807372607	7.510050188893677258761272241827
14.401004810888975882221529900562	19.094990382761587000004510628060
13.785995270239332910477969562635	6.136715787726187087969265121501
8.054415594965094626900281582493	5.904676936951152477206505864160
15.971803700428875316674748319201	1.167460415560455988526200599154
13.264734239442587337975965056103	15.924557402853261933728390431497
7.117088571366748439572802453768	1.023805625811854413953483344812
19.475762729607030365741593413986	6.558981765823133969206537585706
6.284532666965554348337263945723	7.601025580312653850967308244435
1.016317116592730940283217933029	12.191707898291735290285942028277
1.193861166508040305700433236780	10.733221774183935082191965193488
9.793907962907780984096461907029	13.311088915592865333792360615917
7.562703102544163336062865710119	18.011558479915390051928625325672
7.442682604518041422636542847613	16.514950704643140966254577506334
13.966901640666632644638411875349	1.505567145810820850471145604388
2.641935011490064155736945394892	5.448408337701524217777659941930
9.913548152695719650751016160939	19.698496598144444647005002480000
3.532018343034868834706685447600	7.584221012546249696129052608740
0.705093729897707133247308775026	13.285932643178513856696554285008
7.039379737290532901283768296707	14.155908516091871618414188560564
12.713264463628991762789155473001	12.850096688792934429557135445066
10.650581541446452860100180259906	18.180678618981310989966004854068
10.919913180601195534791258978657	9.983798849181731327462330227718
19.733742579978301279197694384493	15.839379461615671118579484755173
8.855855692291013880890204745810	6.523558070323938196111157594714
0.511670928690894477597339573549	9.740784719577950667712684662547
0.495979822969826900092016330746	15.180748678042961685719092201907
6.379117369056214847944374923827	1.557760350683443206776246370282
1.963033517185771792412651848281	3.068635687974570203095936449245
12.267646156934059575860374025069	13.032892991579569041959985042922
6.825518912769402035678467655089	0.502301467685855707046016505046
