40
18.443260411028099099439714336768	4.108330467324961432495911139995
4.699556423504603230867360252887	15.079367657820373693766669020988
6.471120697737087645862175122602	9.039106361598346239816237357445
14.824112465103146618616847263183	11.477688293818623321840277640149
9.555260794502219212631644040812	17.450104223939110426044862833805
14.907369540906602267682501405943	7.379568757695348146796732180519
10.888644479551080834767162741628	3.489523798028305812124472140567
13.891971719706921462034188152757	7.570814954694509602006746717962
0.825783343801964608843491078005	5.711450724132625111906236270443
18.145329639416921452266251435503	14.503798981372458598571029142477
5.610582116681969822025166649837	7.886568739702183528095247311285
3.566707923473803276692706276663	7.780024554456389296319684945047
16.226130952908320637106953654438	5.708666555661640273910961695947
14.251031517423950134570986847393	15.691187317028974845811717386823
10.924156402368417673187650507316	10.698945223144407989934734359849
6.239384007502891904550779145211	18.613992443173252411270368611440
9.901710626685140681502161896788	12.579501120287330806490899703931
7.453540416037242266611428931355	6.754349804505284105005102901487
8.803989735968681173972072429024	6.969156635770461072354464704404
18.350365012416819610052698408253	1.501409026892895681726258771960
11.790072933157608403575977717992	12.235567341842431332565865886863
9.341467870131442197134674643166	10.974541111897609724223912053276
15.259167274863669305773328233045	15.129532693088021844118884473573
7.696545754762359692335849103983	3.921447897721452413577480911044
18.658813060964632768445881083608	13.478349873907273348550006630830
2.048153826411057476519772535539	12.840412043240363004770188126713
13.765686265371675389701522362884	2.536877297399925623722083400935
15.510485224193100606271400465630	12.731955124849477556381316389889
5.864353676731235864849622885231	2.458035652472724486017341405386
14.470431829261267253627920581494	1.385917676744397475374626083067
19.493961192131532556004458456300	4.824459069956467338613492756849
7.477101879493800673515124799451	13.182696583128317158184472646099
11.976185561811874435989011544734	16.110937207492636247252448811196
17.412363004419809442424593726173	6.587958300740257122640741727082
5.685896565914863032276116427965	10.705309168807515263210916600656
5.704363925087994502405308594462	14.937005244288593885926275106613
3.559892230883295649590536413598	6.652693009439485827272164897295
10.274682280439588311082843574695	8.745143779387877458475486491807
3.865627065545298002291474404046	1.691996758101002251706290735456
18.361807534501181748964881990105	7.112512758903799081622310040984
