40
1.902054278341706705646174668800	14.858581545330023843121125537436
18.639917137709474559414957184345	5.318103079752946271696600888390
7.088063160931536543785114190541	16.533912896657547264567256206647
14.782823576388491204625097452663	5.962179510677932725570826733019
7.404003897171151038492098450661	12.124484477682827332500892225653
18.244297716449207058531101210974	14.913377979299955455871895537712
12.330064066493477525909838732332	3.188834860283278338499712845078
6.011337565196969379144320555497	16.990150210685417420108933583833
18.129488707165425154244076111354	16.219150366977956423397699836642
0.802795152971324199597802362405	8.667117692024620012603008945007
3.549605020496017893094631290296	3.299999340203811470928485505283
19.975289426528437530805604183115	4.062456618485867920753662474453
18.921896637125151130476297112182	13.952217921989888083089681458659
13.341544314308972474236725247465	7.438031872702595137525349855423
10.003472883704128904014396539424	7.556183649689833359275326074567
15.109079458141632557044431450777	8.571507541844304967071366263554
8.699563644149485241996444528922	13.920714523874801571423631685320
2.726583025291092532427228434244	9.995399408400714946765219792724
10.578493344074161086609819903970	12.447424544175966332204552600160
10.320663913657629251474645570852	3.302169055420725918281732447213
14.704762358909142960783356102183	7.893750661992242179110235156259
1.284394254117001921144947118592	14.050594867148113564780942397192
15.835269054985747771979731624015	18.748215133290095479878800688311
6.674400247025809029821630247170	8.578474148039177293867396656424
17.356590640476028397642949130386	12.961153607172880342091048078146
10.662616872638386311678004858550	6.199204127961390753398518427275
12.349631955485380174764031835366	19.117102596924333113292959751561
12.483206829984965224866755306721	18.438051634871591488717967877164
15.092440575418269332885756739415	14.317056784403188629539727116935
5.921448088260792275150379282422	9.690461616992497084766000625677
4.219075095248824958105160476407	1.249295567188363875743561948184
18.579454620696566280457773245871	10.426091627629617164529918227345
16.568908642516838369829201838002	6.342597322800067161097103962675
13.610229936813517781502014258876	8.685469427144262510864791693166
14.520037300738550811729510314763	15.444928321196588427710594260134
15.061354817415036677630268968642	16.712619789640125844698559376411
3.271993684268221791455744096311	14.199165323209658851055792183615
16.176660929066230210082721896470	2.664190871203821586732374271378
0.557286184793507999302164535038	5.137300759541319372658563224832
4.750468148972501580828975420445	9.804563971356477836138765269425
