40
5.308636625518149187996641558129	8.397397814068506605167385714594
10.735898811340952363480027997866	17.570710625145324002005509100854
7.473555320834257997830718522891	16.072534506894058381476497743279
10.729148366365752309548042831011	16.218742721372819914904539473355
8.765505631716706602674094028771	8.267684448434511779169042711146
7.332924178993647679192235955270	8.462896477525646332651376724243
1.647567062327713216518532135524	13.603998648151057082600345893297
14.454840845697724205365375382826	15.108091520531395701709698187187
8.693633983047886815143101557624	9.878836105071583162384740717243
11.682803892250360533466846391093	0.924077690906473847576307889540
3.431438263530188770289441890782	11.423525271204956865744861715939
7.035995421352509993084822781384	12.796812443490050981154126930051
1.929075833523773653155330976006	12.942899395236111104168230667710
9.632547318117731904862921510357	7.365066491418502891974640078843
8.386562328905617036411968001630	17.867512301106600602906837593764
10.189973361249924366234154149424	15.359046739371013501340712537058
13.833872551377943693751149112359	5.521108512792499034560478321509
7.331738827527848556542267033365	5.390203380971898994289404072333
11.603289879557744157523302419577	19.759354581610047318918077507988
7.788960506368226788254105485976	6.188592097094339550267250160687
7.083861715172716344568470958620	0.315832964451047359943913761526
10.140081417147635889364210015628	16.509722314119731123582823784091
9.724479187742794294990744674578	0.353326307752457324795614113100
9.043760296413161370310263009742	11.792944272649950931963758193888
14.807446723695221635352936573327	7.835055004667227152026498515625
13.925589736811106789104997005779	5.200481559967816913570004544454
13.532433351528521114914838108234	10.876667862348883275558364402968
9.768034579054861055169567407575	9.722459613837719061280040477868
13.333228108381527832193569338415	15.325722692186506179723437526263
6.795303625424824467415874096332	5.515782069257940456452615762828
7.283709525687361185930512874620	13.953854711056740356411864922848
11.757785265160215715241065481678	13.261049208795173015573709562887
12.460497783634094659532820514869	5.953828949033236561660942243179
1.144754581286210992630003602244	11.772757920909793227792761172168
10.140790711952192282296891789883	4.169574129155111386069165746449
12.251670725474063772253430215642	7.424970135654511693701351759955
14.421176310400021236546308500692	6.453359111462142472248615376884
7.399585268019857942078942869557	6.101016887344610672982980759116
12.475113582349797169968041998800	10.059320115173308707312571641523
19.200172682593390049987647216767	8.608038768719254107963934075087
