40
11.590651938493749639746965840459	8.851430382584439371385087724775
3.896944323511393637460287209251	7.317758421142785074664516287157
13.872389308849355060715424770024	14.190310770822678776426073454786
14.204824194753287613934844557662	15.337073482392186818401569325943
9.704304289158244500868022441864	6.587596411707236754295990976971
15.384067572583710159506154013798	13.337572249561098658432456431910
12.901884547970732697308449132834	6.321456942385100141734710632591
5.548082210639102562765856418991	11.593586759471014246969389205333
6.221450813884661812380727496929	8.639653633768777041268549510278
6.281977820865272121864109067246	18.207290604839101888501318171620
13.794910936206933982361988455523	5.906309212760917581874764437089
16.716512771872405807016548351385	1.855671511668465223365842575731
15.487993990808575972550897859037	1.368013743615538624354144303652
9.359624379043761877028373419307	11.894354273846870384545582055580
3.560762200562108681367590179434	2.881230194883772188774173628190
10.539890090230695562922846875153	1.925711865952808965474218894087
16.626983127599292089371374459006	10.987818672557468246964162972290
10.023910570546039622286116355099	18.482987206830856052874878514558
6.851877561355429691047902451828	13.393611677360011569248854357284
2.873711978681700696114376114565	7.996829416504554366440515877912
11.897751284080744227367176790722	3.122751893774985632035168237053
9.773313392279268541074088716414	12.340609370285655188581586116925
8.657072052193814926113191177137	1.364636095388586989329837706464
9.232410213198745552176660567056	16.626985797874482386760064400733
0.033892521087639959631587771582	15.195119005185489413634059019387
4.887235485486556285650294739753	0.917490112560480186587597017933
12.331783855264196958501088374760	4.569163976851666753020708711119
7.036169831403046082130003924249	17.115674893739388551239244407043
7.541024350974160128657786117401	14.715476755101098760292188671883
13.754819402387299831502787128557	5.714005323470427555321293766610
2.941598418982068086080516877701	5.345254495264631700024438032415
4.991759495184922457156062591821	10.695836458410209246494559920393
2.217763705005604712994227156742	12.916104318004656192897527944297
5.002962687504773242608280270360	11.423659199080550052940452587791
5.929951914461028650293883401901	9.449066693791767335142139927484
3.959718186268565087715387562639	15.490303344574227750740647024941
3.555873921631071077342767239315	14.485691568915349591861740918830
9.032295970196729584245076694060	13.247563266447789587232364283409
16.519403615617051173103391192853	3.109197630428642611377654247917
10.702217629566021628306771162897	10.013703676034856115961702016648
