40
14.615843528795570804845738166478	18.233748389153937807805050397292
17.059471036864145787603774806485	19.161726597536635097185353515670
10.066649191426252585301881481428	8.083688415081724087940528988838
6.244479452308269173954613506794	6.314758107119489594083461270202
16.988344834944665961984355817549	10.693741999642643492052229703404
3.319764980614584359841501282062	5.882938978829296949868421506835
2.749486145179091955981220962713	10.080218930545447264535141584929
9.620781248150340303482153103687	17.116115774051056774851531372406
13.926388466564974422112754837144	3.411150293671427746744484466035
13.393465467878211683228073525243	15.771276136130186529271668405272
4.889615442671091827264717721846	4.427537668726869490853914612671
12.908570789614310925230711291078	17.447350871984006914772180607542
6.808651770884815768170028604800	13.977207755947361533799266908318
15.012415459080038715455884812400	1.421899923701698043032592977397
7.499638897779735913218246423639	10.208475539000211540496820816770
19.071333502943144111441142740659	2.100298628382240906375955091789
11.214170745070957124767119239550	16.552528781400496882270090281963
7.674161823707759566559616359882	0.787874522133247268129707663320
4.585326416120783399321680917637	11.389151614713629356856472440995
18.443176087226387238615643582307	11.909129567286642625845161092002
17.194623096197901190862467046827	0.545658475659520192380114167463
18.619649816390818841682630591094	4.707577846107651176055242103757
1.873473121630912174850891460665	4.877117344820714350817070226185
8.820570274039205571625643642619	5.162433983015643157443719246658
8.018879115637673749006353318691	11.716396040954137447442917618901
4.903698162744879240904083417263	9.879692389316611311755877977703
16.312425292872887894191080704331	19.090121398278995457076234742999
12.983253450952020102704409509897	6.176825470699409237340660183690
16.325247814486779418530204566196	10.340427748194482404642258188687
2.829669832200683465828205953585	15.303029130528598145133400976192
16.820470163712375466502635390498	10.970608826225779708352092711721
6.652084620419159932680486235768	4.786337716781511097963175416226
17.488622467377382463382673449814	16.998570100135061977653094800189
6.127179176353665823739902407397	15.891333829382741527069811127149
6.307747354254015448304926394485	6.669793559537387395153018587735
8.711962753468105447041125444230	14.236097900283759543071937514469
0.273800209976801767197684966959	9.183474497118488955038628773764
9.268730595541963879213653854094	11.580277941312715483945794403553
13.155247422312726257587200962007	4.878128301926347276662454532925
14.601315154966691522986366180703	16.953935694423208246917056385428
