40
12.808848116517074444686841161456	7.926733719936393640637106727809
8.183698295032943548221737728454	8.794590946046334067887073615566
7.947820782358979485593408753630	8.660175623377012854575696110260
9.541338684583813289918907685205	6.348708132675455750870696647326
13.491903188664409185548720415682	8.485748371066181405808492854703
10.635133042515439782960129377898	9.453198317345570700354073778726
11.644475988340285965705334092490	13.142157786874021141443336091470
11.245690586769290675306365301367	8.074442289470113109928206540644
7.959670027962868488202730077319	9.473627025100423537651295191608
13.163107229177732904190634144470	13.669267930684089407122883130796
10.752511974384356463474432530347	9.502138468003648696935670159291
11.750215319115905998614834970795	4.599304289140082602216352825053
8.832751350179593785583165299613	15.257373639469436810145452909637
11.887926718126875513803497597110	6.772360738274712410600386647275
12.161613065818995593758700124454	8.839576841576159083047059539240
12.520143771528799092607187048998	18.324127015252912542564445175231
13.804072745916219133732738555409	11.795990594075984603250617510639
9.560838652604143561575256171636	8.852508885595041121518988802563
13.311103920548642776111591956578	11.783254128075252964436003821902
8.318899502488228847596474224702	9.406811613902588575797381054144
11.038514406323844951884893816896	11.735769221513891125141526572406
13.827998126390008692965238878969	13.076517437978921520880248863250
6.541179524614525675474396848585	11.790721878477681272556765179615
10.480537283591216279887703421991	12.221132069257043539778351259883
15.249758391086979614215124456678	9.317025895676840363535120559391
13.304919442268062113043924910016	11.116912588174555409636923286598
11.923195449082662378259556135163	10.395657383195249678919935831800
7.167988715802489529949070856674	6.126112160734626499447585956659
8.659021494206745828137172793504	13.386927903062819211754685966298
12.846613156398451138784366776235	10.157844758005746044204897771124
11.665973927280203881196030124556	11.274146204550445915515410888474
11.568828406146195675319177098572	12.614836410811415490229592251126
2.729485636451118413248195793130	14.398826669298061986523862287868
7.256806266205206412678307970054	7.309361778010226906587831763318
11.636832894793464276972372317687	17.247357579491563228657469153404
12.338860520617656035824438731652	12.929384402787649221977517299820
14.632563734212920891764042607974	2.818001690223410182767338483245
13.774545728722857873549401119817	11.796873098419643710599302721675
16.836267772699464728702878346667	12.884194345650431756666876026429
12.824286586186310898938245372847	7.012574326382905454124738753308
