40
9.802716935188014346636009577196	10.594203300578936222109405207448
8.010801551829160871420754119754	7.863097573232971981838090869132
8.633387501154841103812032088172	7.554139914230223240565464948304
10.151583869924930780825889087282	9.967504863695213046526077960152
9.165406477270364504761346324813	9.005405738989702868479980679695
8.419919771860950419295477331616	9.921913043000134990734295570292
10.751408099823320796417647216003	9.710482645877341667528526159003
9.481429108938531413741657161154	10.634807789680039036284142639488
10.319507293320306473560776794329	9.915001065401575885971396928653
8.475742005570426229610347945709	9.909858210638978093243167677429
10.051928609129880953787505859509	8.764951236289810765356378396973
10.244647144232917668205118388869	10.339365109731211589405575068668
9.931131634510117933700712455902	11.979773563535790259493296616711
10.235584163217232855913607636467	8.492046998190492246294525102712
9.429049449654868908510252367705	10.025028448623668708705736207776
10.918972491621399711902995477431	9.542964876032435483921290142462
9.844167031747424800869339378551	11.601097607012322399100412440021
10.020021408569352416861875099130	9.156256627253675617339467862621
9.806784331485367545155895641074	9.088851957378688339872496726457
9.361298899080759738922097312752	9.947737586666914211264156620018
10.040292192568838203214909299277	8.334982907843835775452134839725
11.290878719359188409043781575747	9.122122773533400064138731977437
8.767489117988269242687238147482	10.319671544752830882885064056609
9.686839624346362143114674836397	10.799539495757059626157570164651
9.882943422684766332508843333926	11.569778668736258708804598427378
9.519582419900476821794654824771	9.369019159264141194398689549416
10.729763548752032420452451333404	10.262261358618012252463813638315
10.449913567868662767068599350750	9.912310889816371428651109454222
11.570901927416983312468801159412	9.195682680836807065816174144857
9.049701196193579377791138540488	8.060191173040228918011962377932
9.618127662110083520019543357193	10.004595588718478538226008822676
10.880144928496052969535412557889	9.016314025548462396386639738921
10.892001342886496573214571981225	9.558971154350730969895266753156
8.515224940807524234287484432571	8.926743434135630650416715070605
9.352540780883710880289072520100	8.152862881161436092725125490688
9.523827420958216549706776277162	8.214793051273661106392864894588
10.401739890112192910009980550967	9.874694293994725313723392901011
9.273084384247880507246009074152	10.633976073803188100441730057355
9.473738993512966999333002604544	9.840724283321405252422664489131
11.881388661447175536522991023958	7.373078948379871988549894012976
