40
3.882067638821184996089641572325	18.123873784994025015748775331303
18.173249541637812143335395376198	18.727391424611983694603623007424
7.683442960716039493718199082650	15.277023538770457378177525242791
6.215970461320102558033795503434	17.761900477655146346478431951255
3.009179310132976681302352517378	13.370759370279769129297164909076
0.265321996639477086787906046084	5.453120345524014922489186574239
9.379085767193595657431615109090	17.659964966137462027973015210591
14.262872958611575668896875868086	3.270791412097060479879928607261
7.260026001524620298255285888445	4.251801524767713225116949615767
17.532362340403228273544300463982	16.481064414559114084113389253616
1.988502678504990850427702753223	8.400438557760294244758370041382
5.604375965757370181563601363450	7.783394175413635096560938109178
10.668784187148467879069357877597	16.808744709506271419741096906364
14.332659233951000388174179533962	10.097385688248463608829297299962
9.151212981704658133708107925486	13.889230469326463435209007002413
17.363717881900562645114405313507	7.849926751917516654089013172779
19.722918650359776648883780580945	8.551465354447278954808098205831
1.030670314149423338889732804091	17.883451361434435256114738876931
19.476926172092721145645555225201	12.160801974478451015215796360280
9.127971603070916373212639882695	10.455332711592925321042457653675
9.829436208480142767029974493198	7.287412467931407178411973291077
13.866663906319052657067913969513	3.163506679654201292350990115665
8.209999780086874920925765763968	14.383192886070533589304432098288
10.362929509560059315731450624298	8.609863986598448093445767881349
14.128755634013863584641512716189	9.820644450949556514274263463449
17.360629149612449850792472716421	17.838486536946771110478948685341
10.045625263056830789309969986789	8.985517932767804083482587884646
0.156761734839531152729819041269	11.530872856760582934043668501545
18.242847146409005176792561542243	5.313622724886740478211777372053
9.375889000471122614044361398555	8.899111111009633034996113565285
5.179516936760966139274842134910	5.052973900589682543227354472037
6.361166933614452290157714742236	6.803834572933351587664674298139
14.441409939704476173005787131842	8.330087275482297215489779773634
4.347239944504747377607145608636	2.400381040193884096822785068071
6.365622409963422434486801648745	18.100570846489560494774195831269
13.367861508690637606378004420549	18.086766907565412054736952995881
8.580792150155028608082830032799	10.765516519178817134161363355815
2.993539312233188809386774664745	9.882553326075671051853532844689
17.491063748266583388613071292639	0.246931523769455818495544008329
19.954273164873367107929880148731	14.109271307434989140006109664682
