40
9.627976072551518882391974329948	6.970232475990015608147132297745
6.083032423952356992913337307982	9.580542598829419276285079831723
17.419515766454438221444434020668	7.696256428370041646758181741461
2.778182079392240488857623859076	14.304675542266954479941887257155
2.327293449529237445716489673941	12.734485788630145464139786781743
18.409443251591063983596541220322	8.655936147025231619522855908144
15.577545998643572033870441373438	9.729320225748553596645251673181
16.681332004268256241630297154188	6.957937498837353906822045246372
5.713973607612182981085879873717	4.893326917042921664346977195237
18.955586908564171721991442609578	19.842731683640408846258651465178
16.148245784188734575081980437972	2.776033992827702245875798325869
12.865663339980205392976131406613	16.859931141553424538415129063651
15.651892040582849219276795338374	4.463705221514823406891991908196
11.344529066333182143466729030479	5.344329448912618296674281737069
19.322570218559267374303090036847	17.092780709459212573619879549369
4.803616302145439220794287393801	1.478685056964014199465395904554
6.744579570895242959238657931564	17.519109206864296623962218291126
14.311296289404754844554190640338	13.957960897261315835748973768204
18.542473645635109136264873086475	5.706065201824019439413859799970
16.338734282074838688458839897066	9.146704200292305131370085291564
3.237425622344400899521588144125	9.720055681702694627688288164791
18.081307913487027150267749675550	1.812433363827224974684781955148
16.000570079178302762556995730847	13.860440434572382173428195528686
19.992406842565134894584844005294	9.002450270239899410285033809487
5.958455834120134575471183779882	2.030523155868591000938749857596
10.799428722051244378121737099718	4.368099261844141878441405424383
17.567792698194725886651212931611	15.409795618843952880183678644244
15.671540552638775878335763991345	16.082021630768306152958757593296
18.350413408607632703706258325838	12.685237934596178988044812285807
19.559693235890001972165919141844	0.066314095848626353202348582272
10.984053352108759327165898866951	6.591336916323382588700496853562
2.121080459177215882249356582179	12.099471806710599963707863935269
17.754245639507573173432319890708	3.224312282142300034593063173816
4.258573650673062260807455459144	4.388153198405052357600197865395
14.724175543588049919208060600795	3.728067441502055601176834898070
11.064954633178436083085216523614	1.478894956225642598468539290479
8.587520225891175584820302901790	12.137956596804887254847926669754
14.119700580338161444160505197942	11.440385629134032896558892389294
10.518155868424958754303588648327	10.487341198274089393294161709491
10.549905996841710376088485645596	6.294645508080241924631081928965
