40
13.159740104987980302553296496626	7.591585955209984248881482926663
11.612703305996681990563956787810	1.774326052739442438621608744143
6.058991835994606667270545585779	1.970806219067699149860573015758
14.433805409851707679536048090085	17.827624517417024918586321291514
7.597527895906232231482135830447	11.198336267408665278821899846662
16.925652087847087301497595035471	7.243935206548172800467000342906
15.553276819206601544465229380876	3.231125446473036788574972888455
3.308375750578317564531971584074	13.987900086351409356666408712044
5.186835964493512918238593556453	15.499395986544211467617060407065
8.662245226140438347783856443129	10.671994703700898199372204544488
12.776069749259130858831667865161	3.842600645800966052689773277962
15.228993976408919053255885955878	6.235884475485250710846685251454
2.834408843969800972928396731731	0.866854040459752450686892188969
4.938263452509978002069601643598	12.375044732825742244131106417626
9.084638441919796747470172704197	11.599196716103181259427401528228
3.217983144080819091215062144329	9.129587356390537422612396767363
19.679048184644660324238429893740	8.978110420285679182939020392951
16.725550533090466132080109673552	12.846218611523463337675821094308
12.043193208943231198304602003191	6.075128177460618061900277098175
19.489113687972299260309227975085	7.054756629350051433391399768880
9.725887203122761448526034655515	16.826120982069681986104114912450
1.086040775568626770564151229337	14.744168836248501719410342047922
0.661665510948320712003578591975	5.441950845356457122647952928673
11.087165543352968555268489581067	4.307498081404707690467148495372
10.070076409162727060220277053304	8.666569743226135713598523580004
13.781011711676807607318551163189	3.106439484957687291455386002781
19.468954908057071406801696866751	14.021307188575537594488196191378
10.389764967356821756538920453750	18.833853125879649326179787749425
16.394509279886438690709837828763	6.448569042052159971945002325810
16.076883418359557254007086157799	6.722470178635246540466141595971
12.085540272466667843787035963032	11.175222503574746113486071408261
10.448845911646278850071212218609	12.334435154749613161584420595318
15.342288862513093761208438081667	12.493279832284965635835760622285
2.314096443984352546863192401361	8.098817054560591088829824002460
9.590455710021197788250901794527	5.892257646137043280987199977972
9.899774808235639156350771372672	6.350520863310006980384514463367
16.730245179362611906981328502297	6.759485854023978390614502131939
12.054611282474274602805053291377	6.842668387777564475982217118144
10.306651191407970813429528789129	4.404570035206367251134906837251
11.212566798047323146647613612004	9.991423104964217927204117586371
