40
11.006063834139482082719041500241	13.823911451165862729340005898848
9.634796801498131557650594913866	7.128255430672716386197862448171
6.651632374678722925409601884894	10.432562170169248361162317451090
10.664668434417407638648001011461	11.717150411567944345847536169458
12.139355753954625072310591349378	8.729100566616876832881644077133
11.187636004607856676784649607725	6.638240712632335061016419786029
6.956734537410649288347030960722	9.824621596777683762979904713575
10.718515522098455150512563704979	7.583466844224489911141517950455
5.601737758217543827754525409546	10.916466923961278823185239161830
7.437028778655915495221506716916	8.959395861871978894441781449132
10.384720995647647612258879235014	10.439519033504815581636648857966
10.540530668732216668104229029268	11.923637636692486552192349336110
8.451158587053241078024257149082	9.580112138672811639139581529889
7.671435532085633113297262752894	9.696020443204249161794905376155
11.067461036038061195085901999846	6.303631370465676120318221364869
13.957856586593177183885927661322	11.612005621540637534394591057207
10.944238481319555233994833542965	11.286104003335077905489924887661
11.219176388799137811247419449501	7.814177581979194542327604722232
10.833401571096560545015563548077	6.224233700302347571664540737402
8.343269979780711054218045319431	10.583591599163611363110248930752
8.003989882816290091227529046591	9.960358271920984662983755697496
8.819426884049764936435167328455	9.401508141820139385913535079453
9.700184842726010003843839513138	11.828717177397184201481650234200
10.630500650018957387032969563734	12.881629561587955024037910334300
11.354177252056203428765002172440	11.144532760971287643769755959511
10.565430196912496185746022092644	8.934024826822636100587260443717
9.350766437825731358657321834471	8.633435898987409373717127891723
12.234046162806826885116606717929	7.181229427536404585907803266309
12.119372949833760344517941121012	12.124499861980615023071550240275
8.918305124275320849847048521042	9.563351949204385249458937323652
13.559133651356253480457780824509	9.958252774340810020703429472633
11.257024544354512940458334924188	10.459273088614931879192226915620
12.108427758078658342810740577988	8.490987548309870902585316798650
9.358756805250665777862195682246	9.561183655569470474233639833983
8.968291644138405516173406795133	12.512308450745454280195190222003
11.327042448725876511161914095283	10.707123459826069833411565923598
9.803555129739866202953635365702	10.716432710380180637343983107712
11.783668469307670534362841863185	8.990078074353773374127740680706
12.251203305697984546895895618945	8.832436948590810743553447537124
9.998273539513803598310914821923	11.201346585097370578409936570097
