40
17.792376697840712296283527393825	13.866561916560103284723481920082
11.858793226976233725622478232253	9.445062550945635848620440810919
12.426528128954004159822943620384	12.594852397852752901030726206955
2.013586830577327901892203954048	4.508105156804638191658796131378
15.514430946503470210018349462189	8.938655901134277215192014409695
9.970118708008756769345382053871	10.078682283166051192324630392250
4.714917195799606552952809579438	15.283340377498316087212515412830
17.734088287987447074556257575750	5.610422162804017176540583022870
12.576523822837023303122805373278	16.973289384461622830713167786598
14.482794777014984077823100960813	13.967930870021069367226118629333
9.560954528587988221488558338024	3.082911895410738623013457981870
9.905120633872986246615255367942	13.549908439764910994540514366236
6.982939887435938075554986426141	0.036594144024794772462882974651
12.866800266810152209018269786611	14.521250881350111328060847881716
16.515790794919038120269760838710	12.145456337533728330413396179210
12.814672303957646448679952300154	8.694251489637521146391918591689
7.640630815772851747169625014067	11.090951943683272418184060370550
6.078483468898907560173938691150	13.563724758086898702913458691910
12.344417205732394648975969175808	5.894603352543975383071028772974
5.922269810483506979892354138428	18.312028356025756181679753353819
12.603640494563130403093964559957	6.506563544448454194935038685799
6.002662002424825615776171616744	18.952392829708742283401079475880
17.711816845794832175897681736387	6.817874417389115038190539053176
10.563035245468407552493772527669	11.757633586703253314453831990249
8.469913456636042781155992997810	10.445226500745947717518902209122
5.882075583253182138321335514775	13.897357365192569034206826472655
9.562222077537075648479003575630	10.514253272582335441143186471891
11.024343280508539066886442014948	14.013067681278428722180251497775
12.440887290074561732922120427247	11.889472695939291568834050849546
10.006183483235940201439007068984	12.549672423755250605381661443971
3.956848038073546014459225261817	19.204880103541150049295538337901
9.932858554171595244497439125553	11.440482293421764481422542303335
11.989425974622411885661676933523	13.825622958576863297253112250473
10.296045122684599704143693088554	9.582011592976408920208086783532
16.675613459398650917364648194052	9.962839845222246637490570719820
3.051219316947288540120553079760	12.387910288628003030453328392468
4.880278760981151542353018157883	11.339749844867126782332888978999
8.769598574067398288889307877980	5.743635953118339187994934036396
7.828155368503590949558201828040	12.486922377275057272072444902733
9.621532547479640484766605368350	11.584277557178992879016732331365
