40
3.709551501451716859492080402561	10.008228736304578987414970470127
18.508616455849129067701142048463	12.801277267377358271005505230278
4.952294635152037827197091246489	11.705822951184018165804445743561
6.428680014729460268085858842824	0.151234098651894965925635005988
9.084350886665562896382652979810	19.639274522988440452309077954851
13.069178094610414575527101987973	17.485385872187993783199999597855
10.609646158853067277050286065787	7.004191722894920424380416079657
19.268241133442614909654366783798	3.613636342482308361212517411332
8.385116976015133616328967036679	16.879671958967328748713043751195
19.492314025170394131691864458844	5.916150114020111594470563431969
13.566905708520684115114818268921	3.212901576580399876092997146770
6.693082568729725068124025710858	14.102159918136624838780335267074
6.203411518865151741408681118628	3.290854606134569593223204719834
1.473034456663944169463320577051	16.455314436250219500834646169096
11.712804296564199191266197885852	8.911877712835199361052218591794
0.358787762091959061550028309284	12.211363936654521467062295414507
8.468614197656524567037195083685	8.053302187710713155865960288793
7.392237394808537587209684716072	13.298296028649209787886320555117
10.254877131312873927981854649261	11.497983688101124144509412872139
19.406084808883974801574368029833	3.272750873371612190254609231488
5.648658481077189819075101695489	3.183274385300342235183279626654
14.790994143205994149070647836197	12.005834186821839892900243285112
18.379031888268638539329913328402	5.368098675121757423767121508718
8.670771786447351914262071659323	13.707703274341310972772589593660
16.681683912923237045333735295571	14.628066013458701277727413980756
17.525858046505781828727776883170	3.149208750857934280276140270871
3.274242009772485140217668231344	11.819153476724181928148027509451
16.025035100151733047368907136843	4.349069618051223606869370996719
0.268906577976246285999195606564	2.735462174562849124725971705629
17.764788018747324827018019277602	18.666535679019300886238852399401
10.383763878116230472414827090688	5.248231403156709440338545391569
15.300257222025352987770929757971	9.497400088630012504609112511389
2.928364215136657122684482601471	14.713494159551432360899525519926
11.914549658591358394232884165831	9.002118423153552484450301562902
14.007255120972025963510532164946	15.629232948106468015225800627377
16.562114125390671404147724388167	6.342397105760434250498747132951
5.565613067986913797824399807723	14.678937273587926881646126275882
1.559295216002221984297193557722	8.623038573867845002496324013919
3.788413821262217595631227595732	7.572268110012957187393567437539
15.255920655501677529741755279247	11.796695015811076601153217779938
