40
9.480755499025946164692868478596	10.732352437218231955284863943234
9.235398068144000660595338558778	9.429801593472744158930254343431
8.884000400609089354020397877321	9.158303873124580718467768747360
10.059819669157176846852053131443	10.646080544989359850660548545420
10.506965961195527725635656679515	10.923908494463589136103109922260
12.053537307147902168935615918599	9.771792570030658708901682985015
9.064946337181321922571441973560	12.285232657331757621932410984300
11.158064727503157698151881049853	10.326835254095302119026200671215
10.591178824878877406945321126841	11.092046065417349609560915268958
10.413343868845872819406395137776	10.276983152122701525854608917143
8.662232866600669822787494922522	8.802567173073349238165974384174
8.645157934290105927743752545211	8.523288056020653868927183793858
9.123481396593229320046702923719	10.345917041392103996599871607032
9.214071263588456517368285858538	11.489445177639861839224977302365
10.188882488325242903215439582709	8.677915026335249137900973437354
11.431445546481208808131668774877	9.930920473193250330723458318971
11.473728211796977660696938983165	8.908532838433744771577948995400
10.474941120312381670487411611248	10.537914813071258990362366603222
9.324202667125524257585311715957	9.574523777893405807049020950217
10.492407312020972653954231645912	9.043559482216307898738705262076
10.567612000813008776844981184695	10.488570976628171393940647249110
9.470696214900378606671438319609	8.771910039403389092171892116312
10.628363675842578572883212473243	9.006806327070359330377868900541
10.756964084789828461907745804638	9.151702690978247289876890135929
9.103010647835739987954184471164	11.008321056936990700592104985844
10.741102688026622047345881583169	11.165054999141624136882455786690
9.334547096952476863407355267555	11.246500007286696742880849342328
10.234937201492952496550969954114	9.653315001612213563930708914995
9.052106455517229477436558227055	10.311113308806918453797152324114
11.713416804415510696912861021701	9.884705460028518686499410250690
9.114762450481794786583122913726	9.896398086253620718366619257722
10.800995283455916862180856696796	10.521986423904104768212164344732
11.005967809784941380257805576548	10.791516205106013615022675367072
9.038542449783257382023293757811	10.512430255171658188828587299213
10.509220948967570308241192833520	11.415567858545225377042697800789
10.183354651216639297217625426129	10.421814182247338465003849705681
10.266183284012297960430259990972	9.054765321570990010968671413139
9.434482466464434224917567917146	10.300051151581348207741939404514
9.058365452515689142387600440998	9.434660086011705359965162642766
9.537624566919863156044812058099	10.360620359153335456880995479878
