40
8.205566977087439539673141553067	7.934752219315317489645167370327
9.693948975535164436223567463458	12.260068546685925383599169435911
10.174161496120515124630401260220	11.488114131946288054564320191275
8.605786378115256596288418222684	10.230385593406971622698620194569
10.206968752083941609498651814647	9.232859270726079259361540607642
15.473047946352544101955572841689	15.197668780088877227285593107808
8.713696355609830135335869272240	9.919608489260353323402341629844
10.583216480959327654431945120450	10.299107165185168000220983230975
9.954752164286604809717573516537	8.137185262145347763862446299754
6.070095565483084598668028775137	10.634243864637234366909979144111
13.316992337470477281158309779130	8.350007041133483909334245254286
11.006168739225966390904432046227	15.749526015666651446167634276208
3.205868028788260826189571162104	8.508234412709116512019136280287
10.299198612197356439423856500071	9.606374680121865239357248356100
12.683266847520549447381199570373	6.191119447353552018853406480048
9.258247649438976267788348195609	11.718370960311315087665207101963
4.756323806705717416321022028569	3.693336845836987958335839721258
11.345615221937510597172149573453	15.520239515307372002439478819724
12.072105009855782498107146238908	13.649649250971828351453041250352
7.940663269824910663885475514689	6.568096628932593716854171361774
13.610386706040122462013641779777	5.816252090975617683454856887693
16.996470050889925573756045196205	14.037870929365908523323014378548
9.056577360326171444171450275462	9.090445410436636564099899260327
8.109694214088445818333639181219	2.697871505194183949782882336876
16.924567902000593022648899932392	9.652433475472806279071846802253
9.914208790010411220805508492049	9.369378252934616568836645456031
6.612662865026429415138409240171	11.086095903509843196843576151878
9.823398479739243072117460542358	6.784637608861487478861818090081
13.048048760257447753474480123259	12.345235450080735972733236849308
7.903840345563681424323476676363	10.295565995011463300556897593196
10.081053795737132006138381257188	8.773031423480201596021288423799
7.569584329210387707576046523172	5.034581798081010362011511460878
12.927087177911962712073545844760	8.896322952404670303394595975988
9.627782347664849638135819986928	13.779069871379292067103961016983
5.126863071540959104765988740837	12.999283223909118945016416546423
14.782121932576830047878502227832	7.283096782230784604905693413457
7.522908896367804132410128659103	14.045574645580982675596715125721
13.646170805568385020478672231548	4.837978645404003685825955471955
12.526912923548769285275739093777	6.505211616734394297623111924622
13.722506771958444815595612453762	6.042230498700577712156700727064
