40
9.557870934369876891878448077478	11.575402353082296258435235358775
10.015837912439639723061191034503	10.826302151628159009533192147501
7.241375484586325406155538075836	11.593830085750457925541923032142
9.583227153147079846462474961299	9.721219387720136495545375510119
8.989558960908548002066709159408	14.148945232844003072614214033820
10.572924871042019390188215766102	8.591063104351874812891765031964
11.502744733030503709869662998244	12.391043367575020894832960038912
8.866534915847461562066200713161	5.486607005811064752265338029247
12.362415436011257696691245655529	9.743238946813857381812340463512
10.035208420125830031111036078073	9.101435511296493530153384199366
11.294509017567424535855025169440	11.289647214028917687755892984569
9.403803493950498193498788168654	8.493909235610225039181386819109
9.945009700327229751337654306553	10.013380614676117730255100468639
10.923832019600888898480661737267	11.175173157882598573564791877288
9.184138057398076426807165262289	9.312487616218668051715212641284
8.689477321908443130382693198044	13.561312113597196571390668395907
9.369049103506348785685986513272	13.440578736540212290151430352125
10.636990628331794539462862303481	8.503667146312292146603795117699
12.691085876986520020182069856673	8.572076924241176953955800854601
10.381242784090769504246054566465	9.696709329532687604569218819961
11.802350441540102821136315469630	13.381078517492301926949949120171
9.350357179906579219164086680394	9.563120561103115591095047420822
10.440695970928562275048534502275	10.056862693222910820622928440571
7.846181961628644785378128290176	10.556150037759513438118119665887
6.977403543137519648098532343283	8.888985624237800919900109875016
10.740540505411116711798058531713	11.772703709061980603678421175573
10.368709418599181049103208351880	7.293042491893934275992705806857
13.341845840560550229270120325964	9.328496619244992515973535773810
11.533744780484109782037194236182	10.511009540780829496497972286306
9.398731029149207216732975211926	5.762135859952081773371901363134
9.851594138360635355411432101391	7.727993259192158959081098146271
12.904912482243595661657309392467	9.998617479251993955813304637559
13.114107335772796858464062097482	10.593946416766655715946399141103
10.487118556503613575614508590661	7.938286379454128294241854746360
10.298868512659455021207577374298	9.386306351815411730399318912532
8.744074728097320559072613832541	11.007777440160124271528729877900
10.022897212468793171069592062850	10.840849239205720522249976056628
11.962086423609083141172959585674	11.375601122378546037339219765272
7.521030961748802923239054507576	8.101067148544535356791129743215
7.928108609768196757272562535945	10.479019158371947639807331142947
