40
13.218051207406622538087503926363	4.377967388702107776055072463350
13.377511446068080402937994222157	16.336493054449043427212018286809
9.568413020939832591693630092777	7.334495944947938106395213253563
3.545612522434119284753251122311	19.388283178867769862563363858499
9.974328143624770603992146789096	9.758437473614494095386362459976
11.385212543697900144934465060942	3.926463124385617398104386666091
7.123085721851719398500790703110	14.019038953475197573084187752102
8.487104808127769572934084862936	7.307427287455336539778727455996
3.665624437401515667289686462027	4.871026157365117015274336154107
8.522902494899172509690288279671	6.818894195510178057872963108821
6.918151298891198841545246978058	19.408345731665090028172926395200
10.034125766266329904397025529761	8.088940839093517354285722831264
0.039309227523498524448086755001	11.116001580524299541252730705310
8.983358030552455630868280422874	9.149987482764467827678345202003
0.479566661756909429215056661633	3.415271173058550324697080213809
12.772749689936384598354379704688	10.073452854251378596472932258621
11.153968396258774120610723912250	16.558247117543270832129564951174
4.710421476277168117974269989645	4.568386267973933989594570448389
15.869138570809713684184316662140	11.860387923686168676340457750484
16.271742771709590158479841193184	13.193940222860064181986672338098
0.092479837417408505828575471241	4.390593592038674941591125389095
12.510804409330319231230532750487	19.058796946832750052180927013978
2.291797132833306438470799548668	17.466085926007448136942912242375
14.288767079282633787329359620344	16.860559189276429492565512191504
10.352957533951110846714982471894	9.336305695310549879195605171844
3.541160636474490530645198305137	7.758857664998122238841915532248
11.002042156549872942150614107959	15.054065625346673584772361209616
4.939414624752394011863998457557	13.919353958302046692097064806148
18.578162854050095376123863388784	16.017699991726086494736591703258
4.901811865638075360607217589859	13.481761065954614764450525399297
7.520453001837295481379896955332	2.520188128898369406272195192287
7.999982988821175311500155657995	5.655310364079524809710619592806
11.451921951417379119675388210453	6.667572089053535933089733589441
6.049053195800158988504335866310	8.558906382278042457301125978120
7.102918979174354774386301869527	15.967909308487250541475077625364
5.502778875941833902629696240183	7.115114238258388290603306813864
6.124516636056556606604317494202	13.990312979039508434198069153354
14.648094748308656321000853495207	13.386874826003779759275857941248
7.129512626164969724129605310736	16.414476492341364632920885924250
11.066334732177912414385900774505	12.447380773633481609863338235300
