40
17.789512546375750190463804756291	15.922387682826416366310695593711
15.027027583715566905198102176655	6.863545145977429484673848492093
7.701787654412715511398346279748	6.206339682835030124863351375097
9.961300512222150516095098282676	4.568223572429037204756241408177
2.782534278769034141731708587031	15.595947844608213372907812299673
11.125246428479558247204295184929	16.726309463621099382635293295607
0.530120407279246919074466859456	1.842823683004250145955893458449
18.672139002744451374837808543816	15.211338538542499065897573018447
10.251561836677023364927663351409	7.542461654134269721794225915801
0.448091107287868162245558778523	4.802831589869665407377397059463
4.519076549294114286681178782601	2.974236715359476423969908864819
16.375538262535396683006183593534	7.629984376267084478229207888944
7.579829666400342169652049051365	9.647743259326897913297216291539
10.365603981189504878557272604667	1.805564446623937335800746950554
9.541058041334721906423510517925	12.261094668912884131373175478075
4.958148049704441895357831526781	10.045521055972447044268847093917
11.866620997857864949764916673303	9.384827378772566675024791038595
6.012560643388015435562010679860	7.235146142037119254553090286208
15.123510240201580856478358327877	15.693795078478265381249912024941
11.163878691490960903820450766943	10.068279258391578778741859423462
15.451302242321538926717039430514	1.450085511825257800211375069921
6.104139959127772740998807421420	6.569739939890102853325970500009
15.959436841546477126030367799103	0.571654590528864581244761211565
15.840122945239951235407716012560	7.877626388668161894202057737857
10.167769356936112501443858491257	18.591679996902662708180287154391
12.389654155112099331859099038411	14.940590913243189774561869853642
10.052802498942408959692329517566	0.974468731080608385752839240013
3.109907032326839626534820126835	18.236314068884183825502987019718
12.094693899480787990796670783311	4.953361797773446539849828695878
12.447646823984554131925506226253	17.571837861032825856000272324309
5.727732716934696988175801379839	12.315298517970651559494399407413
2.572946937168699044207187398570	13.056513721736743960377680195961
7.555900716847203213433203927707	12.671612121579434173668232688215
12.239580320281175929153505421709	2.025813312766807872122853950714
8.437824973247348481208973680623	12.059559709247540837395717971958
18.765732168090245579605834791437	4.071119819865670841352311981609
7.708073327595649004706501727924	8.134356436906163168032435351051
13.176960040601732870868545433041	8.292504727828797328470500360709
11.604656254795189695983026467729	8.529024033764152079584164312109
8.205506695230212699243566021323	5.947837052255989576110550842714
