40
5.846713733698885917533516476396	11.549933085955606415495822147932
6.445475485456688247154488635715	6.284129773024678122794739465462
9.400591439761301515432023734320	10.087559227524751648275014304090
9.527616768031785809967004752252	11.454803762232245389895979315042
9.412946589319627577197024947964	8.672332111691765987870894605294
12.344054925579882819874910637736	9.491991738826904168035980546847
11.058571108696783724667511705775	6.014265830878322560693050036207
9.134732094014895054101543792058	11.065156822419339732732623815536
10.117247280308315993124779197387	6.531253168050654700493851123611
10.346739244985760919348649622407	7.184900096479491793388660880737
9.889155042230257208757393527776	7.732243793444660617808494862402
11.740521067035961877422778343316	9.042881337583322576278987980913
10.310878132923638972329172247555	11.936839933700294835716704255901
8.515889250315618497211289650295	10.304513405045574003793262818363
9.141396805974020267626656277571	6.358286968603993116744277358521
11.769431398775372699105901119765	11.032256345850299794619786553085
9.805878677353081940282208961435	7.756567581505070307912319549359
10.124560223416496640425066289026	12.816983953765756609755044337362
12.076479291167380836213851580396	8.180927605703537608405895298347
5.976635926264640019667240267154	10.278954905653563400846906006336
10.563723767120160701438180694822	10.329380102896946524992927152198
7.016200961900003640892009570962	11.299901377727993079247426067013
12.479484969720635589851553959306	9.659305963085007107338242349215
11.490225761577669061352935386822	6.470059250081082069527838029899
13.326542430258237814655331021640	10.154222077283135305947325832676
8.540203813536317412058451736812	7.002380144030380115793832374038
8.077675088669835190557932946831	9.393906583052039849235370638780
8.607867265525294797612332331482	8.653492717919760934819350950420
9.968618194615700645044853445143	8.468307268441760626842551573645
9.653483223826750503349103382789	7.919877294847553983458965376485
7.030812873089868020315407193266	8.883965376233986077636473055463
9.107011594332627524295276089106	11.902480958976184410857968032360
9.258976333056308405389245308470	9.516417199105434931993841018993
6.873796067183867819494480499998	10.999447596372926128083236108068
12.203624812703427693350022309460	11.933995106486516846189260832034
9.280561585405775915091908245813	10.773058593055846898778327158652
9.760105985757784097245348675642	5.960343212134148416225798428059
9.163645794204599681620493356604	15.273063157459727534615012700669
11.367116047553064817066115210764	11.873940444229162949341116473079
7.244928292270067515801201807335	7.757071512644801103419922583271
