40
8.134517305960629940386752423365	11.539124121698531411084331921302
10.079639452623203155212650017347	9.891176972834619718355497752782
9.326858243030724082700544386171	10.430791678067478756020136643201
10.006796819152466326841022237204	12.147585755269661333954900328536
9.392353137646813010519508679863	12.072784590786667990869318600744
11.813529343619357803163438802585	10.589673520179957222353550605476
9.939112591297739385254317312501	9.856603052692273436719005985651
10.016802173192948188784612284508	9.078723865843958407140235067345
10.758468789413601740534431883134	7.730440240600414014693342323881
9.822292400944663270934142929036	8.643597799712839702124256291427
11.946666816205564032316033262759	10.426363140522083128303165722173
11.316733817228143976763021782972	8.817594651313719111840327968821
8.823668205543221176867518806830	6.879992436602446304050317849033
11.088252605312447940377751365304	8.278603671842221345400503196288
10.723187311068592464380344608799	7.293057637243530955117876146687
11.634688904958505162312576430850	10.748414220615803316150049795397
10.511449278274444196767944958992	12.261804984751218938754391274415
8.078990300050394424147270910908	14.630485459111980617308290675282
11.094081443059470970524671429303	10.685925995006250843744055600837
8.876954571793065795759503089357	10.494249604685206733734048611950
8.618807310626618090054762433283	11.563702093162030237749604566488
12.752288423592329280609192210250	8.671380738991397052473075746093
10.294217524917284478647161449771	5.074291768112376921351369674085
7.108922083878123743261312483810	9.178458587274013424917029624339
11.306920725714700637354326318018	12.001409473811548878074972890317
12.780813735043251355705251626205	9.724195427983810091632221883629
12.101351202947041585389342799317	5.586127478644054455969580885721
9.735937716380849593633683980443	9.088637755468486290055807330646
8.434518281967832820100738899782	9.613429208979120232925197342411
13.153482020122412521345722780097	11.566559511002560967085628362838
7.798506921783628698108259413857	6.701196544035417090867667866405
12.755237061310133128699817461893	8.758222972241645365443218906876
12.205919052498801491424273990560	11.315448615875064675151406845544
7.340680895384208426435179717373	8.016337981392798184288039919920
7.224474537643230220851364720147	13.303753598684512127192647312768
9.613396431186430390880559571087	7.001001800019707843603100627661
6.638070752756749293155280611245	8.201797306575834056729945586994
14.875558168549090964916103985161	5.678047553329286678547305200482
9.676387348995904247317412227858	13.519428804798248933138893335126
9.325431483740509008839580928907	9.223639617675893020987132331356
