40
8.661028901024902637573177344166	14.723367236993389894905703840777
5.014096865119618939843348925933	10.000348204774621052592920023017
7.558535874348716987469742889516	17.053435923894760151142691029236
12.316456867567531219265219988301	5.186716664440230495358719053911
15.125014162353908275804315053392	16.928113081805303608007307047956
9.071913458721132528239650127944	3.580858748945770386740150570404
4.867072074614612553489223500947	6.374763613201752221470997028518
14.793553943284237561783811543137	9.574827425428695804043854877818
12.951925070886868951447468134575	4.287240706741059170781227294356
2.268215622674165210526098235277	5.182426422303175961303622898413
4.264489718206518453769149346044	10.703788943324925142519532528240
13.393097534109653423683994333260	10.438195224454828391458249825519
11.736395706398251803648236091249	12.774346532891089012196061958093
12.174257798719345657900703372434	10.887608908048479250396667339373
11.068654419932322241493238834664	3.335279028161993508660998486448
8.544844209343430918579542776570	2.929765531439858960993660730310
15.821779569296630540975456824526	11.651463749290359217525292478967
1.143261209125036259592889109626	8.770224824030817600828413560521
9.587875850198338767427230777685	6.956075316428462329554349707905
7.149947548281394560376611480024	14.287820055957729081796969694551
8.351424469524978633216960588470	7.071998817242819868056358245667
10.201195646265317051870624709409	12.636927635175824846669456746895
7.873799221158177097379393671872	11.560415841106564727169825346209
13.680621946723864112982482765801	10.487839556221638659394557180349
10.258548266148579841683385893703	8.788031077321001305335812503472
10.177537189001604645000043092296	9.182786610361091561571811325848
12.940176922681382976065833645407	11.309594961936021206838631769642
7.063832268818607929006248014048	9.128903623810250778092267864849
10.979532809777875712597960955463	12.106494197839634097135785850696
9.063726149252907760001107817516	12.925954994558141564198194828350
13.016858357402229628974055231083	6.527460538714011661909353279043
5.913666390051814936157370539149	1.617752403224470114651012409013
10.477173912239502229226673080120	12.283072056730073740027364692651
15.927158276284055560267916007433	9.049072891878852331615235016216
6.267064866343666551529167918488	10.604870671248775693129573483020
5.286599955953115603790593013400	12.156991321332405675548216095194
8.178611254397850416353321634233	8.310877533953238582853373372927
17.101118597455275960328435758129	9.449952723510833152431587222964
11.685310858187522242701561481226	14.875678543726841951411188347265
5.651828832252283163484207761940	15.762954842455233261944158584811
