40
16.279057277443531148719557677396	14.781089410926341543017770163715
5.749894979256177762749757675920	3.519644892847133998969866297557
7.495856584455292015434224595083	8.715122340529664057839909219183
6.456181553212292811849692952819	12.886584036131823793880357698072
16.651962993325508222142161685042	1.006415957097975599765504739480
14.574007375352861615169786091428	1.031107863247910039206090004882
6.079323881737506596323328267317	9.838059441492823964381386758760
12.022348798836588912308798171580	9.213026476832386180149114807136
14.247982856827380970798913040198	8.873139027461563799192845181096
10.500858618336302185980457579717	10.112788572050973812110896687955
17.710419550924697773552907165140	10.103356642810867427328958001453
15.374126897539078129284462193027	15.765243888496161872581069474109
7.785457679048918500086529093096	14.792797701017684985913547279779
10.275605733247662243456943542697	3.019279374726526299355100491084
2.586718633436917880175087702810	9.367880564937834719785314518958
1.726455678140813798648878218955	14.006343770508207668967770587187
13.862943647766172716728760860860	6.336608782032882913881621789187
12.014769465776369727905148465652	17.613159302741586031970655312762
8.151268755847670632874724105932	11.491120964456078112903014698531
12.363024023556350883268351026345	13.437796275886640273711236659437
8.240687992048746579598628159147	9.119146646935583078175113769248
0.059309646502939461498726814170	7.522262122467006761894481314812
5.287303320090465774683252675459	14.606272822679605027929028437939
8.744883244609544803438438975718	8.412258422869445695368995075114
12.373968249112580863879884418566	14.163583456998971144003007793799
11.544724313204877574889906099997	12.932699053870251759690290782601
5.133872529701452691597296507098	8.949478112552510467025967955124
4.382362006050890101960249012336	12.282395585055475351055065402761
12.929256758365486490447437972762	18.730335209029600918029245804064
10.672968705596579397365530894604	4.748850469683122632602589874296
3.692647081818668297614749462809	6.773077154784211018068162957206
5.828534849662451833296472614165	12.778326461975394678916018165182
12.724164882785537145082344068214	5.435899601136739534013031516224
3.565835368947218864121850856463	9.873541344233021987975007505156
18.397236781236809832762446603738	13.468880213573321213971212273464
2.293130831610213693494415565510	12.192919169724778072350090951659
8.710116477733233608660157187842	11.845071570765046686801724717952
10.420689845227769865232403390110	5.957539267804204285994273959659
17.878965797898636935769900446758	15.735391356786029959380357468035
0.370389301444970175936077794177	6.544124426427678997697512386367
