40
8.454780081200384600492725439835	12.958604480813443515785365889315
9.834844104137737019755149958655	13.405611997218777275975298834965
8.008315423119492848513800709043	9.019959532156461179397410887759
6.694684035004804911750397877768	15.480412979744780699320472194813
10.369172831833166625870035204571	5.409472058769682512036069965689
6.936113991970018766153316391865	14.839509411354233847646355570760
14.351357078762886132494713820051	11.565844285804477209467222564854
9.789816966889851812538836384192	4.540654386646141738026472012280
8.659762063666997633504252007697	11.470389824908219011945220699999
12.568771666753452365128396195360	11.896039389415349774026253726333
11.676524529185694944999340805225	13.426932272960705461173347430304
7.014179872489129330404011852806	11.869436377111878044843251700513
10.211796549419906554589942970779	10.480694276712352319691490265541
10.373070192822776647290083928965	9.736858960264076046087211580016
9.721221630473124264426587615162	12.339376693566748599550919607282
9.221426125711893462266743881628	5.131612186904709105306210403796
10.351840244858683703910173790064	9.364940428991596732544167025480
10.283736556735671996420933282934	11.743671999016672913285219692625
5.722325018059441603668346942868	6.319906395742711957552728563314
9.493958604947978940913344558794	4.334775801689046303977193019819
8.487305069904744314612798916642	13.196429815062783674761703878175
11.955741875159114684379346726928	10.600427661713643701091314142104
5.614929269361058850051904300926	5.639971481237881612003093323437
9.999228688394609321221651043743	10.863342410322312403536670899484
13.513241465703266896980494493619	8.768550384082141491148831846658
9.141322790938870568311358510982	8.967898838315008447352738585323
9.190954354424201611095668340567	9.788912907571919674865057459101
6.969060686862650122463946900098	9.997218632470916688248507853132
10.229174950328051352244074223563	13.879766739943690367908857297152
15.571420477165922591211710823700	6.676152412947845782298372796504
15.684442702362748178757101413794	10.803557225765622717972291866317
12.069732854761298312951112166047	16.976448507139554777722878498025
7.738514332096905867786063026870	10.192624511062570391572990047280
7.503265504474350144903382897610	10.496549369755946656823653029278
10.804375333063781283726711990312	11.852959055882328343045628571417
11.049157108950549144310571136884	12.894527268638649175613863917533
15.671250472574188350449730933178	6.856655953197422270761762774782
2.078193151291122475754491460975	7.042259166458785024644839722896
5.115742982603209476621941576013	9.330879675846787790760572534055
13.764766252409165403491897450294	11.420341140883504493785949307494
