40
8.108634681176191350004955893382	3.940912634889253141068365948740
4.487884532783778190889734105440	11.253461505787560881231001985725
1.639810809133265490089570448617	15.005640831622461206507068709470
5.947886299708815549536211619852	14.365250981745782965504076855723
15.722749331036059317057151929475	6.523205456369687738060747506097
14.383205234423535046062170295045	7.484099711292723000610749295447
10.786161365471707895835606905166	5.998620562073495143806667329045
2.043366175237327997393776968238	12.254028891150111846286563377362
5.800833241598783551751239428995	7.877095708122634931669381330721
13.032437857144101300832517154049	15.771605212208127611006602819543
14.298651729930917042565852170810	15.784340346241208408173406496644
9.296606901121945654153932991903	2.816358365583695455569568366627
8.584466500692270685135554231238	5.910727236033118892066795524443
17.215836264061657345791900297627	9.911446174402579245565902965609
16.139839619815337101726981927641	8.667086026174210644512641010806
12.904844319687731157841881213244	10.692072046852144850959120958578
10.839726867234029228370673081372	9.502051149460184475969981576782
7.119606332959877548205440689344	11.942923166973773874133257777430
6.247551263596536230693345714826	0.872618924853424182686012500199
18.170454860178715250640379963443	5.938099562638786466095552896149
12.714883890440400904253692715429	10.341010755585875457995825854596
16.942525975786516312382445903495	0.070992416359754617616317773354
7.572341554597694646133732021553	0.832567127419570729429665334465
19.677322348768370829930063337088	8.817284823985502839605032932013
10.007296876650116246310062706470	17.437276724631910695961778401397
4.713712395994181569847114587901	16.328319771504474999801459489390
16.385002530429630951402941718698	18.864275037414323321627307450399
10.130956098633607354031482827850	4.302866193503756875315957586281
9.559009098791520386839692946523	1.179684026107512107017782909679
12.849820273552964522423280868679	9.047893589352222321053886844311
11.526253285986737040502703166567	17.519563027619621919939163490199
9.629286191760613178303174208850	14.058455840232209510531902196817
5.355242502104462509748827869771	14.063662729121237049412229680456
6.962536697129078078205566271208	13.846502799927263183121795009356
13.238588382061722725779873144347	5.824900808272524876940678950632
9.456560361765472322304049157538	10.893118441828701037366045056842
12.848538888783423317363485693932	4.466854588014900429016051930375
14.816543948837631816672910645138	8.706040481875289671620521403383
1.797787053962074610424792808772	18.523264977490502047885456704535
2.781797783844732752100981088006	10.662122698750604143924647360109
