40
18.728341350333490566981708980165	5.885298008499965760620398214087
13.446296511166300646777926885989	17.135044277723832095716716139577
1.152284651042309038260214038019	16.075827919955806066809600451961
15.645786864273082628074007516261	2.220501145647669538618629303528
14.012500431813295520555584516842	16.144659346125685317474562907591
8.082947922531824147540646663401	8.670049252615589452375388646033
12.249766551796442470845249772537	3.203534103381203479443684045691
3.873724102049460604746400349541	11.447486271005756108820605732035
8.108662356359003453576406172942	1.796166846924980298183527338551
5.229933126263545339895699726185	14.679527820390049441812152508646
19.598216737178290713927708566189	5.029311714008817268961593072163
6.330259759741314162795333686518	11.936943465752174020622078387532
10.285230128155809836698608705774	12.984810789311485024200010229833
16.871092678901959516224451363087	12.052072272331935565148341993336
15.707099524897712328197485476267	19.020920269858763163028925191611
16.295103065115156937281426507980	0.495792150789557961587661338854
16.005931572621598490968608530238	5.412624641184934581872312264750
8.456697753767292269344579835888	9.640780871062315071640114183538
11.834174686309033575071225641295	15.368041924470610126718383980915
18.205614274624860371432077954523	6.148521481463263604894109448651
8.656321576001390738497320853639	17.279331592677145579273201292381
13.868073511543977716087283624802	16.900669111796013055482035269961
6.387337323300540603554509289097	3.280814787154912259836692101089
4.286904730444545563727842818480	18.072137237932789588512605405413
15.407681563673332192365705850534	8.047233625619126584638252097648
11.456365913491262986667607037816	12.440413639334856554796715499833
2.750118744989642483034231190686	13.297531179496749231816465908196
13.168925949396580676875601056963	16.826515525478029644546040799469
8.829823943636695204872921749484	5.269100877722261877522669237806
13.827460029577146372048446210101	2.529476174056305204373984452104
6.795752293063706872544571524486	14.406744040428321795843658037484
14.705583244204717630054801702499	6.759206482970553153677428781521
14.387322765056973494779413158540	17.424344669116262451780130504631
16.262328883353514896725755534135	11.666652646226699729936626681592
8.665571049474287690372875658795	17.521770592056274296055562444963
19.372591985155356297809703391977	5.146860743400420545867746113800
9.089474430402720628308088635094	7.558237298186772257224674831377
2.469232949034068091975768766133	1.504222306306141065945780610491
4.675382605291499515942632569931	11.257818593419525399212943739258
17.525771104659693122584940283559	3.388371152226250515582250955049
