40
6.952531144516073347006113181124	10.894511009631077769199691829272
13.408626989913020821632017032243	10.933731892206004943091102177277
10.877474853627600026584332226776	6.179959187293740718871504213894
12.101339573279332739730307366699	16.996972122393849247146135894582
12.382332478068640568835689919069	11.175805989681954599745949963108
8.112786975260370070373028283939	9.580427047829358500052876479458
18.212068146779511579325117054395	9.955389630782800480801597586833
6.781367020158825198450358584523	12.030786467865127065124397631735
11.654670858967012492257708800025	12.716578125838248425338861125056
8.992069341726253384194933460094	11.565452852710457420926104532555
3.520985421530080206053980873548	12.804141675752726214909671398345
8.737033137719793174369442567695	7.508333495632367515781879774295
1.661722991143354200005433085607	10.810643481349533345792224281467
14.517745266971470385897191590630	3.066789400528634246256842743605
13.279281082984576656258468574379	13.461085892144824427418825507630
10.842427295162956113472318975255	11.928758477336776522292893787380
10.975575916560510236763548164163	11.176826140428319789066335943062
7.659827449160870216360308404546	11.286528709540419868062599562109
7.316603758485089592511485534487	13.271066064176103793670336017385
11.232481791930172931870401953347	9.866801424424540556401552748866
12.151361828887182525704702129588	9.080597492699540751459608145524
12.029744062012884597834272426553	12.001363415927460920329394866712
6.545275209004926431077819870552	6.493789342995081703691084840102
14.673320718837096876541181700304	10.699954738260071707145471009426
12.817138828889222068596609460656	10.138401777651166568716689653229
11.130065592828689347015824750997	10.190673884778844282550380739849
12.458064364889155584137370169628	8.190323374055811456173614715226
8.299394229544256873509766592178	10.713499746047387972680553502869
5.033916069870966403243528475286	8.952830881313639466156928392593
15.487469328851476646491391875315	16.818605695661613452784877154045
7.284156731369523463115456252126	2.892498844276119474017150423606
11.127259260877664814870513509959	11.439332352490382049836625810713
10.887825014645516219502496824134	7.969018054057911193410745909205
10.616251544543693796640582149848	8.853335721372394218064982851502
6.939880180186390745689095638227	13.568274031210716401574245537631
8.915336026150381343313711113296	16.266369328462879195740242721513
8.794088393261908720432984409854	6.885875629959224752951740811113
15.513670518188952485161280492321	7.679989379144659622511426277924
6.767620456427648534258878498804	10.405624070343927556336893758271
6.961596297759326645859800919425	5.232731272027949742664532095660
