40
6.760021536861584579014561313670	12.890260488431614760429511079565
9.619546286369521581605113169644	11.230077122342766671181379933842
13.379072525629633005905816389713	6.270272372938690885746382264188
12.002769690088916476611302641686	11.635410900593750938014636631124
5.944598082481022949252746911952	9.200510999173138415585526672658
6.626676448485252279851920320652	9.437758736607069209867404424585
10.736944747152200818618439370766	14.013013314254136432168706960510
10.972074606693043463678804982919	10.954159373942337296625737508293
11.612524634275274593164795078337	3.282958245897363624976605933625
14.407502524402401533620832196902	7.612110348935408943304992135381
14.198166731444596067035490705166	7.388226415358564835855759156402
7.415094235364862562676080415258	8.734410252739793989462668832857
11.312274882601675685123154835310	10.935758647356129458216855709907
5.745829467153173553128908679355	14.167938584764048215447473921813
10.139794970199519141829114232678	8.803131143485748211219288350549
13.381355693978438381464002304710	12.247877529232214399712574959267
10.618115526268942616638923936989	7.416046833377436975354157766560
6.641307852866672689629012893420	11.430274717247192128866117855068
6.228496230557679425032802100759	11.394009587522647919399787497241
10.330460965890903679564871708862	4.727898601377068743545351026114
10.054554008999513570188355515711	4.066002790918551212939746619668
12.044803481673124423423359985463	16.671956472161806317444643354975
8.419045789232137977364800462965	11.748736202912686721333557215985
15.392152882467101449037727434188	9.122202922625323395777741097845
10.963440114743839615130127640441	12.237704275573484835604176623747
4.774296745219349880073878011899	9.926279715669830139290752413217
14.328481966507155220824643038213	11.464173449312674790689925430343
9.040327278306937941465548647102	10.022138681628939949064260872547
7.461415916249627855449944036081	14.464592909465261882928643899504
9.757799508875031335719540948048	11.216040757148912021534670202527
12.748975441410074438408628338948	2.458515009779264737233006599126
12.023392875516577760208747349679	8.027721893347685266917324042879
14.655694299207258524120334186591	9.905411336576751324400902376510
7.071349635242125231116006034426	13.764099129382193709147941262927
9.372029984627204157732194289565	11.469665160016393912201237981208
12.787540228466699687714935862459	11.291399680180804310225539666135
14.433303183146119152979736099951	8.059215318348114109880953037646
5.868929721042217551030262256972	14.100602247374641962096575298347
6.116950959139205501458036451368	10.964404184099741712543618632481
7.108549725250428608092079230119	11.158774934819675195285526569933
