40
9.346210628951453713852970395237	17.311207888593635573215578915551
8.215244348152364040061002015136	5.396802967143092821800109959440
0.765097151465085056898374205048	8.114567576897302458860394835938
6.065615529359626556527018692577	10.084113733583729199949630128685
15.221625947190432270872406661510	14.511276231342318254746714956127
15.421979862586189469197961443570	1.671413188501125191010032722261
6.714498441532425587752186402213	11.820704552011909171937986684497
14.497289005433421138491212332156	13.196867565630835628098793677054
14.680887649662178517928623477928	7.267923480794295620910361321876
0.243901842404937729824609959906	14.548759995952595502899384882767
11.714418008119213965301241842099	12.340215308613366573808889370412
2.344362519105915865225142624695	8.015589632587069246483224560507
7.315199251738265573408170894254	11.462198983988313827353522356134
12.459618051913153635723574552685	18.259053592019803602397587383166
12.767157935990574912921147188172	19.825882166600205636086684535258
13.688045001955181589892163174227	8.131739716506768189674403402023
6.088904559022829232617368688807	6.503410696351884290322686865693
11.103652009841299630465982772876	16.398334782480603166732180397958
9.124421350928273000135959591717	7.741355646436860915571287478087
12.495455979558416359509465110023	12.498082131684855156095181882847
8.166463519349186128692963393405	8.563031759513899388025492953602
12.175365526627251355762382445391	15.351303335175423114833392901346
8.479080177537593243641822482459	9.275931112702117786739108851179
6.460228855989139873372550937347	10.284111791537581481748020451050
8.975339436103320522875037568156	12.520883587775829326460552692879
10.802007430602557747079117689282	19.185787462737586395178368547931
12.564514581058128683821450977121	3.556723100867915654532680491684
11.113045825625169626960087043699	15.472455054148081643461409839801
2.827911261264499653833581760409	11.578288179092572462991483916994
4.796430650779356597013247665018	10.946646340442786282665110775270
9.084099679266547155975786154158	9.547712885727904108534858096391
5.638506701864651304845210688654	14.934387201469277783871802967042
14.136988105974221952010339009576	6.341160589820641568792325415416
13.380981045578401733564533060417	9.488918888255600592174232588150
9.187689221952284768235585943330	8.248569882615983672735637810547
11.579128150415121112359884136822	17.367437306611812175560771720484
9.583582538207863876777992118150	8.553527307699004822438837436493
13.431996956769349793603396392427	10.444948109033468597317551029846
16.355622186048314858908270252869	8.263849090977878120156674413010
11.324862356932433371525803522673	2.304169567899241322095349460142
