40
8.208471850134463565495934744831	11.582703762051764329044090118259
13.305307995591151737357904494274	5.261663387150323778485017101048
8.730210093384174641073514067102	8.160290459564054188490445085336
5.487490521216943584192904381780	8.662618822436686016885687422473
5.958959233211421846476696373429	14.369528998464453195538226282224
5.969566994570781659490421588998	7.567763266203272998211559752235
4.054523156613766055045289249392	15.744085262044222872646059840918
14.359638960746551106240076478571	15.330932031191565556582645513117
1.877486463664230775805208395468	16.259146220374766755867312895134
1.562027948898396800814225571230	8.608394956918870022377632267307
11.898064478450656622499082004651	11.068924647220310220063765882514
8.721669820113122639781977341045	7.505461083056040649807982845232
3.044656366624228560624487727182	1.138541236088214114730021719879
8.493608236888952944809716427699	10.692465561687184205652556556743
16.302516615868842819736528326757	9.928869348176336373512640420813
15.573572744689505142900998180266	10.966483715555158440224658988882
10.285171888657497873964530299418	6.019659962267357222742703015683
12.224009788201618320613306423184	4.522513395104498457044428505469
19.525037519242090411353274248540	15.035709700676383349104980879929
15.153884546868479077375013730489	5.530022460651551341470621991903
17.644862474035825528062559897080	6.254400784502468724213031237014
11.011967564891332216348018846475	9.719637668912833206036339106504
9.277657667397027907441042771097	9.674110212890246529582327639218
4.539130989869964771799004665809	7.886235335918220457074312434997
12.995267519230283781439538870472	5.122372556640211627154712914489
11.450433959324559651804520399310	13.302215683649572852687015256379
6.126855329439901076682417624397	12.635035462685294760376564227045
7.845043687989567082752273563528	19.459871115425400489584717433900
11.802018679478367246815651014913	9.912687498385468032324752130080
9.167754268544905826843205431942	7.058364900994339663498067238834
8.087728323783581529937691811938	9.621410389542326413447881350294
18.796688854088802855812900816090	12.041136033725193144050535920542
13.906014019547297877466007776093	16.075609897408735804447132977657
15.519875308778543043786157795694	9.265221656497402591412537731230
13.125708936458801545654750952963	9.557306353342852389687323011458
5.171952905162326530330574314576	17.666348431512854944003265700303
17.577389182057132188674586359411	3.632090676591561706487709670910
13.314489783095357466891073272564	12.674565135803277371451258659363
4.407059797596286188081649015658	15.262766614886595917255363019649
10.008248513402921986426008515991	7.897296332412217623186734272167
