40
15.802661525259392050202222890221	6.029772525039750696862483891891
11.229075213822259371454492793418	15.576518217850219727438343397807
19.213881001693131622687360504642	13.737873439439582057275401894003
10.934223490008680101936988648959	4.908249989581332073385055991821
5.125808053338155367839590326184	5.710802961576072256377756275469
11.312628393256259684562792244833	12.410161182098423893194194533862
7.789747253108918023656315199332	17.721472287283940971747142612003
17.920121949568756036796912667342	8.055910753722180572822253452614
16.322527830669464776747190626338	8.200903835968359700814289681148
8.897424734277992186548544850666	1.863102101071983929259090473352
10.892578950111170499326362914871	7.408213458210683555194009386469
10.515059736298864478953873913269	6.726905282494579196850281732623
1.366054816234532065521989352419	16.737284659727706070952990557998
16.050570426458989459206350147724	5.496929377254639703664906846825
9.171036682103109072272673074622	8.807743917982721271187074307818
0.580657024340217597924151959887	13.601157111120146581129120022524
10.516889476826669636011502007023	11.502057503767980861653086321894
18.384609086517098575086492928676	8.789544598846793732604965043720
13.389559844696439228073359117843	13.615892135337746893242183432449
3.370740094751214499524394341279	6.775495931263952442691333999392
12.234462657725117651352775283158	16.124573436214848953795808483846
18.381382707305487400617494131438	10.737731352456615141477413999382
11.233072972421277668786387948785	7.973759522956581413666299340548
5.006206893666791835073581751203	14.192579585577643541682846262120
12.643613406941829779839281400200	5.624786426067468703138274577213
12.215651510271284152508997067343	19.422519496271799965825266554020
16.808295090012364880749373696744	10.802974371586509860776459390763
16.422856319900795085686695529148	18.540335057717321376458130544052
4.722233100880145251210251444718	7.739780370994675529061623819871
0.358539537299434885042614951089	7.203126029445169109521884820424
14.358635930687494663970937835984	0.588449015580526646473913388036
19.734033019537179143298999406397	9.981276827750091840130153286736
11.740961730490388603698193037417	10.240712299119437034278234932572
18.759487565817956067348859505728	6.527119015991797112974381889217
2.858758310671190017160370189231	18.559753839493708937880001030862
9.839017708942160211904592870269	11.066601145218672996861641877331
9.823494483517245967618691793177	2.431620257140016949648497757153
18.982501344135318532835299265571	15.491462483837857178059493890032
13.951077743720881940703293366823	8.757822081403544345334921672475
7.894154802769664414086037140805	6.614077491540995445973294408759
