40
8.682852305729912956167027004994	9.507831078130021040806241217069
10.863999608879176150821876944974	8.164035162146586088738331454806
6.759386727514494097590613819193	14.457815666074429472587326017674
12.272164096166745750338122888934	8.163371387727089256713952636346
2.786897081153637323325256147655	12.481120355480047834362267167307
5.228672124688245048673707060516	10.913509330209553382928788778372
11.750332514476980350082158111036	9.651766257774918145173614902887
4.965987959137897256312044191873	5.021583992367693483060975268018
7.442585064173075082294417370576	8.708484506068403518952436570544
10.608766754734801907034125179052	8.997439759145732907086312479805
5.177596359931474268023521290161	12.679102206882923553621367318556
14.397379700218744247308677586261	4.507119877449245137768230051734
13.297080519772970674807766044978	8.447325213148602074397786054760
9.715235385317253502535095321946	12.588855083317167071754738572054
10.205713575976075091489292390179	12.625671650855096572740876581520
16.688946969365801464846299495548	9.011684511763586868937636609189
13.048498154989971453687758184969	12.613466803182548758854863990564
13.990100607709498703457029478159	13.885763349204214733845219598152
0.299745834395476862255236483179	8.314587557717608490293059730902
7.651194935054068224644652218558	6.738776445771881284940718614962
14.583539737215831522121334273834	3.541547044552281420237704878673
4.775042880210079054847938095918	7.806974460336861376674733037362
9.545949875155795183445661677979	16.579918845608467847796418936923
11.055270697583253536322445143014	2.549509548027819150206596532371
12.657608701625218117214899393730	4.175726488370201217037447349867
8.545659667060480302325231605209	7.992666534289920576838994747959
12.297482371868790451685526932124	10.464884581909876359873123874422
10.571801217411007201008033007383	10.488384198117003620609466452152
10.868928851625652143297884322237	7.292596291681070042045575974043
9.816490436113630480008396261837	11.291097005919850104760371323209
10.284362345757033452287032559980	5.217687258668965100127934420016
11.995253773207272374179410689976	9.297781268662999920593392744195
2.207942169990979586202684004093	9.017778103493359509457150124945
9.087274769112823946670687291771	14.365652474960896256561682093889
17.928829536801501376430678647012	6.998011266441316990949417231604
9.430524736523679507627093698829	10.332072508426449530816171318293
10.354711826960764753380317415576	12.574474844970545461819710908458
15.453223765234319841965771047398	18.691966907730531488596170675009
8.310003350320730675093727768399	6.789859908031989021992558264174
9.025405867596660414164944086224	9.674958275630478610196405497845
