40
5.348889293880670692260537180118	12.478841611984968551496422151104
14.594360638736681323734956094995	11.166498320120696874369059514720
8.592093589551963006556434265804	7.823844843901698098420638416428
8.831019363861866366960384766571	19.396995836418991387972710072063
6.809090483843426078180982585764	14.751287251342562356626331165899
10.050479075819891860987809195649	5.671594107127071460183742601657
4.587522239179428140687377890572	11.320601427143728301416558679193
11.768538061627884516724407149013	7.086480831910615840740774729056
7.114299729399274241359307779931	7.486187582145591434823472809512
6.519083748886174589642905630171	7.529812162881770021272131998558
4.754029803382686658608236029977	8.607146555187311420809237461071
15.787091583817073114914819598198	11.068363948938577223657375725452
7.924007374646565793341324024368	9.170107847611985718572213954758
13.866636344109842582383862463757	10.026003057380345140359167999122
9.270276315789446996973310888279	13.469567639810350101470248773694
7.344014430439066209999054990476	8.634388797934066772654659871478
7.025055655979141278066890663467	11.737154178740876631081846426241
5.167185833965501906561712530674	11.475640037621516853505454491824
5.008224948794232744830878800713	14.195729610486900185151171172038
7.013783401097311909211384772789	15.784446533669708401248499285430
11.296755762436436754114765790291	10.118341599828845289721357403323
16.948356789983353820616684970446	13.065392533107852202078902337234
9.583432537891596325607679318637	12.043247586624071132632707303856
10.375566355548532015973250963725	1.897020940827927049099344003480
6.609754628131429221582493482856	15.559939355601654753513685136568
5.895673938517550283222590223886	8.070809192888317440406353853177
14.184269194268148694959563727025	10.501799929117140663947793655097
3.450421500044906775173103596899	5.028093652253847523070362512954
8.085242417276836235373593808617	9.060386807804722053560908534564
6.805289624491387634463990252698	9.228312363784985095094270945992
12.223093724826377126646548276767	4.932530394980785715119964152109
10.085231653867538170743500813842	16.271431523351704839797093882225
5.389828592594879452803979802411	4.648178333968159492428640078288
6.704345503191860622393960511545	7.767908966528159098174910468515
10.454405135076056510001762944739	13.966316846688442865342949517071
3.327748614611720778810877163778	3.003231440736112922706979588838
9.951730623544420950565836392343	5.707120456182099843545074691065
8.894364334047784481640519516077	9.672429782458683789059250557330
15.655182080662310539764803252183	9.999846196869651038241499918513
10.808050495122122569569000916090	7.396567983248732325307628343580
