40
10.409635700694515492159553105012	11.565225957988747751414848607965
15.327994963953479157225956441835	19.104641773290428119480566238053
11.071833655429308862494508503005	3.591506983188918145089019162697
18.260000821316051400344804278575	13.127678551780196158915714477189
9.618599699004388270395793369971	12.689543932659720582023510360159
9.053874100173784356115902482998	8.388110605231988259333775204141
1.427482113621016956983567069983	9.794510872836237780347801162861
10.627619562596164470846815675031	6.018266497731388220415738032898
10.059604743849220653828524518758	11.078714032115549059653858421370
12.861330733642700963059724017512	8.024340039415372771713919064496
16.037023151737209047951182583347	6.203601912830485787253564922139
12.829344086626175425180917955004	16.419770622404747939526714617386
10.110333221210765941577847115695	5.861909955758584089835494523868
8.492526414725761085833255492616	12.238524218674960764019488124177
0.624193565361988333961562602781	12.659185446863261859107296913862
6.060460562369948789296358881984	7.898416180541943276693928055465
15.907905954732594722145222476684	4.889051174942673050338726170594
14.380845048003761732502425729763	8.774988439934048756185802631080
10.769305331657202273731854802463	12.634364000566673524872385314666
18.388683673854227862420884775929	10.614070870795305978617761866190
7.367273959837200791866962390486	7.216719396083724369361789285904
13.858337138161868296037937398069	13.804765159803812579752957390156
2.374907788049517076700567486114	6.763390223398516809538705274463
14.057020140244826933439981075935	2.975005691463148416175954480423
1.332664491540922924173173669260	17.199675549250198258732780232094
0.212358626338278178025120723760	7.393348025425318326142587466165
11.651665611911599995664801099338	3.492161186397825023419727585861
15.689170536859361249071298516355	0.499159687832032794574388390174
5.390609886600323363836650969461	6.764928757315916030279367987532
6.718270622770945443846812850097	5.132400630453722634172208927339
8.829589445642142209180747158825	8.613770638023815706674213288352
19.891414698734987354100667289458	5.061645383437278766791678208392
11.748422300410867435971340455581	7.220754452756529495616177882766
17.095994965509738960918184602633	19.333057250388179681976907886565
12.841597377597452123154653236270	8.455200593785944462865700188559
9.978127177624275034872880496550	4.967247936215733794540483359015
3.135410151547256774051675165538	16.555211516177585906461899867281
5.615830975517290823972871294245	1.200922243970857117290051974123
5.668518628922825541849306318909	17.113649945816547415233799256384
11.315794212041300426108136889525	15.973057827067947300747619010508
