40
12.830521167935380333346984116361	18.199537135938335552509670378640
11.199285389414917801786941708997	7.051466333869834457459546683822
7.860959694261451247143668297213	13.017540518237591840033928747289
9.739395252697072180581017164513	8.420270059822025032758574525360
9.951782320325847308595257345587	8.830642946201129106498228793498
6.486153588900391397942257754039	4.803742889769202051297725120094
14.764250460865214975569870148320	12.860225349456690935312508372590
10.492624247515866642288528964855	15.152133904622846927168211550452
14.760932454729422502737179456744	7.317878989063407502158042916562
3.844195721531020737415929033887	9.563843374414387810134030587506
11.293272296185950409608267364092	12.568812410232622411854208621662
8.364871598003531971698976121843	0.164084361804237577331377906376
6.184103094987511539670776983257	7.981052789042931472351938282372
12.352153847592900248741898394655	19.683591726307327007816638797522
9.615634480555687702008071937598	11.977160332733696179730031872168
14.059098291383103074281279987190	12.733529204572169746256804501172
12.525337745529505184549634577706	10.285460561535693102541699772701
12.550956833576757176729188358877	16.509814692387145385055191582069
17.483939571666432755137066124007	10.129988012900032146035300684161
4.512101776835343969196401303634	6.569007217611345872398942447035
13.530755650447449767170837731101	10.474170625086761887700959050562
12.014431844133520499440237472299	7.181204162751615882598343887366
3.916891239816153724717651130049	15.381860721343189268850437656511
13.077896250427144764216791372746	9.611127649956694440902538190130
13.421690683317727632584137609228	14.595065540434710271711082896218
8.519923312637072143616023822688	13.531638771242329610799970396329
6.197501591633320039420596003765	7.867378300697096094040716707241
7.298343837336455308673066610936	13.265530224277950921418778307270
3.962405584509819611582770448877	10.997516372233674175618034496438
14.946919860086588016656605759636	6.207017086086207058315267204307
18.156508136246443996242305729538	18.629848329206982526784486253746
18.163179387742580672693293308839	6.518590892090588617691082617966
11.691987034609011786301380197983	6.726479214344101897893324348843
12.989723098532092393497805460356	12.029211112995973564920859644189
9.948661820076463158102342276834	18.567270977471871162833849666640
4.201906659033730839780673704809	12.706420940105816796972248994280
12.217971168476040588757314253598	7.224561530922017027478432282805
9.525747442200156456237891688943	16.163295017177414791831324691884
9.428397106507208746961623546667	11.746086591480352723237956524827
7.130122829354025526527038891800	10.914889119362314318095741327852
