40
10.624358808497730066733311105054	9.314057382365181325667435885407
8.981880163209659428957820637152	8.527053939589039899260569654871
11.822123387712093034451754647307	10.802098550889523309592732402962
8.813961892276376275390248338226	9.753814280632582267571706324816
10.788048250415425144410619395785	11.608444509621737239513095119037
8.920340155007183469137999054510	10.181096090466510872829530853778
9.999444695137725602762657217681	11.539303449793585798488493310288
12.095703080227107051314305863343	10.405365322595915955616874271072
8.932509891955993097667487745639	9.627549029748797337902033177670
9.878811275742599207205785205588	10.401030657853040040095038420986
9.721378396928706422386312624440	8.057295455457790467335144057870
12.002951813729362484650664555375	10.856262075137477651765038899612
9.975190556049277290640020510182	10.073543250618959277176145405974
9.343601345505948785330474493094	8.378167864811096876564988633618
10.573629391235989771757886046544	8.833101054050022327146507450379
10.586896229754522380517300916836	8.907589666829688113125484960619
8.402086671116911986700870329514	10.802473038796586379817199485842
10.301459412751874822333775227889	10.868820440423617057490446313750
9.742647440770388911346344684716	10.416772878157987136660267424304
8.570211024190637516539936768822	12.126678383451945819615502841771
9.634727579214503734306163096335	10.291152319479767385246304911561
9.772037910504106861253603710793	8.516166489443595111197282676585
10.354632082805238724176888354123	9.748718898488688111569899774622
10.308774029456763798862084513530	9.121613730544599007998840534128
8.510037561512641346439522749279	10.456830224367010373498487751931
10.422439743298928860326668655034	8.609071729012432783179065154400
10.038032154446272059544753574301	9.546068354259993782306992216036
8.523424324120529860238093533553	8.319594954093233241110283415765
9.666900508717750639675614365842	10.524155988078312873312825104222
10.051283373670379717168543720618	7.578883490387844368285641394323
8.741131856161889146505927783437	5.991636254742282119423180120066
11.194189457523586739284837676678	9.336264762868793809502676595002
8.190189923077765499215274758171	9.775828079323328978489371365868
8.103365458340014981786225689575	9.571327685242321692271616484504
10.012641313637297812988435907755	9.680692418167472723666833189782
10.687230004453487808291356486734	10.399371376355439622329868143424
11.246313569280967925578806898557	10.558664320514388634819624712691
9.796534833452330559566689771600	9.242542830400108044841545051895
8.490129275217091375793643237557	10.397729335215906587563949869946
9.747725175275887110615258279722	11.471807274966868916976636683103
