40
15.466895013446292139747129112948	7.079294262134982140821648499696
10.641689881070675482988008297980	12.350119975683941930810760823078
7.821584049107142000423209537985	14.927704668438618540449169813655
9.284340661751988577066185825970	9.737892883640816066304068954196
8.317303815219377227663244411815	14.382956317021960757074339198880
11.899879993014920387395250145346	8.683287769702234371038684912492
9.494645710398659232964746479411	6.561687192488603770357258326840
12.639644177876677488825407635886	5.726836580505493046189258166123
5.424324702909131268313558393857	7.681285343454439029642344394233
8.641032305983857852993423875887	11.335981275108540700102821574546
9.194224281592228820159107272048	10.505981956671366361888431129046
15.269055916008628770441646338440	14.848310081569087159891751070973
10.538792496126335507256044365931	6.629241098131558374006999656558
9.417149978799796983253145299386	8.695387509079136378886687452905
12.144640690109472558333436609246	12.501164413361827598691888852045
13.857994052559076791908410086762	5.585628694772699631698742450681
6.395214803536495296043540292885	11.562249163083981429167579335626
5.061630298533446037367866665591	11.633717436668035816182964481413
7.028346161791184876221905142302	8.322529861359690528388455277309
12.278496677116006452479268773459	5.241578665612204090962222835515
8.880652747486923459518948220648	10.422614631254159434092798619531
9.775314138496637994535376492422	13.864005221378128851483779726550
5.587442869253501420701013557846	9.217736126893775860935420496389
6.701844225467397109241574071348	14.723491025378788066291235736571
1.929389865310645824081348109758	12.727571781306217246765299933031
8.978856478839132293501279491466	8.830126467790602617924378137104
15.603257109434446547879815625492	14.046433224987456611643210635521
5.274565682631108032296651799697	13.649548224624931336279587412719
5.129936586950268662121743545868	12.845772866078581486704024428036
7.925393968724296023253828025190	10.919059018565969054748165945057
5.211203421546673375530644989340	10.709478722363112268567419960164
16.853083231434005995197367155924	2.785027819156678852152708714129
12.786380312521654190049957833253	5.312722891158100146924425644102
6.088674055082870850696963316295	10.887833768323364580510315136053
11.790630898411121663116318813991	10.154033146613063109953145612963
3.913068601134004342867456216482	10.125513812386094159023741667625
11.914905623401805812022757891100	10.227114405814479169976038974710
12.965190901010316792962839826941	10.717628174793860651448085263837
7.153340664919507041474844299955	12.338683308048981501769958413206
9.729136567289950576764567813370	9.613791388749255872880894457921
