40
16.466719453355498359314879053272	13.903269457613193438305643212516
12.675264241361436035049337078817	19.183729662839855478750905604102
3.812648456951514219781529391184	3.288605984865323517141177944723
3.081173971174118619842374755535	6.969550383441412755303190351697
4.655977484619191031356422172394	4.996307511897072117790230549872
3.012375457138607881546477074153	15.359402468810101183294136717450
7.453317962267906438000864000060	16.041281483772703353452016017400
9.836033665125967218045843765140	3.702622306657735506973949668463
3.506368750650207477548292445135	18.476331036704763732814171817154
6.774170191794837592169642448425	10.522391115551030793540121521801
10.776521010630947472463958547451	9.891220343806336856573580007534
14.454622565006117085317782766651	13.485388664002918801543273730204
3.890191468724261358858029780095	13.992591669837937118359150190372
12.144811180913428927397035295144	7.871072825326503874521222314797
7.813505492853515477236214792356	15.075072750776426389052176091354
11.754618936154173525210353545845	10.872798221077283997715312580112
9.489170055799149849917739629745	11.878885615194395342086863820441
3.200023644971499603428810587502	15.913765700407768832747024134733
17.339584999192670267120774951763	3.216776518156044595286857656902
3.212216172248075984896331647178	2.727835619297230174140622693812
12.375791687193027357238861441147	3.214136956630271768631246231962
18.299413598829229243847294128500	14.411330527073641150082039530389
12.701453029286048135304554307368	11.915382615960774970176316855941
12.751920038238571564193080121186	11.753021958298273119680743548088
15.459926188496616816792084136978	13.093408870561269452537089819089
13.360037964293555390327128407080	8.481239278016294846906930615660
14.620306893617895482861968048383	8.264489886114857242205289367121
15.625947637948566892873714095913	5.064934168094419320027554931585
12.354976858804217698661886970513	4.471086542343767789020603231620
17.227110479141622079168882919475	17.379841573064940263293465250172
18.956555877855350900063058361411	16.826991888536419139654753962532
11.399452656203820311020535882562	10.756959061866181670552577998023
2.332369686170776112987823580625	6.434376656289307661040766106453
9.754325705110517219509347341955	2.827906900068090756406036234694
15.955328956974177856409369269386	9.869710813444262598181921930518
17.792208963942002242220041807741	5.826794308430715219060402887408
8.532657088238508436006668489426	5.308568217796878485614797682501
14.472562705178249942150614515413	4.500208306967006244292406336172
10.375585305808023406370921293274	18.398036534790072948908346006647
11.469344446318036290222153184004	4.502009248181156664259106037207
