40
1.050516101630834420177507126937	6.879068355494217357204433938023
5.611809397508777941254720644793	3.259545137572325224084579531336
10.350656924754252585785252449568	6.042158714622182458242605207488
17.843653340369172610735404305160	11.654853010751208941542245156597
9.708914717192531185219195322134	8.800352667305146425746897875797
1.787791645101041382304174476303	4.117181541166516467455949168652
10.493562339725889032138184120413	13.405079236654573904274911910761
16.183080534027194374857572256587	19.492145588316791560146157280542
19.028006881501536184941869578324	15.143584873241765720308649179060
13.990042257010721016285970108584	11.727915895317622130278323311359
16.297531054396714012000302318484	11.333500649086753142569250485394
10.406911569606394962761442002375	5.802653592801554793823015643284
19.848086451594522117147789685987	8.567075995103927255058806622401
5.032572248703025330485161248362	10.655552471586567264694167533889
5.234891683310898713443748420104	8.831114972634223292402566585224
7.716365255002246570370516565163	5.194865993937208159536567109171
12.399476892211788836561936477665	11.428434403548482833912203204818
11.744936550897218552336198627017	8.125109334338734612401822232641
7.804836034709755843152834131615	8.876841781429320121787895914167
13.770640134236577623028097150382	7.701632315622243929453816235764
9.145443829217406062070949701592	8.794437354726316158348708995618
6.652014008303460457227629376575	17.860809588894461796826362842694
15.654708523827446597920243220869	6.463625583166703769677496893564
10.031445424873146166078186070081	7.745953536831374997007060301257
15.050103942337493379000079585239	9.744755299312924279320213827305
17.778979535749691365253966068849	7.022822066697319343120398116298
4.892555007535194455670080060372	12.501717713712151791582982696127
16.234211059699394041899722651578	12.006264879647078558377870649565
4.915795139651529588320499897236	4.241955688177380778824954177253
6.155390440221116143959534383612	8.313949647257004471612162888050
13.884113464045134023194805195089	11.962144978611346957109162758570
10.181400111487523219011563924141	2.398721820283064687373553169891
18.227113243200424363976708264090	19.976954012435850671636217157356
18.272397967345291647234262200072	7.246227622510881261064241698477
11.205169674951594771528107230552	6.347341447640047817913000471890
9.765359163766033745446293323766	11.128513434482602662001227145083
10.416870293296671690086441230960	8.021059151274103626860778604168
10.363655259739006808672456827480	17.737375521778563580710397218354
1.500533020906102521507818892132	2.408352775307076143462836625986
12.699257049068350511333846952766	7.366543259808796761944904574193
