40
9.514343338505957703432613925543	9.734377987189141379076318116859
10.774448194700138259349841973744	9.202726578271928303820459404960
4.421204181521143361521808401449	11.383790866124069651732497732155
8.991288312698751283846831938718	10.510284279476495683525172353256
11.604170514146142423328456061427	10.898794965456870542652723088395
10.419674693486946637221990386024	8.455030527393455841433933528606
9.994622699861968939671896805521	9.988544360731639315531538159121
11.196081797808606239641449064948	8.718684092651642458804417401552
9.351784669687829065765072300564	8.072701565963896541688882280141
8.031389708769477664418445783667	11.539409376671336815434187883511
9.407293742128238989153032889590	7.501347174265195150155705050565
12.362879595594250758949783630669	6.960843211636099425732027157210
6.692233753014396491209936357336	9.485335910692981542524648830295
13.670066265634890356750474893488	11.977304501592316299252161115874
10.145925441394302524145132338163	9.488750782556341079043704667129
11.372019269427889653911734058056	6.662103739624512854788918048143
10.640656468945188350971875479445	13.489582230299625109637418063357
6.806634561085234125243914604653	9.876896690391870237135663046502
7.984890605821251874374411272584	8.481514195315345006065399502404
7.825819314999443498948039632523	10.357004227459382761367123748641
8.713048259054303912307659629732	14.611730572538526473636011360213
7.167454102966877016456237470265	14.133232180140900879905530018732
10.797367126451261398756287235301	12.087422910558050404006280587055
12.710333312929506632826814893633	11.615121625404452032626068103127
8.306293880292136222465160244610	11.607994391598841943391562381294
12.313700421820524155691600753926	11.527233881700860607111280842219
9.270377387607830144133913563564	10.671597075314513958232964796480
11.691717744112660071209575107787	11.027942182795145598106500983704
11.343370086345423430884693516418	4.833169816479735203529344289564
9.130748744273368799895251868293	7.228129427601144740833660762291
13.182470893091879915459685435053	8.276968232076814757647298392840
10.470111043910886650110114715062	8.996611154572020652153696573805
8.986421760931481372836060472764	9.636687301399229355070019664709
14.220224479718774901471078919712	7.706116718133322329720158450073
8.548683118304436945322777319234	5.150144050343929968960310361581
5.740043434187884763275633304147	10.817022731800781443212144949939
10.240937797151669741424484527670	8.649469478775523967328808794264
8.969927499479631194390094606206	8.606918311395576282052388705779
13.077640249299287589224149996880	8.134466869961524793097851215862
13.022539168939054832208057632670	9.255407254412112649788468843326
