40
18.039537545319447531255718786269	6.499426580151588694889142061584
4.285787987261761244894842093345	9.960221665917345035268226638436
10.899248232076459430572867859155	5.159579905882671013728213438299
12.444145661968821769960413803346	11.468158095706387555878791317809
14.752419202732971470481970754918	17.810501390577861968722572783008
10.258362548277505155169819772709	9.654701124454936334018384513911
16.512310121576447841107437852770	12.163017695157918751647230237722
12.343120823565664423426824214403	8.573833549068195836184713698458
15.867251826623375521307934832294	1.464111423601093253665794691187
14.034216494924381279929548327345	4.693756901584580809583258087514
7.582833548984745597465462196851	4.349427109281160497289420163725
8.796561293889858745842502685264	11.562755605484239751490349590313
18.533692950862899806452332995832	17.307400305945431995269245817326
13.495678593119817989531838975381	2.296423972371340660458827187540
6.119125984298432463504013867350	16.432651697474128127396397758275
17.176861842291067716814723098651	3.906696076640576276162164504058
15.313219030894769545625422324520	12.983257442494895883555727778003
4.052197249237710963143399567343	12.346982702612935511865543958265
19.838639227801632358705319347791	7.022908246191718717454932630062
15.209053966056318429878047027159	6.158278117082194746956247399794
0.634222534167335760812989065016	11.253145379512355717110949626658
18.557755686400152939086183323525	12.548662879969940675550788000692
9.563038391076901234555407427251	16.631580835144649910262160119601
10.616933842345339655821589985862	8.201000184844897233915617107414
10.754020130620737916160578606650	17.073033926347605415685393381864
5.917096483770000858726234582718	12.875834473437805627327179536223
16.450944553099805744977857102640	7.123079076687491628661064169137
12.968493184373931725872353126761	16.854316984024812597908749012277
4.049727915369910391518715186976	17.213310984427270255991970770992
4.878050912933201033183649997227	13.875857974511376369264326058328
10.392393762869977180685054918285	10.353021049609866466312269039918
1.866150102241355579479886728222	8.836542718294595033512450754642
13.530566648364334980669809738174	7.226005672171895710675926238764
6.669628306389583372038032393903	5.010533210347563937148152035661
18.161764126225889981469663325697	7.899767435883704891352863342036
8.501163155215303746103927551303	1.911050181789125224085523768736
13.352767122046012460145902878139	19.198939314380652376712532714009
12.658575179813176703191857086495	8.478638321149883694261006894521
18.087066567056492516485377564095	2.771989297028206955531004496152
19.763048760233090206384076736867	18.184618271620308860292425379157
