40
15.370381094126972953972654067911	15.171731391065772953652412979864
12.892155676477962344961269991472	13.487176446563321263738544075750
13.958635388376217534300849365536	18.300543520421513221663190051913
6.946403344031891968768377410015	1.860299462353163901795483070600
14.381347259995330034598737256601	14.646159288011586951938625134062
2.449597940064643708524272369687	3.368205100293806708577903918922
13.705668327798068872880321578123	11.144232478743999692483157559764
10.008153479751324965718595194630	8.536676539743218938838253961876
18.250674196448795072456050547771	9.552314098239646611432362988126
9.926384635712366844018106348813	4.734971960485180986211162235122
16.997095207447642906117835082114	8.965314212322489595408114837483
6.350283683282774482847798935836	14.306054029827404150410075089894
3.051999266055145376697055326076	10.809399923823779232634478830732
8.441527843537043551691567699891	9.449635050013700521276405197568
9.489832835538470234837404859718	6.695085966129039611871576198610
13.176434369050349815211120585445	13.466325125296174647360203380231
6.323112361259831892823513044277	13.137188399103141733803568058647
7.320255207090568205785530153662	11.136327781041838846931568696164
7.958995324869001741774354741210	10.623141619197401297469696146436
19.004924354764945348961191484705	4.356687581114956131500548508484
7.263898736064921202171262848424	14.109200314331840075965374126099
2.304387572371153325434534053784	7.063093461597309996591320668813
9.607792998315371590933864354156	16.733625481764814679763730964623
9.428898560667500206022850761656	7.188212560897079050903357710922
9.155686109845991182965008192696	4.148843529050756373521835485008
9.290640193981662520172903896309	10.184863201119355835544411092997
15.454543167394900748945474333595	18.624145980034743530495688901283
13.118986899645022958793560974300	9.109771258768381230197519471403
16.343014211202927299382281489670	15.608285091175858383394370321184
11.659350427738232269803120288998	16.003003830238217375381282181479
11.729589294652068787172538577579	16.913421041356464513683022232726
14.026321694393462991001797490753	10.553931562319984749365175957792
6.667546203443158070456320274388	6.482134430099329769348059926415
12.922562190300030948719722800888	1.732839855472713574968679495214
5.776951372269952145188653958030	10.701511338612181845064696972258
14.968671003809257413763589283917	14.665658393944276838283258257434
6.277765275311533166302524477942	4.091786874780772187421007402008
18.293718031586706729285651817918	17.499638730670579178649859386496
10.439077131565225542431107896846	11.267253407911949736330825544428
7.186315920118545363948214799166	8.601285681390200110740806849208
