40
10.351360829562274545878608478233	16.829582937560896738204974099062
18.995374696747134635188558604568	1.805895212838705132796235375281
3.772626037761886763632901420351	3.685013447131005648316204315051
8.834051131731090578114162781276	17.938968754111048298227615305223
12.008109319615472898590269323904	15.136849054431596783842906006612
17.886149824595911184133001370355	6.246609640463373303020944149466
0.516027491028510754134117632930	7.538211544578780731740152987186
12.166938671553090500765392789617	11.947840971340911053744093806017
9.977279522208656103998691833112	15.053621924269002363416802836582
2.663544013153546607952648628270	16.961142837325031251793916453607
5.020291860527007266057353263022	14.609504373651398978495308256242
19.477956694008316418376125511713	4.574348994184856742606370971771
11.986918984420213973862701095641	1.439371567415001607059821253642
12.123801029434247311655781231821	18.090213483153576135009643621743
7.307002221566017752252264472190	7.313032233076210530953176203184
9.826037278870057178892238880508	11.474966338977036883761684293859
1.026637315619371548791605164297	1.800160395393636258987157816591
4.544139681932145791165567061398	3.782594417209831583193135884358
15.813281013636832028623757651076	12.315551084441006324254885839764
5.425335732540360389464240142843	1.343213016014702443357009542524
5.874427922335396345943081541918	11.469039641785252925387794675771
10.970895328771440802029246697202	0.300360734308888099874934596301
5.572167133671536376482436025981	17.281250463955529994564130902290
4.723031440548528969713970582234	16.443907539171558340740375570022
11.199327748683591821077243366744	14.476554999648676869128394173458
5.510904372914183113607577979565	1.644108482404347260086296955706
11.758163868262011320098281430546	8.316799905905869039202116255183
9.397687438514523705634928774089	11.034718898783534513086124206893
7.360438003530095585347226005979	14.909950986608464518212713301182
14.253317605132668433043363620527	9.861972142655590189974645909388
3.002064868000724029428738504066	8.997053189229951897232240298763
3.843009768572060558255998330424	4.787835433430219111983205948491
10.870256286320749694596088374965	7.824466697172072215948901430238
5.517609273143530224103869841201	6.307254552805584779662240180187
7.537778662952083763570954033639	9.626634352708732578207673213910
7.533847381035122303671869303798	15.656812860687658428560098400339
2.570031357536482818915146708605	7.479836260242890055849329655757
10.842452762420533574072578630876	14.917880338846737586777635442559
8.371485812699024364746946957894	17.455514232698362775408895686269
13.263575087654066564368804392871	1.712073159352682560907510378456
