40
11.358337770322183502003099420108	8.489743789586253086554279434495
12.030609300753173585007971269079	13.297906791489110034376608382445
7.922973782150764421317035157699	11.936129880783832746260486601386
10.769965498512423351940014981665	9.101259054814349269690865185112
7.853483150279626734402427246096	12.453318055364698935250089562032
11.186537528261705887189236818813	6.712780951482132607566200022120
7.480564577104773071880572388181	12.227724635692823085264535620809
9.647911715785442154924567148555	10.305536589732446017819711414631
9.593509099315808086316792469006	12.286032337734150488017803581897
9.716912263851844144824099203106	7.058456795208495115900859673275
8.916926143715521391186484834179	8.691739581786009694042149931192
6.976385792433992705241507792380	11.305146501790396484921075170860
8.358381875846681907660240540281	9.114689293842872075401828624308
11.486242363103619013031675422098	8.192239126683315220134318224154
10.258845990453698604483179224189	11.059893554649107727527734823525
11.259390053634268369364690443035	12.546580998636891024489159462973
10.401318764829607488309193286113	8.814811745263725129007070790976
9.198514807472946586131001822650	13.152849773300189895053335931152
11.803301111423836644576113030780	12.513695630561048943718560622074
12.199000866972550483069426263683	6.859834387088618257166672265157
12.171731596610673165059779421426	12.197904749534632884433449362405
5.613502390096882344039386225631	11.386899924442925424727945937775
10.113987490524932510993494361173	6.405907102877408831886896223295
13.492770347608358250113269605208	11.804368664190738158481508435216
7.164531900850178658402001019567	10.937373244924186721505066088866
13.536959759003888592587827588432	9.899267972207677956930638174526
11.003276816582520325482619227841	8.851339302398010033812170149758
11.737916207253231704044083016925	9.239970646108593754775029083248
11.315924758858825427410010888707	11.515450664364136557082929357421
11.060605475466228853065331350081	9.766885962361740780579566489905
8.728292480470186021079825877678	10.180922050040877024912333581597
9.268853483063319131929347349796	10.791963066991160147267692082096
5.313421765537510665922127373051	7.275663895701235617252677911893
11.285357177032327768984032445587	12.754455564897877906105350120924
9.647120861771204758383646549191	8.473767845263321163429282023571
9.473558437088033912232276634313	8.460171246665876054748878232203
9.445469955065640021985018393025	11.137469913396277121364619233645
7.830686754518236369904116145335	13.779006217585591187457794148941
8.006857689690065171816968359053	9.135956676163278444846582715400
8.139477997640764073139507672749	10.056312576013588966361567145213
