40
7.790951218269412947847740724683	10.073628882340893042623974906746
12.377265493503795568130954052322	12.801402671424581214409954554867
7.522455520385339156064219423570	9.972390910883408565723584615625
7.205813550219289709275471977890	6.328659081695465538075495715020
11.625516624296551526640541851521	9.965023864355542215776040393393
7.092125361850454723366965481546	12.498017221297796908174859709106
11.295312043231879428617503435817	11.651638526334988199550934950821
15.311830294774450678119137592148	14.149770508504349919576270622201
7.023429720630125494551521114772	12.433306069386635073215074953623
12.802228025298619584759762801696	6.916831425944327094157415558584
11.312664063901067379447340499610	13.738761467005998540003020025324
10.927691062188348070094434660859	3.253295509524263273704036691925
8.377034315210515558192128082737	7.063455000628827917807939229533
6.956593050652259968558155378560	12.530237830114090868960374791641
17.339935803983046014309366000816	7.437918423789085409225663170218
15.567178799577723324887301714625	1.539549153595494601631799014285
9.473738845687948995077931613196	6.923266818516766285540597891668
1.058189482220473820461847935803	5.747439308723420126057135348674
13.503739842067743026632342662197	0.486161383791381851438018202316
16.507410165574590621417883085087	12.767436045754580575817271892447
4.068544715385101540050527546555	11.469686514675547783781439648010
9.092650969015654283111871336587	5.199757038967611322277662111446
12.761099598981823888266262656543	2.717095742138263325671232450986
16.501363667484071129365474916995	10.140372684516124834885886230040
15.128939395575612181232827424537	8.639937107045916775405203225091
5.847156641781713126704289607005	10.163528494726360662525621592067
8.939795856944993346360206487589	12.028519966950952380102535244077
3.199629445544812433865899947705	10.149993471922167387333502119873
8.956433649390049822613946162164	10.330351290536196273706082138233
1.217493562625799441434537584428	11.676642797312439370216452516615
5.033473849133423883017712796573	10.611444971271888348951506486628
13.727751662587667880188746494241	13.137573769057665273862767207902
14.812205792608406085264505236410	10.337814347401502956813601485919
12.396684771211521791656196000986	4.846842749177985076869390468346
10.484554284132897805648099165410	17.697299392914544569066492840648
6.496161932462376498165212979075	7.822364125363630904530509724282
11.583681816959060739691267372109	8.960095580192557918053353205323
5.019433611070702738743420923129	12.080360682525062898662326915655
13.592341776201550374025828205049	7.624158501411623767296532605542
6.843652713418554967006457445677	9.602899783722635973504111461807
