40
17.035568251657686289490811759606	12.604713898541284322618594160303
12.255089630399165656626792042516	15.573670388090889105114911217242
16.188077815376797019553123391233	1.238499867865393344601443459396
12.450574276108820725994519307278	2.715240108713107503035644185729
19.801820478345501186367982882075	8.220379768469189940560681861825
9.588584626442244740474052377976	14.638330674008249943085502309259
15.939550929585069027893950988073	4.103114157199519773655538301682
6.208020118584322233346028951928	11.974893375736794354224912240170
13.502683988462992559220765542705	19.185453914874720737770985579118
8.446118578056907466589109390043	0.280827806832141479986830745474
5.777523329319610212451152619906	9.441735654353522022574907168746
1.400339050542823038369988353224	18.207522666941613920243980828673
16.009746623987954450285542407073	6.615591813802975451608290313743
12.985748672792865932024142239243	5.366850456358982945914704032475
18.949135080588991542072108131833	11.810371738454183088151694391854
12.055873295067833339544449700043	7.898944111828103409322920924751
8.032505453894550839777366491035	5.821699980328917334304605901707
11.237206369321338428335366188549	8.110612883934562589161032519769
19.136525012004693024891821551137	18.978008882297878301415039459243
12.071854638674729187641787575558	8.285004683536365988061334064696
0.992612477710975937839066318702	8.362855331828919602799032873008
0.303460257818369827376159264531	17.135999080428771179640534683131
3.015482510888991107833589921938	11.599257514644220279365072201472
6.451092857389358670161527697928	2.330807888911338388027161272475
1.348459846560099872903037976357	3.368578558230809427698204672197
6.256924714235883477897459670203	13.681731729264202002127603918780
15.882939809501870342955953674391	13.934528571539077645979887165595
1.694801313167947798277168658387	19.904142734302570971749446471222
19.015221412662700828377637662925	0.794260919645820573364858319110
2.576084985708420482808378437767	3.586576783640458288004992937203
5.923059644216445818187821714673	7.933136920673168113182782690274
16.063351063335328916537037002854	2.404469621362526954300165016321
0.726374022151633713662022273638	19.475528011180216481079696677625
10.610763626331300102378918381874	10.298038619127291681820679514203
9.101898072580940635134538752027	15.312206272623964053991585387848
18.182020951087416449354350334033	10.927842034254139136351113847923
12.523410232551476894968800479546	0.773581440880612314359154879639
13.983003971476115623318037251011	7.186258833825404757078558759531
2.852921175488398297659387026215	2.784823626988131906045964569785
11.683528835455412320243340218440	1.528415776794301406127374320931
