40
9.624824470821312871748887118883	0.393186344312572710890663074679
18.932092084123880226798064541072	12.671557148950524762653913057875
1.075620584295055248702510652947	17.627997482349414326563419308513
9.245946728723399843374863849021	16.384701461224711493969152797945
5.947323375079419882638376293471	13.595170455824431954283681989182
0.977341974987972594846041829442	4.021700677097602927290154184448
9.606277022282839084255101624876	1.774659163345597256977725919569
0.172258474374864745115587538749	5.436756882507329358134029462235
11.118180645901604819414387748111	7.045554407430483223606643150561
9.460962791786752035250174230896	6.052597819862494787912510219030
9.353330737151770435389153135475	12.804908011798046274520856968593
10.546114706984273112766459234990	4.539805039267745812026078056078
17.369410722289821080721594626084	15.149570553691413365982043615077
12.439018809357451189612220332492	6.287799859024342019608866394265
8.751632663147555390992238244507	6.541342634231356534257884050021
6.123122484470461479588720976608	11.057631864693963308354796026833
14.176627270218332910189928952605	9.065139298796943023717176401988
3.027160741055057169290876117884	2.126875789289548901450643825228
8.068618361326702626001861062832	7.908460508095829233354834286729
15.077747418768211673523182980716	12.017396718770386954133755352814
10.168393574012593916222613188438	9.968978303299005361282070225570
11.026779752271044898748186824378	2.118119599554261434093405114254
4.216887183587153309360928687965	19.482302438486080120583210373297
2.619536114724758668614867929136	15.942505972826880977777364023495
5.633835674770356405360871576704	19.746722434593699802007904509082
7.242144362680605240711884107441	11.908095572228738490139221539721
5.428215040138354652299312874675	12.368106456624486710893506824505
12.211140699870208337074473092798	10.401727599658729062070960935671
12.939458849088239844604686368257	9.441625995967251938623121532146
0.048082504108891033212103138794	7.007943243234039165656668046722
11.926198166068671113748678180855	13.393806024015875166810474183876
15.481541948988887469340625102632	16.984399200451633760167169384658
4.174161220980741049402240605559	10.091534709230657540501852054149
10.112503649318092868725216249004	13.749581974173143095185878337361
14.007370136229656765181061928160	12.942716841215737844095201580785
8.954248097796140726245539553929	8.895711461883795578842182294466
7.750689313956409698391780693782	9.831739375284653803532819438260
1.069214084879313464426786595141	0.061406488981268436688765177678
5.811033805641500293859280645847	3.355162875619595030940445212764
5.336346859982394441601627477212	5.935249002256056449766674631974
