40
6.410182459476756910987660376122	12.337893846060341118686665140558
8.544108629236816909724439028651	12.529084012944045056769937218633
15.832286002104581257299287244678	5.152530471372291920317820768105
5.288962563493537771819319459610	4.960549810779420809581097273622
3.807044358590962573885008168872	6.305309732365510733131941378815
9.597245288994276535277094808407	5.901902257655311068162973242579
11.787484617854335766651274752803	2.568864078915549242765337112360
8.028830123171877275467522849794	3.796732971650437882260575861437
10.670191694112656222159785102122	10.885706194522967393822909798473
14.293309743622788943184787058271	12.750665534760759811661046114750
10.233129777140343108499109803233	7.611532828105540104957071889658
11.058120517632309187661121541169	2.369464994074713004579280095641
13.152001629944823690721023012884	5.757977513015820392183741205372
5.690550050553036420808439288521	14.902881479743564696605062636081
6.638341401820747833539826388005	14.562409268257527017453867301811
12.219665391796910469679460220505	6.417131364159827100479560613167
7.406798559780660262674700788921	8.342443825766144627209541795310
6.241523598940900363629680214217	10.196176904509551164323966077063
6.928084918965763172593597118976	7.238102097291672087919778277865
8.594268001287664660026166529860	16.969031581070534997479626326822
19.307485443060592444908252218738	4.881421213097418387860670918599
5.557806418348223864711599162547	9.352775505423414514893920568284
8.049905896012727879451631451957	11.030308186220917576747524435632
5.967597349519114580118639423745	16.417790799306590798778415773995
8.193268406133389802903366216924	7.629061818097713221220601553796
10.088414258464968753514767740853	10.373040146948746098587434971705
6.602159600539597050783413578756	6.684206629537221111547751206672
12.843598064203526121218601474538	7.357681911395980378642889263574
7.745398714363869174803767236881	13.441647226449802587922022212297
9.400024866613801322046128916554	12.579630850818041665206692414358
11.397536229641799465639451227617	7.796259372182028357656236039475
11.088494610636111303847428644076	7.678964442655681565952363598626
16.553930149122589199350841226988	15.063900785846806584800106065813
6.432102989609156828976210817927	7.238936119761952170392760308459
6.854046990578600784260743239429	5.359482649452941949164141988149
13.987443841556501666900658165105	14.136970269514851139547317870893
8.033943961132047562045954691712	11.220316660249816109740095271263
11.444943466771256623815133934841	7.369365841596685839931524242274
6.314243038835307686440501129255	5.476761702636330220173022098606
11.294250668603028842085223004688	11.054902624042998837694540270604
