40
12.757596316046623030615592142567	15.654505446273649482691325829364
5.647946183131233865992726350669	8.858984973073072310967290832195
12.743310533510008752955400268547	7.030270078577494530236435821280
11.888925731982547873144540062640	8.985439951321703588860145828221
10.665814747944503793064541241620	5.899614877736313545142365910579
10.980679145263648521790855738800	12.376619143110545451236248482019
15.655059579058454133360100968275	10.278846972779991375546160270460
10.497298129120606446917918219697	12.270069313578535030728744459338
10.062686813351088943591093993746	8.299665235024269449581879598554
8.807243594563603394931305956561	7.283061751421359808489341958193
12.425053799756694772327136888634	7.005163996780072288572682737140
6.613254125145547668296330812154	12.024869945573739116184697195422
7.888048545785085963188976165839	6.203801805757474419067420967622
7.858429713213293865692321560346	7.825076599909288610490420978749
2.530615724327793802927999422536	10.156147996192895988087911973707
6.843065011522448060077294940129	16.479743925851991548370278906077
5.405058980880148133962848078227	9.818209965874840960964320402127
8.543879953759045520200743339956	12.331534720943388094838155666366
9.222127333423266293266351567581	9.916574607879486080719289020635
11.537231297293377707546824240126	6.629704929394878654136391560314
10.868728369721971205308364005759	11.113861204074323651980193972122
16.863527183201245662758083199151	11.525999912856997653420876304153
10.968634243310610543176153441891	2.725718619483670668302011108608
15.576780193259411433359673537780	9.937639071775620891457947436720
6.094209679420224290424812352285	9.255020562133315920050335989799
10.023645791531039961341775779147	10.587431357130085984863399062306
8.272127176216525157315118121915	7.046625057256987290088545705657
8.244109807633396513892876100726	14.125771982351324140836368314922
8.462909446548271930055307166185	6.281567205423274735665017942665
9.110723440457883626208968053106	14.821285776971533820756121713202
4.038175280027772373614425305277	7.350071978989532794912520330399
7.757050189491433656030494603328	8.485198151485619177947228308767
7.559748054272169781597767723724	12.206842331710928917232195090037
7.197109965891176130980966263451	13.696482007199143993148027220741
16.887785079408850208437797846273	6.706661453235805758765764039708
14.570209854441078078934879158624	13.994131137924128438498883042485
12.414352181045691381200413161423	10.858750709412326784786273492500
5.848742267083293810969735204708	9.932102460898486029350351600442
9.422526033559140756779015646316	14.679821263366548578233050648123
10.886190905182090205016720574349	14.358309641784938293085360783152
