40
11.664865486331164490252376708668	1.299883831015304913591990043642
10.552029434632267168581165606156	6.419967253587389954816444515018
4.134448554850040480346251570154	4.759662969996449888299139274750
10.403710141226811813908170734067	12.374265787168024388620324316435
3.027792851015573827311300192378	6.310042635631798901840738835745
5.583259512205035690612930920906	3.153146189629736362292078410974
1.317639404535381197902665917354	7.486630512172347096111479913816
6.456503300249229582163934537675	7.142345030718584730777820368530
4.983534180973633098687969322782	8.944691902325599741629957861733
10.135717662208810097013156337198	8.261637513677502653308692970313
6.217681839563779178092772781383	16.684538402715347160665260162205
11.212557902386151909013278782368	11.686565575214956425043055787683
10.531513267942827383194526191801	13.210002901345490045059705153108
1.655975485700390548160498838115	7.590750776627695373122151067946
17.542970666717653926980347023346	13.781753285360387906166579341516
14.814643832955958657748851692304	15.952839759816772158274034154601
6.589221960249892262595494685229	6.671461378454131008197691699024
13.129542566138878711967663548421	15.432256989295222382452266174369
9.037229770352732671767626015935	3.977167714382142449380808102433
19.027601631097308398921086336486	18.346957610850900266541430028155
10.928305492880852511916600633413	13.694805398019912701101929997094
5.730497570178318511580073391087	7.627484840509918484485751832835
8.309421999580941076146700652316	12.675398053672534359748169663362
14.769354743733540402672588243149	10.629754805780009974114364013076
5.956314536302738105177922989242	10.240540051719674963237594056409
10.648204697139808772021751792636	6.561622763246940159831410710467
11.814370166586483534842955123167	14.860177387475767218916189449374
13.681664871020663198919464775827	8.860105547126362779408736969344
8.376247794399770185691522783600	12.206467902091377553119855292607
16.947499458643996206319570774212	8.124461539640636331682799209375
4.577360668624786299574225267861	17.785430641182998101612611208111
16.615000972014613012106565292925	11.536337369298337307554902508855
14.578836565923914747600065311417	5.479050876913317047467444353970
15.514651316755855958717802423052	14.053450395455975296954420628026
9.864558983393131086359062464908	8.189539538220241610133598442189
13.816338043553585634981573093683	9.047893178147901949159859213978
4.199449672176922554456268699141	3.418367404363137573852782225003
6.812092049340980004501489020186	16.214721602129802846548045636155
5.080549458852789079799094906775	2.692616103801276139506626350340
6.255379983177323133247682562796	7.275862468178619479886037879623
