40
4.308804128944494493680394953117	14.505499621465034465472854208201
12.525061200123609239653887925670	13.500984809969711619714871631004
11.246572462071640075009781867266	1.284630211957637158093348261900
8.995493881994292451054207049310	15.145943798307689220905558613595
8.576877428539397385520715033635	12.931939102881401026934327092022
15.949298381521138878724741516635	9.802102254328348251988245465327
18.929922222229542683180625317618	9.915705477853460791948236874305
11.635915789332258896138228010386	2.222114666412137395923309668433
13.538304915859633581476373365149	10.202677754931734455112746218219
11.863203718039192935407299955841	10.606085552605458488528711313847
9.931367982369733837799685716163	5.082441118133719903937617345946
2.727241695644297969636227207957	19.917147118900587088319298345596
5.176243370919211272962456860114	11.441184203617938308639168099035
10.145791168441148144552244048100	7.244157675744021140928907698253
10.219038506392124077137850690633	19.617036643084389879732043482363
0.739664358790234288676401774865	6.080993560236090722526114404900
0.332064680595921757344513025600	14.119018775238547647177256294526
2.262070874746864745929997297935	1.078942883656541340542389662005
11.762813415330027666527712426614	2.174043790053632463354915671516
15.014757448436203191022286773659	1.321910154500837819568914710544
10.458992894865220435463015746791	15.256133110009105990911848493852
8.659153758536328737704934610520	16.762656701433613193330529611558
9.566235954128934793061489472166	3.323182470535907206965475779725
18.824055547559147782976651797071	15.229589739069975706797777093016
11.427613342211978775253555795643	11.565100984318691601515638467390
3.468782132147982366632277262397	14.475949985011459020256552321371
11.315788395580010927687908406369	16.671291534222831387523910962045
16.770520019410440681895124725997	5.412839367669439738506298454013
3.745640261922520863890895270742	14.418820582298909727114732959308
15.762586310311078818813257385045	7.022799368238651140927686356008
7.803067067567549308648722217185	2.072382954998427173620711982949
13.442109615766185015672817826271	4.116688051741751230849786225008
18.478686636359135775364848086610	1.710200749068214065573556581512
14.189407369564989380705810617656	11.948316706398459885463125829119
17.827626088383809133119939360768	0.909165849627905586771703383420
7.547321140331948896573521778919	14.919008725210712640318888588808
3.123126668861123889087139104959	8.343398252119589741937488724943
15.333534944125855048469020402990	16.016496868343786275090678827837
10.386247781861264627423224737868	12.142865236152942998160142451525
15.394429712194563464322527579498	15.084018243927129532266917522065
