40
11.740471359107530702203803230077	9.868228376861287287624691089150
7.351715241648332010981903295033	12.812190322210806670000238227658
12.697444763920934462930745212361	7.919967079312412394642706203740
16.656843836063167429983877809718	18.573073219410332512779859825969
14.503945138444139573152824596036	6.829187786394474102280582883395
15.338219754502276259700010996312	17.621373071813387412021256750450
4.780406229761783976073274970986	8.433024373235927129144329228438
11.254299017450161812803344218992	8.281652267872638972789900435600
7.019418196655978547937593248207	10.879209814071639783605860429816
11.934697419589616274038235133048	4.428274732985650885552786348853
9.782988180062755390054007875733	8.706994408213175162813968199771
16.733869387205150047748247743584	11.332090250546773546602707938291
8.999410793576091194267974060494	6.804830259219678545434817351634
10.596232034593443316339289594907	15.905658102232665740416450717021
8.451880693503811770028733008076	11.086643660388141086059476947412
16.083855493134514347275398904458	9.804029381251391228602187766228
4.684851971560348715684085618705	12.054937516558323906679106585216
12.920016340414843369899244862609	16.317665854775860623249172931537
17.014248359996479109668143792078	8.525890564297545992644700163510
7.473499804800654899850087531377	13.943844689287505644870179821737
10.798721305869262820920084777754	2.112463963339185291090416285442
16.720358842927311116000055335462	2.552547088759721027884097566130
11.325507199976263095209105813410	4.396269527541951660509766952600
5.023045622561334688782608282054	14.215686003092937284009167342447
11.954772232403513498866232112050	9.606586106674791736281804332975
7.392182544587125647694847430103	5.185926396443174546391219337238
11.337611683075401458609121618792	12.639341117341633236037523602135
6.895213037722490057035429344978	3.931462272339448560387609177269
3.536418414447107139153558819089	9.890886887957270445781432499643
19.332264654637725698194117285311	11.874999476516386209823394892737
9.105454665420490201199754665140	15.675316536914259302193386247382
10.855204781171194028388526930939	11.652004609950610714008689683396
2.163776999882617069204115978209	7.219152046987573179137598344823
7.870296988005758720419180463068	5.238325641445734426326907851035
6.691240334612199802677423576824	9.063939132974322632207986316644
4.543869145851289204074419103563	16.691440482382095211733030737378
14.336530224790536180989874992520	10.846696917146358529748795263004
11.626605025941080029383556393441	13.540057935053919635493002715521
9.286291221232833237309023388661	8.211455165162655944754988013301
13.177792064853797171508631436154	15.343429107941361166922433767468
