40
16.105297132480288269107404630631	4.246328120693330099300055735512
10.124871412608618115314129681792	10.278131193186824887675356876571
11.175804939888189792895900609437	13.662127774013905323613471409772
14.580886103862038538636625162326	2.768599413092134309266612035572
7.943412240667899304469301569043	14.760600339668238589752036205027
4.923192898457965149816573102726	8.445166236204432408385400776751
18.433086416638779780896584270522	7.633050518621721458600859477883
10.098023225650239353967663191725	13.968595556671226987077716330532
3.660538368715167134581633945345	17.998777517507910772565082879737
3.801579109328332428674457332818	10.692305953861115597192110726610
13.814084031944702246619272045791	5.896125538649683583969363098731
7.055997764466788169102073879912	16.144828276059264737796183908358
8.160736487865973387556550733279	6.221213160691237753496807272313
6.956445054522523818718582333531	6.213010976226671644440102681983
5.443233764018748033208794367965	12.813800754423844807661225786433
15.474887595732703005069197388366	9.664434507212726899183508066926
16.562563317979609678332053590566	11.816199390772654354009318922181
8.115491059772345749934174818918	8.643697220719419149759232823271
14.225438665602229804107992094941	12.724324479671677678993546578567
10.210520931933881882969217258506	4.894709850050715793656763707986
11.762309235187510481068784429226	4.140725209224576985889143543318
12.866479132261577689178011496551	9.466320161951578882053581764922
19.159163464716385760766570456326	18.186330279833466505579053773545
8.582633595833492279325582785532	5.876004678053115881652956886683
12.964697664043422165036645310465	16.342023629650164195936667965725
13.161398580763352228473195282277	0.561913262721287498635547308368
7.142404398297686363150660326937	7.799360758905660162554340786301
5.169585093297181188631839177106	12.879208025333973353099281666800
7.100976197507226750360587175237	9.505234026570310135184627142735
16.920151696236178651133741368540	2.670427817666412018127175542759
8.309466774488667439868549990933	8.052312180963344445672191795893
14.094788939120338255861497600563	10.352220279349570120075441082008
10.666043288948657163928146474063	8.143873846862167198423776426353
13.365343205368976242652934161015	6.354091977486550746334614814259
13.155707420894673376210448623169	12.206220985685492408379104745109
14.791229697353269756376903387718	8.743967526477824492303625447676
15.153020387033746985139259777498	2.253563999280668639357827487402
18.833725275635195828272117068991	13.742852963361956497578830749262
8.143411886350399697676039068028	11.162268971727629107704160560388
4.630155002888431958751880301861	10.781807483668927716280450113118
