38
0.000711498622939621405691923428
0.134297448993418999663163049263
0.822152031540926642172451010993
1.791693896005496000611856288742
3.037946804867455163901013293071
4.884786709652611413901013293071
6.803965300271853422486856288742
8.253030322906537818994365807157
10.937166713592572975244365807157
13.261168025848432350244365807157
15.346129917022748756494365807157
18.152820726985897437089079176076
21.640354296321834937089079176076
26.064829372283977448887526406907
28.871521135921444312089079176076
36.134319445247612634375400375575
42.286464830989800134375400375575
46.553221502806032106036582263187
52.986086645628297731036582263187
60.615034857298219606036582263187
68.919462957884150000609224662185
74.958662786985712500609224662185
81.937532594658435414203268010169
89.566476991631091664203268010169
97.435139518666943558855564333498
103.910104921318591664203268010169
111.242183877442798234369547571987
116.823571003908000420778989791870
125.010240744836664816830307245255
130.226176798771319909064914099872
138.734933102334736076954868622124
145.081100779799555766658158972859
151.701544986090794964184169657528
158.483705884453115686483215540648
166.992464429374990686483215540648
181.090970393066299948259256780148
199.307255212053519244363997131586
226.305088464006644244363997131586
