38
0.001993559178636417072993936017
0.248385723524003010354022080719
1.154221660662518189610636909492
2.728080494155110002907349553425
3.760129431502412522547729167854
6.923274331986004170857995632105
12.051101022659832295857995632105
15.032664458269620055830273486208
20.006953544050478654980906867422
27.028697344898656496070543653332
31.119990245514358662148879375309
34.283135745167214736284222453833
43.882016512989480361284222453833
50.564524955183294707694585667923
56.481721255421120986284222453833
65.644631716846902236284222453833
72.758592510890537141676759347320
79.429349276661355361284222453833
87.004551774658324347910820506513
93.578042889308505891676759347320
101.571265013530080523196374997497
108.320193814151139122259337455034
116.630820067241018023196374997497
126.229697020366018023196374997497
135.985287837479802419693442061543
148.970830134843083669693442061543
160.255406550858708669693442061543
173.030095271561833669693442061543
185.049092463944646169693442061543
196.440326260440201622259337455034
207.311705382182424273196374997497
217.067296199296208669693442061543
235.075566462968083669693442061543
249.933756090291751661425223574042
267.942011095174564161425223574042
285.202388993497493174800183624029
303.210670410408908992394572123885
322.177894531502658992394572123885
