38
0.002818761287848303709324682131
0.207050345144463410207436027122
0.586868625547860567337465909077
1.343963769345390524279082455905
3.192106286986764018820394994691
6.264139668949678885212506429525
12.382500665196015887659086729400
15.984749456711295323430022108369
18.592572828598502354680022108369
22.941055828238418712317070458084
26.681490557170107535966963041574
30.389268537827017979680022108369
33.318545957870966844893700908870
37.413203855820185594893700908870
41.876865024711548812774708494544
47.294776554252564437774708494544
54.458508379328833370891516096890
66.650559484322371872622170485556
70.482327520211043747622170485556
76.365939496665603769542940426618
88.210659794517653153889114037156
95.282868895049887214554473757744
107.171693357940512214554473757744
114.629519818931228769542940426618
120.575557111411697519542940426618
132.464389203696867980397655628622
141.797706593253082019145949743688
148.340194691397613269145949743688
160.136900177360644192958716303110
166.679380646110644192958716303110
181.075832325760018193250289186835
194.721937408805956692958716303110
208.192518463493456692958716303110
221.207685699821581692958716303110
233.748762359977831692958716303110
251.857084503532519192958716303110
269.128276783767830693250289186835
287.236583668533455693250289186835
