38
0.004192460857254332040611188859
0.099880913380195224249291641172
1.620945983969345860487010213546
2.950499054232018636412249179557
4.503190829814961659849359421059
5.914013698162129628599359421059
8.241291741660921488232816045638
11.548776257790541066583500651177
14.915403950966810597833500651177
19.968978132313111473195021972060
24.479290584436558475545098190196
29.894644558797097033675527200103
35.212097943196511096175527200103
39.747460186848854846175527200103
46.785210430989479846175527200103
60.519645378589736139929300406948
67.555687725911354846175527200103
76.956160276073205750435590744019
85.450299498111832008362398482859
92.792441577803472796404093969613
106.480741033938002715331094805151
115.787464280632718782726442441344
126.781147141960843782726442441344
138.523254268066636996081797406077
147.466827266113511996081797406077
151.706161372558824496081797406077
161.296035640136949496081797406077
172.883956782715074496081797406077
185.428939692871324496081797406077
191.466979854004136996081797406077
202.658782832519761996081797406077
209.527801387207261996081797406077
225.945541255371324496081797406077
243.619491450683824496081797406077
255.075988643066636996081797406077
267.692520015136949496081797406077
280.711562983886949496081797406077
302.950003654516137885366333648562
