38
0.004249679467590694592615818692
0.102983675824189546688103291672
0.415364449057552431732176501100
0.755087058029431323902258554881
2.615458337629774199228904763004
3.693272453793763343554701350513
4.945022684582948357956411200576
7.336331513313866459213841153542
8.969944448150389604279553168453
11.793007821716063432404553168453
14.683571819841613859125573071651
16.550837521135559171625573071651
19.046479229509582609125573071651
22.565602636736862507405021460727
25.912080646084671542439537006430
28.770623907937359575726077309810
33.009976391374820536839251872152
35.180548985769576120219426229596
37.676192601492232370219426229596
40.308524449636763620219426229596
44.226619084646529245219426229596
48.263167699148482370219426229596
52.363821127673070066066429717466
56.375252728749700281696277670562
60.411801343251653406696277670562
64.696544928161898724283673800528
72.089066578528530726543976925313
78.067289974282346065592719241977
83.344820931322701085264270659536
90.694023087136571348310098983347
103.618423416726415098310098983347
116.239236932059881723944272380322
125.215544832388786744559183716774
138.139945161978630494559183716774
151.007392061392692994559183716774
165.941337769374143817913136444986
181.023903076991331317913136444986
200.395866577967893817913136444986
