38
0.000432811384489389938678982617
0.051508722435425147168075454829
0.284537943892619882291228350368
0.811265318550537628539132128935
1.587351887382935089476632128935
2.503716033646424143910280690761
3.981463938426773374601452815114
4.847819389261390554679564957041
5.622805179514076101554564957041
6.879947428999778402669562638039
7.907640318727565897916065296158
9.411912779665065897916065296158
10.926626570208416211471558199264
13.542288797185598525629757205024
16.343799573542121095215406967327
18.277448636652472657715406967327
20.578006918214828857571774278767
22.589946739500280870061033056118
24.199507392158988494657023693435
25.703779853096488494657023693435
28.319440107577719345499644987285
31.130200353321658468530586105771
35.042773214039428353316907305270
38.386618658812928117640694836155
42.735779522437489674757671309635
47.219401404174256242640694836155
53.221530005248474992640694836155
60.592998305744821152529766550288
66.893615523762406382957124151289
74.040061751789750132957124151289
82.816215316242875132957124151289
89.476775924153031382957124151289
99.221732894367875132957124151289
110.661865035481156382957124151289
121.806007278495911805293872021139
133.362772758970805853095953352749
144.983898457097780010371934622526
159.944497932597414546762593090534
