38
0.002509289203602271811632817844
0.115912009545398930754345201422
0.767183194667641288333470583893
2.464166289432966117090018087765
3.946200606536962141035473905504
7.003882384744995803771416831296
9.640545639117682696905831107870
11.109963192631550299438458750956
16.971474352359322779193462338299
19.955968561648873560443462338299
24.128294622474435016101779183373
28.937470458693283603679446969181
33.248398803419846103679446969181
37.257744811720627353679446969181
40.822861694044846103679446969181
46.455860692304320025414199335501
52.944440539549248114781221374869
59.684503253172294989781221374869
71.485493682570236728679446969181
76.121151946730392978679446969181
83.620938323683517978679446969181
93.647729298167135425501328427345
104.609506031565572925501328427345
113.264164947218674228679446969181
121.397641204542892978679446969181
130.521138213820222517824731767178
136.303669952101472517824731767178
146.232823394484285017824731767178
156.259621998362433714646613225341
162.309941314406160017824731767178
172.336739918284308714646613225341
183.636254688792121214646613225341
197.069576483919945530942641198635
212.655344745247191440284950658679
229.889780780403441440284950658679
253.369944673943649604552774690092
269.904856463997191440284950658679
293.385005098748308682843344286084
