38
0.005100770133244170168040909630
0.091403105806391771182006777963
0.740820213731210763796752871713
3.517838429615279594031562737655
6.162295764007534870643212343566
8.504841489410500443568707851227
10.154855413055519974818707851227
16.080516500091654563675547251478
21.661792440033060813675547251478
25.141957921600443626175547251478
28.718896550750834251175547251478
34.824290914154154563675547251478
40.320647878265482688675547251478
47.950553578949076438675547251478
58.097149805983654857755027478561
69.859444575270757127327669877559
75.318139033278569627327669877559
84.504113154372319627327669877559
88.483757929762944627327669877559
98.028923945387944627327669877559
104.999180463093907178517838474363
109.783605365934363362612202763557
116.674657612028113362612202763557
123.518162396687657178517838474363
135.014820721882983889372553676367
143.445377972859546389372553676367
157.017613080281421389372553676367
166.897771625699988362612202763557
176.301641254606238362612202763557
190.382192402067175862612202763557
201.470997479695483889372553676367
219.862019208211108889372553676367
237.065312054890796389372553676367
256.271000531453296389372553676367
269.691900043668738362612202763557
285.440601971882983889372553676367
294.861195233601733889372553676367
322.019154217976733889372553676367
