38
0.000020773632167583877539129844
0.008981316930571133644312098454
0.037876182815948067350575456658
0.058541049829640923185536394158
0.106510862174950635128389819783
0.192689120236359645588208877598
0.391899302545917094242611256050
0.604560505037098572245213290444
0.708506802470091234802396229497
0.843155278296135124449506292876
0.953280190379026781677396229497
1.087928666205070671324506292876
1.197003078503992012926460120070
1.310732078595544747301460120070
1.453200531049158028551460120070
1.579524350209619454332710120070
1.802012078419273688467683314229
2.011570088520592047842683314229
2.151412837162559821280183314229
2.326806299343651129873933314229
2.619460098400657965811433314229
2.983772508755272223623933314229
3.177011005535667731436433314229
3.374633543148582770498933314229
3.761606341818243048891190483118
3.991025917187279059561433314229
4.283679716244285451409723464167
4.622553950765996511051980633056
5.000409028034351166525084408931
5.168587586383960541525084408931
5.461241623859546479025084408931
6.112615487079761322775084408931
6.405269524555347260275084408931
7.004760167102954682150084408931
7.772529517009306054831085930346
8.933518555760864288117772957776
10.659914790082307689544904860668
11.919677155961288406160747399554
