38
0.000145664611933327137194282841
0.049461151761439836604949960019
0.317717890082429121889617817942
0.920727096401183331408901722170
2.686980924637593748371955371113
3.598160944016255857746955371113
5.072279176743306194907745521050
7.859472951920308148032745521050
9.679047307999409710532745521050
11.598664007218159710532745521050
13.435985288651265179282745521050
15.150953969986714398032745521050
20.422915045856637306087577599101
22.594030699798473449391167378053
29.254722200376750862460539792664
31.852609996181506346601963741705
35.710327510219592284101963741705
38.958635954449341909366921754554
41.526340846401232909101963741705
46.107943070490811976469558430836
48.319085899912735726502432953566
52.092729398922699601826025173068
55.985430087822614098058693343773
59.342649284922501351502432953566
63.116292783932465226826025173068
67.488286802487152726826025173068
70.324216667735001351502432953566
74.097860166744965226826025173068
79.189290830807465226826025173068
83.471776792721527726826025173068
88.563207456784027726826025173068
94.005980098837966352220973931253
99.175638358496740920600132085383
105.619430639576350472452759277076
111.534744701735633043426787480712
129.754263732765508621014305390418
153.863200347370195686380611732602
174.777824582471055236965185031295
