38
0.002624699459823354175114218378
0.090096216281056240582358896063
0.363350342410651283575617753741
0.792617227094611465076923195738
1.159952954929281965235077223042
1.951161209876683733099866913108
2.673917437854043566147765886853
3.465125466647378527085265886853
4.120624306295856520421239110874
4.400652649496540114171239110874
5.191860916708454176671239110874
6.336863758657917067296239110874
7.743395569418415114171239110874
8.888398888205037096099658810999
10.843110802267537096099658810999
11.997742416952595689849658810999
16.132420901813905089738909737207
18.578129532431109538492819410749
20.529753449057086100992819410749
24.903595739573447076509182807058
31.130966955393759576509182807058
40.586213277982906788565742317587
52.192225337336701329604693455622
60.178134097503473753931757528335
69.345619630015207235373964067549
76.130270148854947365180123597383
82.779000049358742785443610046059
90.299492603069680285443610046059
99.962670093304055285443610046059
115.029442554241555285443610046059
125.781258350139992785443610046059
138.161926990276697324588894844055
147.985398059612634824588894844055
158.302567249065759824588894844055
167.887589221722009824588894844055
194.127411609417322324588894844055
213.341435151294859906556666828692
221.635805225973143706141854636371
