38
0.002696116069754950217429723125
0.123912540803823745250156207476
0.493761265722163500413444126025
1.132159982233507111715198334423
3.003091653339801769817540844087
5.848401064848821384600796591258
7.319039841620746500439054216258
9.584766128140497443155254586600
13.091752708211716438313487742562
16.628986060872847474456648342311
20.723975198122200680472815292887
24.122811983097523835795072955079
27.403988750976544963577907765284
31.648910618805913941287144552916
34.342742953806386196902167284861
38.046184706005320208532793913037
41.774799058903191451008751755580
45.208796413940412151077907765284
50.006495119687372152839088812470
51.945112825986200277839088812470
55.457842470761590902839088812470
59.033494976761424766209529479966
64.115803346299202303271158598363
68.040031465666729104668775107712
71.552764925139385354668775107712
76.221319274461421855448861606419
85.270256075041729104668775107712
89.938810424363765605448861606419
101.763029174363765605448861606419
110.513372497117671855448861606419
123.467903393118263011274393647909
135.391289013235450511274393647909
144.141647594778419261274393647909
163.286461608464406936036539264023
184.751625793034719436036539264023
207.715637462942481761274393647909
226.860466735417531936036539264023
258.951444208571331273560645058751
