38
0.000659452951053740576980999322
0.042650438778942811879346663773
0.186718161014112205009496392449
0.282602964465545447581007465487
0.626848850028849824411736335605
1.290150084658384654900942223321
1.842108617736519793339766692952
2.259660635625281521754459390650
2.811619292213143328496016692952
3.482002651575996310384653043002
4.567701732996894747884653043002
5.781186973933174044759653043002
7.073891715528484169794865010772
8.446956369149891230563298449852
9.636287423837391230563298449852
11.401250573861805293063298449852
13.396557679158487275117295212112
15.415064546334949824313298449852
16.664256784188953730563298449852
18.891902658212391230563298449852
20.737922149970255958351117442362
22.633802148568836543063298449852
24.927833038642130958351117442362
26.633404597747510678118487703614
28.448508697821818458351117442362
30.000956970526896583351117442362
33.054009094452169392752693966031
35.469256623497969371783256065100
39.197690914585209043252689298242
43.072195003940677793252689298242
47.815448029747969371783256065100
51.543882320835209043252689298242
57.275954223305262758003664202988
61.211783385902919008003664202988
68.506457305580653383003664202988
77.180888152748622133003664202988
81.416956878334559633003664202988
92.720524317573548955806472804397
