38
0.001295778917131062968337573693
0.024662040374179627910677936597
0.244767023277562500993553840090
1.603253796392529295644635567442
4.356420220061379744436180772027
6.727395385731174570764778763987
8.902511757110893597655376652256
13.326211419822939774348924402148
16.656345893114270495516393566504
18.833558507986388974586589029059
21.198209234304748349586589029059
23.987517069404564296064563677646
28.088525243826232724586589029059
31.509491067546221643169701565057
36.085449319499346643169701565057
39.121400922448131609598931390792
43.697362989098522234598931390792
49.079910382515031130878924159333
52.955717842614610901819105492905
57.140752881676647234598931390792
63.560675181451863124948431504890
69.211034719460002406776766292751
73.086839765221569109598931390792
81.001741923395229605375789105892
85.996293154179923590163525659591
90.894584231296121856757963541895
96.546016230593735940601618494838
104.069233987964850030039087869227
115.755918984618119793594814836979
122.118808283816392190601618494838
129.642026041187506280039087869227
138.798077676929693780039087869227
148.923924539722662530039087869227
167.533578850160637330191093496978
177.659433342348137330191093496978
196.427356202447356281481916084886
225.523354857298642173191183246672
258.373742525570889938535401597619
