38
0.000973499937892086109059164301
0.077694028774945467219481542998
0.278838052740699504639110273274
1.285401588375329140490066492930
3.738902515105371637815778740332
7.159305280857715558795462129638
9.609316786046280256528007157613
12.412467999332838175519100332167
14.373012585514478800519100332167
16.442088034893437509253999451175
18.641748471134597764375939732417
22.425632283475039230324910022318
26.731498221990335650843917392194
29.166339448881210216768522514030
31.888446394324301280676081660204
37.549099384502966358923004008830
42.080413404822351708389760460705
47.741066395001013233923004008830
56.845752753915704147402720991522
62.650125016129734945025120396167
68.695340622819188070025120396167
73.866399277604344320025120396167
82.248607966266789048859209287912
93.014946074715169288538163527846
102.063038203083195298859209287912
113.691017241707356788538163527846
123.917039887109325491110212169588
134.399025995946885814191773533821
150.060343464770284072073991410434
160.916773518481221572073991410434
173.891550740160909072073991410434
187.339182576098409072073991410434
203.961863954207927918105269782245
219.623163899340596572073991410434
230.479593953051534072073991410434
243.454371174731221572073991410434
256.902003010668749993783421814442
284.446863850512499993783421814442
