38
0.011354906286517529867552411815
0.083784755714830350115107648890
0.426213964600166528295943635385
1.253404733154924510785122038214
3.072871040843923040597474027891
4.945926103071031754154773807386
7.093890013508454828183857898694
8.906537356190339593808857898694
12.679206165014756280129404331092
16.083734152070185530192247824743
19.459887027936233039326907601207
24.619835376935256476826907601207
28.623305119499818260919710155576
33.834427356915725226826907601207
37.568730455996359296477749012411
42.997847355827943260919710155576
49.424786788501457124311855295673
55.031069554314271385919710155576
60.112508298103641379839245928451
66.244239901254388769302750006318
70.446328383960434393884497694671
78.338335137772617144946707412601
86.266100030350742144946707412601
95.545587640214023394946707412601
105.451761346268710894946707412601
114.853731255936679644946707412601
125.572420220780429644946707412601
135.985002618241367144946707412601
145.250001174487778143884497694671
153.142007928299960894946707412601
166.220026116776523394946707412601
178.733519861643316062327357940376
191.811553308908941062327357940376
206.196685144846441062327357940376
220.811812708323003562327357940376
233.478789637033941062327357940376
255.368112313005610758409602567554
278.816232430193110758409602567554
