38
0.000208859050719711891730412390
0.274020259647585584517059942300
0.924118835016940920468186959624
1.613301308664675914883446239401
2.787620801016544191952561959624
4.444597774017707614291339268675
5.575880916060982350757058156887
9.527352837617623748656114912592
11.897703556011791192759119439870
14.628707559273292915236197586637
18.046155560372735493501750170253
22.253062636794624040703638456762
26.260371835396341566593036986887
29.677821743844415181001750170253
33.049678433297536628288071369752
38.438274014352224128288071369752
43.635051358102224128288071369752
47.649978268502614753288071369752
53.642276394723317878288071369752
60.743774044869802253288071369752
67.694396603463559358715428970754
74.256225216744809358715428970754
79.644820797799496858715428970754
84.040868432686380629093036986887
88.856528866647153108715428970754
95.958022702096371858715428970754
103.039209237291757403909286949784
109.062214610668206660193391144276
116.163716075511956660193391144276
122.146948659380839785626449156553
128.563048207720697746481164358556
135.664542043169916496481164358556
148.707953298052728996481164358556
160.247228313255618559196591377258
173.290624309349368559196591377258
189.187784464687752006284426897764
235.417887003750252006284426897764
284.637522013515877006284426897764
