38
0.000882492289784930772356119633
0.031919757180160601706120360177
0.265486054618954359085591931944
1.052732861222320348559833291802
1.886145651593615468755160691217
2.710717261090685781255160691217
3.774741141462516047511144279270
5.048366276994368462283091503195
7.084511724372317686970745853614
8.687538222453625280650157947093
10.622765791832071258227188081946
11.912937239787609655650157947093
13.983451918742687780650157947093
16.812769011638195593150157947093
19.811902951484636759005297790281
22.161475000299539317438757279888
24.016724428062360630065086297691
26.226694902305524692565086297691
29.903670152549665317565086297691
33.983009978914935800275998190045
37.965929826621930942565086297691
42.045269652987201425275998190045
46.378805932916726817438757279888
50.966794795613282076374161988497
56.261926478962891451374161988497
62.757192768320983589092065813020
69.285499803337742719122616108507
75.922112329261139507252664770931
80.251099450843170757252664770931
86.779412133948639507252664770931
93.691063988824581088010745588690
98.658387965779297701374161988497
104.821516450937565423373598605394
111.897624507857059938942256849259
118.758043182719703168004343751818
130.680261505473595207149628549814
142.888620270122032707149628549814
161.090734220281376565253594890237
