38
0.000232964587282946666846328299
0.123117437630122505964891388430
0.468969143239977626080872141756
0.872308446205067866685567423701
1.389215973959796457393167656846
1.715490220677155619455334090162
2.491444467198151713205334090162
3.943927316914535019520826608641
5.940179853688216660145826608641
8.409794892674920419040063279681
11.066410188176323714515092433430
13.995667899792168853423390828539
16.665030141155902754235285101458
18.129434859805854785008705221117
20.097676400639702620765092433430
22.844433343929750890310970135033
25.794311965649100670816551428288
30.502342666332694420816551428288
36.331032876469777193051413632929
39.260290588085624108316551428288
44.960127319042655358316551428288
51.222601708021748834198660915717
56.107962096874686608316551428288
62.370436485853780084198660915717
67.655703033153983483316551428288
73.846444701110755204354063607752
79.947496031677161454354063607752
85.394189452087317704354063607752
91.495240782653723954354063607752
97.757714842712317704354063607752
111.094354247009192704354063607752
120.626637014320351681817555800080
133.963278331042914714998914860189
150.336706675769477214998914860189
164.427984751941352214998914860189
190.653357066394477214998914860189
206.259390391589789714998914860189
234.951484024729211341764312237501
