38
0.002354224008310978888403042220
0.155702595958816303323146712501
0.743076018959708761713045532815
2.418590677768865049301894032396
5.341293787063170483975227398332
9.596557569092361461571272229776
12.034052719297140043863691971637
17.547853340329854887613691971637
22.179753484244596251073744497262
28.243416966910611876073744497262
32.238886877836492317328520584852
36.470639273466375129828520584852
42.375189013760113709849974839017
46.764513468736979007189802359790
51.707060860113003286642197053879
58.144506907457682132189802359790
63.087054298833706411642197053879
70.425687293195409210966317914426
78.992825965070409210966317914426
87.469598273420018585966317914426
97.982621649884862335966317914426
108.175569037580174835966317914426
118.528474311017674835966317914426
130.445245246076268585966317914426
141.680253485822362335966317914426
152.386224249982518585966317914426
161.579064826154393585966317914426
169.741158942365331085966317914426
178.933999518537206085966317914426
190.439355353498143585966317914426
203.261285285138768585966317914426
219.375065951836802469188114628196
236.692031144353506988409208133817
254.519225219334600751608377322555
271.968168279048370550299296155572
289.795356285417938124737702310085
313.200514647779186816478613764048
346.242829406503915379289537668228
