38
0.000722897343600870101454347605
0.028378791807996517349010900944
0.341813926778192112010401615407
0.831167453964554603373926511267
1.319488490064942176616114011267
2.105486476415181495980277759372
3.014089549024903114116114011267
4.228679786037432108969369437546
5.845741713484131629741114011267
6.983860457380616004741114011267
8.148198452355046583761577494442
9.474751437147460819687694311142
11.054114306410156132187694311142
13.221409168602605177511577494442
14.992152055551471789840434212238
16.711639728905339552511577494442
19.015718784691472365011577494442
21.961832371117253615011577494442
23.305445042015691115011577494442
24.376446094872136427511577494442
27.485164966942448927511577494442
30.203246458536536778183290152811
33.311967237955485643396968953311
35.664624210251595570753124775365
37.850127307092989781267533544451
41.330321398889864781267533544451
43.843632643404923499019787413999
44.914631788912735999019787413999
47.666711195475016893396968953311
50.775426252848063768396968953311
54.569096907144938768396968953311
57.677811964517985643396968953311
62.934445723062907518396968953311
68.467881544596110643396968953311
75.330903395182048143396968953311
85.354986700800139942657551728189
97.711785658365641893396968953311
112.857536659141175050535821355879
