38
0.000154558389060865941644351551
0.006676315497311957614101629588
0.025406725824988041217977752240
0.094235109576684628063247828322
0.172422769377600565432473445071
0.231887581656348124026223445071
0.312265503118407172777892810700
0.463561119841054414258962879103
0.592996987436854139374986516486
0.724621686075770154999986516486
0.930488230692622542150616027357
1.059126308933811433377059074701
1.161222628132419831814559074701
1.321936981448803338778930083208
1.465030868916939787993669597199
1.599329670339058928618669597199
1.838286698440930955200656171655
2.050670584111641936431169597199
2.195834597020577483306169597199
2.438243568519971482544406171655
2.674936970143746428618669597199
2.917345793544774856798085238552
3.107360261390577971241100385669
3.295499046712349944243669597199
3.558701175163160979053600385669
3.703865188072096525928600385669
4.151004679644871409038842102746
4.523348945091139938767810235731
4.838125365684401657517810235731
5.090999740074050095017810235731
5.353387015769850876267810235731
5.800526268924046213726342102746
6.304150835348207415620436222525
6.811938968145207162763199448818
7.426090922796086069013199448818
8.396939483129337133959779748693
9.394563105046632500716441427357
11.426481924659462663385056657717
