38
0.000246682224676766578830289234
0.001293011336917268550017467987
0.013851376466894042838173817245
0.037738364100597499017908376118
0.071173497420291831350169786674
0.101884574624511725637887593621
0.152376025396346481688425456014
0.202922062117010637560809982460
0.302796482325337512619967128558
0.432285713988535325036366430140
0.510228166241876501807439581171
0.606128821204781953468909705407
0.757652917762033362159002081171
0.874224000922678490255179895030
1.032719544219337315382745146053
1.244107834147773594679620146053
1.419094307562072110329154384090
1.618674277296256569513843714958
1.826556259147165794942679895030
1.985051802443824620070245146053
2.217518909116942715797904384090
2.371426684995848965797904384090
2.630793435713012051735404384090
2.901602609296996426735404384090
3.093320233961303067360404384090
3.307589872022826504860404384090
3.576166017194945645485404384090
3.862372518097105800194412950077
4.152954459701719613917703100014
4.578592181717100473292703100014
4.959248424087705942042703100014
5.433879933046410926067437685560
5.848458717721849886572726973100
6.311801992660607041329967614729
6.867293308633715120947726973100
7.683044515853966416329967614729
9.456399551636035738511054660194
11.894873733663565928964089835063
