38
0.006369146537673842090043763164
0.336188647985839139664676622488
1.175923476099487885448979795910
2.195106682544734510997841425706
3.825798822480990679650858510286
5.014648738659442273046806803904
8.431278440512240734960869303904
11.959786524413381414433388272300
16.394408256036449245129915652797
21.423013819750700292843248462304
24.922272286971519861253909766674
30.969487649374659810064258635975
34.761509194380288079173624282703
40.104570641523842766673624282703
44.514310299640307277968531707302
49.439883140131527738958538975567
54.432456496529553646723798010498
58.930848226038797577075456501916
67.776475057093477971648098900914
77.471762954480411167423881124705
88.440322303162986372626619413495
95.700080298768455122626619413495
103.391621773766814840200822800398
109.694968604432517622626619413495
118.061896705018455122626619413495
125.915276770039668008394073694944
134.760903601094355508394073694944
144.456173908254697835218394175172
156.978863727590635335218394175172
169.702737097188105508394073694944
177.897458087942197835218394175172
190.240801223402826281017041765153
202.747164138441888781017041765153
212.526795058482861122683971188962
221.517975478404736122683971188962
234.024338393443798622683971188962
246.547012953990673622683971188962
267.724014907115645200974540784955
