38
0.008749216527807135435068630613
0.156153130338241297181411937345
1.229524671992836104550406162161
2.847879960670937737887697949191
5.684033322963328416221884253900
8.578624972978751372920669382438
11.779717562094084826185280689970
15.950910086771422413676191354170
22.077907080789977101176191354170
24.442570035466168576476775342599
28.038297955998395138976775342599
33.914292311374047983463242417201
39.511580443087915170963242417201
48.084452604953149545963242417201
55.218599843276834349126147571951
59.609910470721885644707072060555
66.508254041413991330955468583852
74.987875914279314315535884816200
82.123122191134783065535884816200
87.688948607150408065535884816200
93.701514219943376815535884816200
100.546919812898366330955468583852
109.524603833894460080955468583852
114.869254102449147580955468583852
119.260558118562428830955468583852
128.238242139558508370100753381848
137.552489270906164620100753381848
148.385140910932619817685917951167
157.699380412885744817685917951167
167.780938640424807317685917951167
180.818933025190432317685917951167
190.133172527143557317685917951167
196.205459603799425849501858465374
205.519714364541613349501858465374
216.352349773237307317685917951167
225.666604533979494817685917951167
235.748147502729494817685917951167
269.240487590620148239395348355174
