38
0.000490086546922063881481790304
0.046985845446562091165532137893
0.466997068528486602989602261005
0.862732830048930310340438154526
1.599716916321840987080804552534
2.459549990766489724336452127318
3.466680613630259255586452127318
5.066113832967759300629495555768
6.851824370496714777800661977381
8.451258066671371693701075855643
11.891620704555165843885333742946
15.898720548130208740644775389228
19.151510599630356068701075855643
22.591874191188466625135333742946
26.636498519801747875135333742946
31.113963790016704535901226336136
34.756200499611431098401226336136
38.800828642921977973401226336136
44.852575011330181098401226336136
48.676698393898540473401226336136
51.980622954445415473401226336136
57.553365416603618598401226336136
61.360833830910259223401226336136
67.493909282095515322907886002213
73.762277312355578828828583937138
79.995243576062449619712424464524
90.302889051228362404799554497004
95.469095411091643654799554497004
100.625574292927581154799554497004
105.586626233845549904799554497004
112.306451978474456154799554497004
118.439531507283049904799554497004
124.707895459919768654799554497004
133.195123853474456154799554497004
149.167881754017514595034299418330
167.016986042245548560458701103926
191.734203396196392077399650588632
225.334274913591713129790150560439
