38
0.000102733343296801393762507359
0.035058093176135507462731766282
0.277607823893102900747464900633
0.479560145527195169634637750278
1.588293460144197144501276852679
2.330706265701448121063776852679
3.562403825058137574188776852679
4.534949684006007508685343054822
5.933494472366603211810343054822
7.218899154526027039935343054822
9.290441894394191990613762754947
10.582206589404890451078244950622
11.980751341353315098103848868050
13.266156500349897129353848868050
15.337698286543744785603848868050
17.548591290566690759078483097255
19.239386411397756404539904906414
21.310929151265920467039904906414
23.397874262084332741551406797953
27.495867769128434332515098503791
29.311919065206350154539904906414
31.398864176024762429051406797953
33.690926935424180044265085598454
36.306103056441209275817527668551
38.730650754659478707253583706915
40.762957425802056832253583706915
42.849904443969101919265085598454
45.960217859496445669265085598454
51.460846495716573656409309478477
53.493156981556417406409309478477
56.603466582386495531409309478477
60.541494431242256268888013437390
66.279124610307263765207608230412
69.603584597280644175043562427163
81.576246626097116632081451825798
88.764786074331425425043562427163
99.217840559202585382081451825798
117.320090172238494119483220856637
