38
0.004557564981830353190161986277
0.358001362914975196360956033459
1.046269636983807593821893533459
3.091885995252956931267362961080
4.573228430352026308014501410071
7.321544356336135095375539094675
9.226432751997341696892362961080
15.181735291678002397475211182609
20.031204510899627280196000356227
23.678222943516814780196000356227
29.840926231241965638218971434981
35.917796018740908436939207604155
42.055326413496366910749202361330
47.711304625607240836870914790779
53.684811553097475211870914790779
61.144070464945571075077168643475
65.978903515139293745050963480026
73.523938323546218498449889011681
79.690556865870988190181378740817
87.691151958644425690181378740817
97.380994182765519440181378740817
107.900784888320572463271673768759
113.710858075358260066423099488020
119.886568966742117936519207432866
125.720555035807478816423099488020
130.764607159830916316423099488020
136.738102643229353816423099488020
142.913828793402274186519207432866
149.032200543619978816423099488020
155.207911435003836686519207432866
163.208506527777274186519207432866
172.898356381292899186519207432866
188.351644529043454667771584354341
196.474691404043454667771584354341
203.881846371527274186519207432866
212.668386472402829667771584354341
223.437627805410642167771584354341
257.723989499746608089481014758348
