38
0.000375383975489973487071893032
0.019585578751026178068173067004
0.041026675853282568162683219271
0.172560349285926339923946670751
0.431416169284484507517873908000
0.620797617080733665773095708573
0.936859712183799264728634170751
1.227910504011522574430159693293
1.441691980032335562711409693293
1.757754072726096516987581708236
2.267978415072287923237581708236
3.004303900031615182086852655630
3.933859189791867549956805305555
4.457476569550415490539307938889
5.502480460541626428039307938889
6.316177065948328284150647959905
7.463244406013060050497642805567
8.186769660095055911597228259780
8.902647193054040286597228259780
9.997068555361208197496125649195
10.826496298889001224097228259780
11.920917661196169134996125649195
13.641401483714352238507672154810
14.709936316589196536597228259780
16.071831898140917616046863258816
17.316145932960541387046760064550
18.410565536206309644740031217225
20.197050269225915286597228259780
21.199585950660736699546760064550
22.561480682080333082240031217225
24.154299895947520582240031217225
25.330968063061778394740031217225
27.120957534497325269740031217225
29.436188857739512769740031217225
33.006241958325446717026352416724
35.928944747632087342026352416724
40.033856551831306092026352416724
50.390528207055353959731291979551
