38
0.002512169354316640124125115108
0.055550276382831498267478309572
0.289082963690497685149694007123
0.544848241734047888940040138550
1.238195993828316687768165138550
2.146874642782259368090080897673
2.964208374076089835824632245931
4.059596066853860207856996566989
5.041297049430495391675322025549
6.109317212656970141892998071853
7.279634026370537469574628630653
8.316186690860314811857278982643
9.844614771686089227387128630653
11.186167315667614019503162126057
13.236745387222599745769002765883
14.394545107986759902019002765883
15.799768295862621769742872857023
16.926220741846506712136033456773
18.467153677484880347492435248569
20.743216362574045774636033456773
22.707452861754049422415846493095
24.675174383434903546685745823197
26.509762319140133257633351604454
27.822807233258650683183077489957
30.326757939867672320133351604454
32.288272778912947558183077489957
34.317161082821250772667553974316
36.821112879114281213333015330136
38.782626628475547647667553974316
40.937114238338828897667553974316
44.202079295711875772667553974316
47.394359111385703897667553974316
50.659324168758750772667553974316
54.457362651424766397667553974316
58.434546947079063272667553974316
65.129740368589423837875074241310
70.135707894761537772865267470479
78.300029794175600272865267470479
