38
0.000770125540502597516478999751
0.013803600214164950601980486056
0.073337749074203428811813409993
0.144733444283706602639938409993
0.280338927968322160211300797528
0.623404294679862913675094659993
0.841286003454505326715207047528
1.193753540380774857965207047528
1.745618590483610788055557350162
2.418328787658397427406953283935
2.846258556243102422200763612636
3.358252601077847288024713634513
4.199667002532664561442743433872
4.706565057631651782799053762574
5.218559102466397092712213634513
5.832198457172207639587213634513
6.766608552387051389587213634513
7.734203706298753644432508735918
8.518094376972012327087213634513
9.138005043838207441808663133997
10.072414185378734785558663133997
11.358459140761270944608440913726
12.529343972717210675682508735918
14.167892265813380348049577150960
15.671127129094630348049577150960
17.996977615850003218156416551210
19.535839127857869357285380829126
21.257499741871541232285380829126
22.500866584341320475459724548273
24.222527198354992350459724548273
26.674389648931057905656416551210
29.199352912466320475459724548273
31.651215363042386030656416551210
34.896052101957543811749928863719
37.855186810538576480666961288080
41.471506813871606311749928863719
47.706573834464357730666961288080
53.053863873526857730666961288080
