38
0.000107116514399319129324794631
0.007252181047118888557179161580
0.013955803162429170072300621541
0.110422503990549092378614659538
0.356120047015565877046583409538
0.733172428996802905132312844216
1.176011872680427172710437844216
1.541438517782711237202875054209
1.981086846666931133853495339281
2.481700014108275009760973262019
3.070618700021360947260973262019
3.674175695005184927310892817331
4.393732358645496383076078927843
4.929177831643675844475183112081
5.532734826627499380435892817331
6.275361606398050184907333459705
7.249620296577688804973149672151
8.453472077298345155327297106851
9.165107652215015221486282825936
9.907706034313417120529265957884
10.964791071544862433029265957884
12.046409910178766722310683690012
13.196256362953205254484601027798
14.909651481666584160734601027798
16.398986447187720472129512927495
17.456071484419165784629512927495
19.119649037687427295395536930300
20.176734074918872607895536930300
21.396327292082425231001252541319
22.681073462126370543501252541319
24.394467627165433043501252541319
25.948098456022854918501252541319
28.399703299162503356001252541319
30.207261358854886168501252541319
33.258260148807814005067484686151
37.459595308775469391093793092296
42.844204531187578766093793092296
49.676245158641890498074644710869
