38
0.000275383764164249811301488080
0.058877397476324588865281839389
0.215116286820427937698241294129
0.506857502784643365600913966773
0.747595826334015889358397544129
1.611090401357667012405272544129
3.120091795627053077311074957834
3.905987381640847022623574957834
4.549584746066505758221865107771
6.241617757460961257720555295236
7.913831114474708883221865107771
9.787362932864601461346865107771
11.658497308847985962643178936560
14.356906848600836212881404208019
16.198160082548149318881769431755
18.594845682828911037631769431755
21.380367254266744225787988398224
23.698594932811015922879960271530
25.639947777049297172879960271530
27.992373346988138393953704508021
30.631599312083476860379960271530
32.580913429515113932666281471029
34.731340294139137370166281471029
38.257711296336402995166281471029
40.408136253611793620166281471029
43.373646853246725640929071232677
45.896332857885397515929071232677
49.050442812719381890929071232677
51.573128817358053765929071232677
54.814664816008814796077786013484
57.343349134260996891043760115281
60.491460775481471046077786013484
66.483602499114283546077786013484
72.798078512297877296077786013484
79.422567342864283546077786013484
86.115606283293971046077786013484
96.795582761474520339106675237417
110.782687048469227875102660618722
