38
0.004128300143783292242005700245
0.061231047209473365988685600314
0.724741015005160083006785498583
1.510593387651491870116160498583
3.769338273286168217168778937776
7.102792374622540982898044603644
10.637219368368478811248678539414
13.087507187277170217498678539414
15.516561447531076467498678539414
18.689006744772289181355517939664
22.727265290819428145141500863247
27.415106706224701582641500863247
34.950423061591642692746972898021
40.813366997803839808511838782579
49.773655999268683558511838782579
61.078797448243292933511838782579
74.242658707666450368378718849272
88.787908646631294118378718849272
96.479406449365669118378718849272
103.197858902978950368378718849272
107.201589676904731618378718849272
123.201002213525825368378718849272
129.529768082666436157524003647268
138.337690445947686157524003647268
144.360990616846123657524003647268
150.149152848291436157524003647268
158.268354508447686157524003647268
164.923704239892998657524003647268
177.866315934228936157524003647268
183.201157158721343876095488667488
199.872922989892998657524003647268
205.529343193877593876095488667488
218.684562057962523340393090620637
224.805725640166656376095488667488
236.962006981164392982464050874114
251.108839149283937786094611510634
267.323121483117517982464050874114
281.469953651237062786094611510634
