38
0.001690560931855211723728871220
0.217620020386408263846078625647
1.345140926495929978301546725561
3.437226526395221970489046725561
5.227510852958657139311071659904
8.658677397807721831668459344655
10.994265630814858525354793528095
15.999853208634682744104793528095
25.186499082043113162399095017463
29.168777905895652224899095017463
37.821194135143699099899095017463
42.607872886802653056292911060154
52.150034978959389775354793528095
59.543450279380778056292911060154
65.979821128990153056292911060154
69.910942955162028056292911060154
75.106636924888590556292911060154
80.181839866783121806292911060154
87.623963148680161339143523946404
93.737895086381257669927435927093
105.525292320396403056292911060154
109.507569236900309306292911060154
118.159989280845621806292911060154
125.035614891197184306292911060154
133.688027305747965556292911060154
138.591677740189851419927435927093
147.244082525346101419927435927093
157.204653814408601419927435927093
179.458252484005811311362776905298
189.803650638953143925391486845911
221.619644901648456425391486845911
248.220291874304706425391486845911
258.739594242468797347100917249918
276.254260137650817341636866331100
297.763413212195359847100917249918
308.853256962195359847100917249918
337.283371708289109847100917249918
352.015183231726609847100917249918
