38
0.003471997524161940518183655513
0.064778163811972433450137032196
0.350565142685677955114442738704
0.962286742510978676534705300583
1.772777124672537674143768526847
2.852079674034720291331268526847
5.397608808810306690872948820470
6.565092369347220291331268526847
10.556779625656361076835310086608
12.984459300015505078818023321219
16.479355698837775179299569572322
18.888584023727911898049569572322
22.032834407834869239195541013032
24.895307242439265849043295020238
27.304534613655086161543295020238
31.660148139484874718618812039495
36.624816413410655968618812039495
40.680419959359348069938278058544
44.580596961312473069938278058544
50.512424506478488694938278058544
54.412601508431613694938278058544
59.593898810677707444938278058544
66.546215094857387839510920457542
75.253971137337856589510920457542
80.341403998665981589510920457542
86.938869513802700339510920457542
91.692791022591762839510920457542
97.706310309701137839510920457542
107.833210028939419089510920457542
113.149745978646450339510920457542
122.148998297982387839510920457542
128.162517585091762839510920457542
136.328304328255825339510920457542
144.663616217904262839510920457542
157.522686042123012839510920457542
170.515825214058622805168852210045
184.644004618443005938388523645699
228.819892679966443438388523645699
