38
0.000368428105213425283182004932
0.237129477427863832872390048578
0.528198619290280557692085494637
1.438147990429670564083153294632
2.627423794408813684242431918392
5.550370207176258396941648243228
7.891902914390613865691648243228
10.244472971305897956995067943353
13.720539871843623558334002154879
21.962316338213252464584002154879
28.543313163343135840932518476620
32.425346905831780475182313239202
36.825331265572991412682313239202
42.616373593453850787682313239202
46.808825006828357118138228543103
49.195826044426013368138228543103
53.595808496818591493138228543103
58.387423029289294618138228543103
62.787405481681872743138228543103
68.395578852043200868138228543103
75.049791803703357118138228543103
82.333300104484607118138228543103
87.780817499504138368138228543103
93.057215204582263368138228543103
97.987986078605700868138228543103
103.564470758781482118138228543103
116.365725031242419618138228543103
127.548609247551013368138228543103
139.244844904289294618138228543103
149.275926923182879590967786498368
157.586722304581343223617295734584
169.217512770477839012528420425951
182.807776381729780723617295734584
193.267096450089155723617295734584
204.897886915985651512528420425951
221.328474516976029917714186012745
241.866411319152859960013302043080
281.399065127746609960013302043080
