38
0.000777914144385327688269171631
0.101751210925123958261906409462
0.343958788233811540990814137331
1.231363776862574255233084841166
3.283880771339568127586971968412
5.009632160954057056301280681510
6.996115057886747479187761200592
9.426566866343707218334202480037
11.860917418249517396588998963125
13.934141868100148542453098343685
16.021875988754953112902512657456
22.017795934740323815503870719112
25.231794218329344658968693693168
29.306400142696325872293527936563
32.653313288677935588566469959915
38.203220973004107463566469959915
40.501151882198278997293527936563
45.872985683467810247293527936563
50.691623513463568428960570599884
53.347875231574086285490921000019
60.849004381964711285490921000019
67.192138596675846429207012988627
72.961627275881369314447510987520
78.863784119794217986054718494415
82.879251218265622469516529235989
86.338674196718088182933570351452
93.839803347108713182933570351452
103.061887392518869432933570351452
108.663510927675119432933570351452
117.885587343690744432933570351452
127.568023795204254611235228367150
137.074512857196566528727998957038
142.391723746376129611235228367150
158.679389983928302854110370390117
172.527971203744186823314521461725
190.506830398732319054033723659813
220.005864988330358755774796009064
254.103233909076635654855635948479
