38
0.000034191106952685679232217808
0.006927899588164088129360607127
0.033818781763751526447947526322
0.060248930395085831257517838822
0.123946692503499655835241810564
0.197006758573398721434699609745
0.251500491323814523436652734745
0.315726761045799386717902734745
0.372104931893692147948371484745
0.448458487943714789736304737744
0.623643655527557294604434900975
0.755698140416689589926590997493
0.850536927273678799998890553979
1.025722071221280007335963091464
1.330433257840090810475430771476
1.706826838476986019088599277893
2.026776048507493932504530675942
2.275855775207645148583424088429
2.581630583137637824364674088429
2.890573185201586348114233260276
3.213742774204539465188190661138
3.615410845951365637063190661138
3.947138589100169348000690661138
4.442239242056346348874740215251
4.960011439779735020749740215251
5.299240391926097082375690661138
5.698796551899241613625690661138
6.298612397388743566750690661138
6.907371323780345129250690661138
7.341118615345286535500690661138
7.772648137287425207375690661138
8.233382981495187991072270961013
8.757303272643230940275316243060
9.275075947203777815275316243060
10.357877766051434065275316243060
11.436737095275066877775316243060
12.988580738463543440275316243060
14.067440067687176252775316243060
