38
0.000401218395616603773490282947
0.002858987072501484316688902254
0.208249707775795211972535980749
0.788396282615077659272628807230
1.147699885488706383895873841539
1.951000531921291747394775484281
2.494443973312282736287670559250
3.658008416900539572225170559250
5.335228641431824847529696853599
6.498793323438660785029696853599
9.174264152448671438833116553724
12.498130996625917532583116553724
15.340541648905194449525879463181
18.664409446756756949525879463181
23.205844688455975699525879463181
27.062486457865155387025879463181
31.478658106479468159477619337849
34.977477719862250182814022991806
38.301345517713812682814022991806
41.882423093397406432814022991806
45.858817746717718932814022991806
50.280498197157172057814022991806
54.256892850477484557814022991806
60.944730078322145061520132003352
65.408296531026167031086515635252
73.733877127949995156086515635252
82.212651526076044206092774402350
87.742017691914838906086515635252
96.067594474141401406086515635252
106.026906913106245156086515635252
114.279658691038449092047812882811
122.605250732054074092047812882811
133.241053954710338302902528084815
145.264562216681042627897113561630
155.919684977587678531563142314553
183.942130656298616031563142314553
204.242469401415803531563142314553
242.648048014697053531563142314553
