38
0.000006378093274705259885237751
0.001524413685554448782966119325
0.010831717894907152976990971638
0.036844416083331263389588627888
0.055714889759089142318160270406
0.093106962334341208942234402457
0.157220494136401156559657010803
0.194557752594538668766688260803
0.241422117089005794365874635332
0.314034521912309017022124635332
0.396767676209184017022124635332
0.554346204136582754173900866590
0.712172389363023183861400866590
1.019920757845333980640134541318
1.184213321513132521900502069911
1.303378167635772522103820847406
1.453659358874008100670494059159
1.724469485721928485588705370901
2.060440245113713153557455370901
2.376727810757897074722677643877
2.550914841765411722462886245921
2.813834706748776337548179071746
2.972389212506554301285177643877
3.146576243514068949025386245921
3.547356968845159386205523333047
3.962427509214365262124601940741
4.444749957050115440893023333047
4.861274201776874193114963418338
5.331012208368671068114963418338
5.773747880365741380614963418338
6.243485886957538255614963418338
6.980568126573269971402169176145
7.550356824304950364989963418338
8.287438587083524765830588876270
9.333311752214140000205588876270
10.500291207112923075328581035137
11.896674492635384012828581035137
13.536712982930794169078581035137
