38
0.002176845595454945936353396974
0.108860398495161270204789616400
0.243995967168280536441216099774
1.666599912079162137956700462382
2.500168485077209012956700462382
5.789281234207328097340905515011
9.086102498548823902524418372195
11.335636591177301824018286424689
14.190873568311081598380951618310
17.508239571939739676054159644991
19.894165223904433759116727742366
23.478496748071268740432060440071
26.725715931416203829940059222281
29.285023048135339962527723400854
32.166700675698812972314044600353
35.951420142861898909814044600353
39.569933028385250395331240724772
43.812551589176266020331240724772
48.204077838105590103623399045318
53.084589095279781645331240724772
57.758329482242672270331240724772
60.831651778385250395331240724772
65.866088030976683853623399045318
69.085050673648922270331240724772
73.227270217105953520331240724772
76.994337172672359770331240724772
82.028781054658324478623399045318
88.227656481904418228623399045318
94.968897936982543228623399045318
102.428286669892699478623399045318
109.982623217744261978623399045318
123.140481490972319988941308110952
136.705258780153798170431400649250
148.932038802984038738941308110952
166.232007903590698560947203077376
180.156953353765288738941308110952
197.456922454371948560947203077376
221.651502532496948560947203077376
