38
0.001096052299494054693695943570
0.052136743632404058956808512448
0.213344109665992931468281312846
0.480001064244045316797837585909
0.936977727467678711548160208622
1.339513786364683767260430613533
3.489523120452055593432305613533
5.997412154829939723299503384624
8.147421786940535426424503384624
10.847786243761039060018447344191
14.526395138109183591268447344191
16.917818035089318584596185246482
18.293394015135312713482562685385
21.105132150683751035558088915423
25.637394952807774473058088915423
30.801752241511564989195903763175
34.234898614917149473058088915423
37.743172693286290098058088915423
42.903458642993321348058088915423
46.049893426928868223058088915423
49.750374841723790098058088915423
53.058356401850431893763015978038
56.019302294554258025982562685385
58.831036615405430723058088915423
62.509648370776524473058088915423
66.792653131518704867630731314421
72.064358758960111117630731314421
76.489267500300627489195903763175
81.760980757136564989195903763175
85.658299493823392367630731314421
92.527139814753752489195903763175
95.354921491999846239195903763175
102.826158674617033739195903763175
109.766629095060181953158462420106
120.797794362764335573956486769021
129.390926381807304323956486769021
140.519145986299491823956486769021
156.542995473604179323956486769021
