38
0.002266768592704693219275213778
0.303583597580514119584904619842
1.393485834103824316798636573367
2.275178774160430794637477447395
3.216259582799957161824977447395
7.910556497814614118624376715161
12.664855481693626515493633633014
15.815109108031919049608404748142
19.847204063476254987108404748142
23.745599601806333112108404748142
29.096323938284513133112341165543
35.558810045424408485814637970179
42.617049935603930066463362891227
48.103583147231049110814637970179
55.820448266592308073086314834654
64.555223809805198698086314834654
71.587544412527677195612341165543
79.824068414297386198086314834654
85.108272317195726941463362891227
91.265184747305198698086314834654
105.489131692195726941463362891227
111.646044122305198698086314834654
121.584644658910349335201317444444
128.511603166762313321669353172183
135.990492632094344571669353172183
144.964051245255973299208562821150
153.335955010977073698086314834654
160.082964288320823698086314834654
171.720674859609886198086314834654
181.159441339102073698086314834654
192.391725885000511198086314834654
204.093813287344261198086314834654
220.196016656484886198086314834654
232.650484429922386198086314834654
252.097913138913781949668191373348
264.552380912351281949668191373348
280.982761388261508272989885881543
301.733158116777133272989885881543
