38
0.007284188391693646735802758485
0.145482674988883342592771441559
0.735749993001461710662169934949
1.395321404187448433020790616865
2.330473352007008891462191968458
3.898189486159173711143921536859
5.379228973885123110676431679167
7.903704810670949321149691968458
9.730370212129690443703111668583
13.215159867693170525626555900089
18.580117455943877757817972451448
23.151732303168227389278399641626
27.844395495917250826778399641626
31.701529501174206870928173884749
34.636818884108777183428173884749
39.519555362636971551637543598190
45.531472002711964819354761857539
51.991291796413136694354761857539
58.666024004665089819354761857539
67.836520811347526205281610600650
74.398448606757682455281610600650
82.346520748600667616301507223397
96.459079405097526205281610600650
103.133807798652213705281610600650
110.944110533027213705281610600650
118.892175045475667616301507223397
128.087968197331122155446792021394
139.190776487617057455281610600650
152.584209104804557455281610600650
160.394527097968619955281610600650
170.826839109687369955281610600650
178.637141844062369955281610600650
189.434413572577994955281610600650
202.319728513984244955281610600650
216.362000790104559655446792021394
234.083085384831122155446792021394
248.934678402409247155446792021394
266.159348812565497155446792021394
