38
0.000313583675632001608254983971
0.025406089092111450167266184508
0.069282984773135047884551340758
0.346556740004841101754351484487
0.569131803082201237486970057944
1.004588645266268009947907557944
1.644022692449111477941414705128
1.999230088790897141848290630151
2.387911686938726685269784866250
2.824301212256293602820278465515
3.620989265840532489448833075585
4.225782821293305069332291168394
4.747425180243227238463532557944
5.793540992990640958737458277028
6.679210763739320988463532557944
7.727217111516540448690193443326
8.600062243181541887793173373211
9.297448259161683381535112857819
9.931274490460801018798520090058
10.419836145209046662785112857819
11.033109765814515412785112857819
12.420030694769593537785112857819
13.565582899295208108014776371419
14.280094019609764544043173373211
15.667014948564842669043173373211
17.168019227199302179087680997327
18.426995244420869113355365698226
19.927998509801728488355365698226
22.213772458142866383923319517635
23.063025441564423800855365698226
23.944519681043257008923319517635
25.445522946424116383923319517635
28.433231991834272633923319517635
32.710514706678026186636998318136
35.439858120984666811636998318136
40.306063528543319307573256082833
43.035403128152694307573256082833
51.586041465714188802849093917757
