38
0.000995269735902581942355027422
0.015487917967190581447489705624
0.060144562542488413936503377499
0.146503877777933499970686170855
0.330459901549249313035261366167
0.631625617021745355827988532837
0.868274864494233966638603305910
1.117439414635515326779113820521
1.474286664295899385024313232861
2.311530808805534409344772939221
2.646212837989954991257945948746
3.323818693113363309521446353756
3.954636428558966798618712346070
4.651128862106940431431212346070
5.121669745204657786530333396513
5.741169596717723422329981985968
6.412194725843095355344303243328
6.976321313583991212681212346070
7.567890737259528322056212346070
8.170223212001532786530333396513
8.734924292323798411530333396513
9.500060057399482005280333396513
10.782782530544013255280333396513
12.208539697875430363183113513514
13.648790609016712593870579439681
15.440510527192525813688916969113
16.880759875475575881864642724395
18.944532077013661819364642724395
20.525321815944788994556802208535
22.580876986681630569364642724395
24.503964215510318780388843151741
27.342676907771060967888843151741
29.303870941419653206594375660643
31.548758298151920342888843151741
34.387470990412658977675164351240
37.470071613625613338172115618363
41.911031544045535213172115618363
47.744430721322125066308217355981
