38
0.003460744910702029386584399617
0.085645937698480834043834875047
0.614288431170548321347268938553
1.002591096009276760980810649926
1.928352201097863982681701600086
2.836284153317730982735156430863
3.719860595582422657656707087881
4.964389931202591199621565465350
6.622050408685283606757820962230
7.613796302936069793076967471279
9.049073288104526824326967471279
10.706733459833898791657702531666
13.529856438044348010407702531666
16.072768334710673343579401262105
18.548512215021887072907702531666
20.237082604730204593579401262105
22.142100090388098010407702531666
25.484197817080406878176290774718
27.767399034731774065676290774718
29.648512087099938128176290774718
32.502823272708255331053806003183
34.523717970581131453400303144008
37.072016084186415696422045584768
39.221765608520584578400303144008
42.778190841449145409569609910250
47.147705717210129705563304014504
50.752951665671083958386589074507
54.738056925048766743202577345073
58.294483927001891743202577345073
62.889401224365172993202577345073
68.887001779785094868202577345073
76.047058847656188618202577345073
83.006245285132067124322929885238
89.930729995485506833574618212879
96.861796330055682346937828697264
107.030268620094744846937828697264
113.713143020727770249322929885238
121.982684086403338596937828697264
