38
0.000666029023939973541246217792
0.123083355710221553636074531823
0.373112075418716049313161420287
1.070703104126372595672478382767
2.113474850808940708191130397609
4.102312659179530918152067897609
5.804389483434448493426316417754
7.853934294683227790301316417754
11.467538857681212505212897667661
15.866937217288588968244766874705
19.452915462629725595888885436580
23.141233249870435173534133355133
28.040761132446501591175547218882
32.425719399658412100961868418381
36.556134983268869120820454554632
41.475422997680873038461868418381
46.782499119011056620820454554632
50.770581383911341788461868418381
56.993607659546107413461868418381
64.600648064819552018889226019382
71.123810906616427018889226019382
76.994182002096295036608353257179
83.107079644409395768889226019382
89.417878289428927018889226019382
96.837227959839083268889226019382
103.148026604858614518889226019382
111.023425471334576286608353257179
121.793038506714083268889226019382
129.130318780151583268889226019382
138.203285053808315296919317916036
149.827583149511440296919317916036
161.340193531162782392129884101450
173.007063648350282392129884101450
186.114623940552348813071148470044
200.419219887817973813071148470044
214.813461220825786313071148470044
235.617996132935161313071148470044
253.629806435669536313071148470044
