38
0.000017058316058582434493473556
0.002528699092138708692800719291
0.079679637383052615007272834191
0.306674790455809809230913742795
0.448924625716593417301680801756
0.647968649048757172614898536267
0.843606245691825851196199437254
1.023129634895112660686322669790
1.393609457053926137248822669790
1.836424403228547719280072669790
2.052546672858979626141717744758
2.786963552008991928943260063534
3.122417846661077689418561931234
3.627083418414593030121295669232
3.976559040591717053558795669232
4.395260450885295711032085819170
4.889171173394978531234755791957
5.591450425952815272978568827966
6.025039709434810930588355404325
6.953054685295629866459421464242
7.501699481434153327086278295610
8.322004565323297242684930097312
8.916428945915527037868741899729
9.504014264407681267243788170163
10.492054989105248807845782721415
11.195661198131899638497088744771
11.873831524014835991920335800387
12.461416973233585991920335800387
13.624497386423323419535336142872
15.118161808483462138497088744771
15.796332134366398491920335800387
16.383917583585148491920335800387
17.546998950449200549428496742621
19.614255811908840598789538489655
21.522142722511897972026417846791
23.855356528664241722026417846791
27.483131720924983909526417846791
33.282017066383964731812739046291
