38
0.000117548499351194379869411932
0.003682810614814437111252942714
0.021333222096903414755075800713
0.035959346265798997066553965851
0.064494973094469498775538340851
0.188775635791698426224627382908
0.322442813527942739870724153661
0.421585248144905500033985390473
0.552563681018711227999062884919
0.700162945361143540523585215851
0.824443608058372467972674257908
0.981089204085746735550799257908
1.119756591815886048735251279140
1.245600827208297678438952971192
1.394466756719720201829204597743
1.551303922075402574876079597743
1.860884128946435289719829597743
2.086896188727157763764807896223
2.235762058633935289719829597743
2.550314734857603848894314069184
2.820463119882714586594829597743
3.019343792337548570969829597743
3.333896468561217130144314069184
3.604472249731211164203159569297
3.980915561882398367998803223600
4.208537670618982318160306022037
4.393483391578757668582966289250
4.728947392280661965457966289250
4.978183975990378762332966289250
5.177064648445212746707966289250
5.535455731759597597374522592872
5.935953159671130130448091222206
6.146400003050670690640799875837
6.586264880987022785063800256466
7.096914562078331378813800256466
7.655025128565278613734790269518
8.852587823114838272431370569393
11.962158326349701553681370569393
