38
0.002102887984463563952886033803
0.161553990329071694986851071008
0.463194257313457313784965663217
0.721846562015924675392852805089
3.843442601554128312812963486067
7.247618912609141261782497167587
10.495529889019053371157497167587
15.130908576655675901179165521171
19.589261629347795690136990742758
22.743127338946017346188455121592
28.316438927946517623013278353028
31.398235769442884190993936499581
34.755539388827649815993936499581
39.116045006667164329883235041052
48.427757424704765298884012736380
55.939376992575859048884012736380
64.021770638816093423884012736380
70.333324139339680414195754565299
77.844951336605305414195754565299
85.927341168148274164195754565299
94.821245184873902189792715944350
102.332872382139527189792715944350
110.415262213682495939792715944350
122.141885748838745939792715944350
130.218991423446254884765949100256
135.383000517684536134765949100256
142.894627714950161134765949100256
150.977009917098598634765949100256
159.198690367884552188115776516497
168.178882079689429929203470237553
179.905505614845679929203470237553
190.871631103126929929203470237553
203.697722360751384940158459357917
217.177981588843948657086002640426
225.430117819312698657086002640426
237.156741354468948657086002640426
248.122851583961136157086002640426
266.886080954078352078795433044434
