38
0.000824614186926808656608045567
0.027053927447111547621716454159
0.512400396282867376385183888488
0.907906338347676644673356349813
2.264729961528066048970231349813
3.412189143512396327651003957726
5.685203589613632146892996388488
7.468747756321113762112418044126
8.906083514411681889555438829120
10.758274271357013418537462712266
13.135848227080916927889120415784
16.033463240500147151124110678211
19.193298569837068612287112046033
21.165517874070850723455805564299
23.077520600476717049787112046033
25.049740858384815567205805564299
28.376380625304793881014120415784
32.005184912395144181118666892871
33.961384558391237931118666892871
36.347649762527467487416288349777
40.306611249343873737416288349777
43.988667676345826862416288349777
48.615861127273561237416288349777
56.296600573888504470687621505931
63.127213666336061237416288349777
66.518429944412233112416288349777
72.449681470291139362416288349777
79.234090039627076862416288349777
86.578664014236451862416288349777
94.259407275548653615260263904929
112.174369240015323612169595435262
126.493088000646309865260263904929
137.890611311751598577757249586284
151.388431296038220352784264832735
167.752707271156964452529791742563
183.622104391741345352784264832735
202.793106627683869191969279199839
241.341232848386994191969279199839
