75
0.611605708139899562070240790490	14.692724752414399347344442503527
1.891708114233192628006463564816	3.423364381244693444017457295558
2.425011139718793451436340546934	15.407600149824517643537546973675
1.747600913330007443846625392325	10.590130393838281364082831714768
6.045953804936425868277183326427	19.507690283777289863564874394797
11.450122476765931978093249199446	14.993029779818689561921019048896
15.682964078548648600985870871227	3.108516683403310665312346827704
3.331567667397477006119288489572	15.549822097767782125288249517325
9.679054796897865742266731103882	3.054770861046129937221849104390
14.177372595290835377568328112829	18.715876076032515129554667510092
12.287104276254734003259727614932	13.101575223297370342834256007336
4.525589964912539286956416617613	6.093052354398125203260860871524
11.230270819471899201857922889758	19.691028692731343596733495360240
0.105513714503913114128863526275	2.505933718333848148063225380611
17.190863699269169018180036800914	2.761497652774498323680063549546
12.311747952689946927762321138289	8.009450275465603397151426179335
3.817836783742840633948389950092	16.161157203384473035612245439552
19.984374441591967297426890581846	18.850085334748047927178049576469
6.547554157507072147836879594252	1.672336016611644105012146610534
7.247360529118802574544133676682	0.298342162516025410923248273320
13.747125933705072853285855671857	8.499414571607484703008594806306
16.079128077708354283004155149683	17.712358758491745902574621140957
13.691242221471915385677675658371	16.576807729683199710279950522818
12.732136111568181036091118585318	8.928981259496850952928070910275
12.468918585016819378097352455370	19.856076245330765317476107156835
8.546880167155130436640320112929	5.717104820084946581459917069878
1.642696610544283064569981434033	9.971106424611003049562896194402
2.107809375820897113129603894777	6.641250281420251866393300588243
17.164176323371368226844424498267	2.626738430587363115620291864616
16.168218022168083791711978847161	7.701139756970764693733144667931
3.818694216921236783690574156935	4.465597867109030616461495810654
2.510702698310591785002543474548	15.654639868956987669434965937398
1.131667788484820302841171724140	15.445816824494746910545472928789
12.948014281735582997612254985142	18.662155308967378175566409481689
13.828079379024467598924275080208	6.782779006870160998232677229680
11.190265126105796156252836226486	14.490665440858164103588023863267
10.078432158701700060987604956608	16.467645445322563801937576499768
10.552450749105407368233500164934	7.805306691737494695360055629862
1.543069774838770058522641193122	4.875926885051029557871515862644
4.196533182347607748852169606835	13.601371607318501588679282576777
6.076947147340085564337641699240	3.680099384244199800519936616183
13.479727595890288682767277350649	8.155301946379475808157621941064
5.421506360674683833167364355177	2.441304050993959862125848303549
18.289969858660626300661533605307	3.498507416829419458537131504272
14.898768469781398238183101057075	1.208589113105786871926738967886
18.070390002200539925070188473910	19.458026666534976811817614361644
15.860488885804420178260443208274	2.125488378009119383449387896690
5.035057279358214898934420489240	6.463211542712974377877799270209
14.244177172745891013505570299458	13.735264147341247564781951950863
10.153175918323354309791284322273	9.470912204488469043894838250708
10.491392188476469371494204096962	8.235408121185148644372020498849
5.809518236132387158932033344172	16.305453644340289542924438137561
8.051536578847400704717074404471	9.460838423849510903096415859181
18.254908317963163710828666808084	9.522979348195274695854095625691
13.194911207605262148945257649757	0.723248974433001734496428980492
17.639986740033698708884912775829	17.778473760791630553512732149102
3.417632861189661142020668194164	8.350111315033334591362290666439
6.574714185843973268674744758755	10.114745230885942461895865562838
3.375516365151693953805533965351	19.160989645330001707179690129124
19.739853580904352270408708136529	9.303843706580977368503226898611
4.796168177288362421961664949777	6.074102447867943510573240928352
13.965571296221304109508309920784	19.723546433008735334624361712486
1.123221003933012607234331881045	16.126241901889223129273887025192
11.084041676520122621241171145812	16.755390072484640739958194899373
12.618272216181505740451029851101	13.596513206396439343848214775790
14.010602292298163007444600225426	6.838607464730572793598639691481
15.144230959243241585454597952776	8.403447500077836807008679897990
8.300481823065741338041334529407	17.631011138574898211572872241959
2.324114524416234228709754461306	12.187454940599838693060519290157
19.598091256891301270570693304762	10.361518435343413102600607089698
5.749152177827216547711941529997	14.599603866181119826705980813131
9.538451176385533969437346968334	6.719650860239259060335825779475
9.621153159188571279969437455293	15.659186312180910505276187905110
13.370862366322842973431761492975	9.377349363411884297647702624090
3.214266551784179526407569937874	1.166275609629332521421929413918
0.556902938950563086706324611441	13.963410711724632662367184821051
11.070640340777968546603915456217	9.823299582937902840740207466297
13.538944477127198950938691268675	1.415905554183418679770056769485
3.238985356577293028834674259997	11.694485538452903838901875133161
13.747652842127939365468591859099	7.516430024916179064575771917589
18.064055803632225405408462393098	0.333975429993751404822432959918
13.240656684357940520158081199042	8.491193529290843144963218946941
2.664153225601928465238188437070	17.338260854858408066547781345434
1.730658603327011046957295548054	4.753911918847244066910207038745
4.616323286101748912813036440639	4.993797327366554128502684761770
17.261584429254792638630533474497	14.423592611962305909401038661599
19.186535369689931229686408187263	4.388518737669684810498438309878
0.347383006308175090737222490134	4.592949591289912092406666488387
9.741279719730593811277685745154	5.127657610941700028206469141878
17.969559499489491827262099832296	0.772923122348181390606214336003
13.719991330679910390699660638347	12.685316328000610042181506287307
10.098893911117860611170726770069	6.988295603911796050056182139087
13.403318282869175703808650723659	11.369550644391456017956443247385
0.309893670957199773852153157350	2.274360872664393795616888382938
6.847851778815430279223619436380	19.892598028881636196274484973401
14.811219313734092395407060394064	5.416973217611607438470855413470
8.453304882574419920615582668688	9.391657633273581495814141817391
14.073890496851914733156263537239	11.692190860457390755300366436131
1.113303788983213138408245868050	12.625341819544445343126426450908
5.789263625888409592334937769920	17.359379469327770095787855098024
14.245133153136656289916572859511	12.305782254543276010849695012439
7.700165664539366794372199365171	4.697894095658328161846384318778
18.793326042711623102832163567655	0.481524547031990657330879912479
6.216782252984042855814550421201	10.514067236337755417707739979960
5.110611373831027037795138312504	9.256932643934250748429803934414
2.455557686376519388460337722790	17.739575607029813397730322321877
1.108167692679284943579887112719	16.416761359621759197580104228109
0.738568251212141646533382299822	16.709602729776921847815174260177
4.428128616224080715824129583780	13.600263964088291857024159980938
3.353808417969661448410079174209	13.813049235771106992842760519125
12.140327112420290944783118902706	8.109967979935415627323891385458
5.393376788268390953362541040406	0.709032465947676548978506616550
12.864893181590508319800392200705	7.216936474638641740853017836343
8.239261068828771072958261356689	15.426368962212102076136943651363
18.004122419562445855945043149404	12.488481302193212840734304336365
15.013725037912911020043793541845	8.279398124907224598700850037858
18.128364886414473744480346795171	4.388399886969427399208143469878
2.496345653717808588112347933929	6.225116635886404736766053247266
14.508076071265531226117673213594	5.080696434205790978921868372709
10.859558569564146779384827823378	3.994506769516261712738014466595
5.936833633533491472178411640925	15.250487861934207245440120459534
2.605493680376211873550573727698	5.685412762480906323503404564690
3.643130272294268223731705802493	16.091918056159915551006633904763
13.054404191834976245445432141423	1.983714409244830001455284218537
11.317857973757710965401201974601	12.514414689354397935971974220593
10.770639356204478431777715741191	1.149318113221049486583069665357
13.861421719121231888038892066106	15.423717187448417575978965032846
14.285863326426529340551496716216	6.151240731858187871239351807162
16.840283949595850288005749462172	19.630177323895779295526153873652
18.993561196291679493697301950306	19.287428763968584632948477519676
10.791564896010223506550573802087	9.654505275727370161575890961103
14.003772442884386606465341174044	9.643360706340784460621762264054
6.131073156297430770678147382569	6.610383981918010576350752671715
7.546520340607417054457073390950	9.026871679833330830433624214493
15.281497698329516765625157859176	16.630008686461856370897294254974
5.625232798469490091974876122549	13.770482092030922771641598956194
8.768136945222376965602961718105	2.733047977403624262393577737384
3.717026677703141324116131727351	0.950907536979994638670632411959
2.318703494252889463211886322824	18.369043780013679878493348951451
13.947138417346218730585860612337	8.826743257060197578311999677680
7.598366787412185630046224105172	8.607827903209191333644412225112
11.552536696157529760853321931791	18.517555221760432004884933121502
1.926984226211254647154191843583	11.912895121099264628128366894089
14.042468884255717043174627178814	10.306108877059596551362119498663
6.247065950728116767720621282933	1.616527504334355214155038993340
19.167349387705158392236626241356	10.648908266718393633709638379514
3.825975274264459269346616565599	18.075126316986612096116004977375
9.109508832820097268268000334501	15.135054599479895287572617235128
1.119229630684692722297768341377	12.391078931807349761129444232211
12.617897188535504682249666075222	7.438366746601367651692271465436
17.894675852185184083964486490004	19.501224404047551530538839870133
15.060690709054968650093542237300	3.010194134348316286065028180019
0.458903430125792155536146310624	0.768492717281796799966286926065
1.064736712035885268790025293129	5.044082422692548917098065430764
16.473766031481144267445415607654	16.595148536974516417785707744770
4.071675883733892220561756403185	19.448719158288540143075806554407
2.298849605624848635443413513713	17.472459567269144287138260551728
12.271445388882064264635118888691	11.526056024367164809518726542592
18.836487267765363640137366019189	8.404547288970228180460253497586
9.054657060903439358412470028270	12.119316572935668219201943429653
6.597712114523586635073115758132	6.176929115648899681900729774497
18.924809560907981165200908435509	19.364508713309064091845357324928
13.945975211159524320692071341909	13.757951167131581726721378799994
8.633627697252387989124144951347	1.540214213640545004579962551361
2.676891664220830691078845120501	8.820081844522393410557015158702
9.621563479522318829140203888528	14.606437319770833482834859751165
1.993564008919044283629773417488	3.995361068839382578943286716822
0.063808423374007716688538494054	7.409396340859622398511419305578
16.193586196116001474365475587547	1.593861562821152766389332100516
19.283923417976097880455199629068	19.699021296589517504571631434374
12.084386576203430152531836938579	2.438641202354636661198128422257
11.714966291194503611450272728689	0.364533279722765168884279773920
19.786115708174222049819945823401	18.820792013223478278405309538357
4.558323622836011779213549743872	12.489561708808786022473213961348
15.786342134307048468144785147160	8.415818925360621705067387665622
4.959460685661348122721392428502	2.543181948692576632709005934885
19.944926223883445715046036639251	15.373772322940409296165853447746
16.609234190544633236186200520024	4.973277570762388855030167178484
13.795610493489114389831229345873	4.924853001523246120996191166341
18.706088086614201415613933932036	0.269767822720887728848992992425
8.922082113618492016371419595089	17.137796073102677496535761747509
17.954029289446026496079866774380	10.200846377601104464361014834139
16.457101603893534047529101371765	8.458668440376591490803548367694
2.261701700958529404061891909805	17.693160265151046672826851136051
5.666837653561167087445937795565	2.778418636754282911027758018463
17.965976546500591837229876546189	5.495949662775602817532671906520
18.868826564220231745139244594611	8.542944697793892316894925897941
14.988852446119425465553831600118	16.293698129017567310938829905353
11.917969788386752583164707175456	1.158352708607075509661399337347
15.072832172237147219107100681867	0.049906782024116136398106391425
17.175032462540869460099202115089	6.409134754573613257377928675851
16.989842321718317208478765678592	4.168358441613992937391230952926
15.969126616579154998021294886712	19.814778750313259081394789973274
0.699227008037839325993445527274	2.918280598662954528066393322661
19.494989911667619963964170892723	8.279017131678001462091742723715
11.840127116759253667055418191012	19.542091061095689497051353100687
10.849192457505651532301271799952	1.246041742335055602097781957127
8.972039747380085472627797571477	1.683329178745043286369309498696
5.469219774256517396793242369313	8.711402436954642780619906261563
3.988671333981006483782039140351	15.427048593974689083552220836282
9.395705497227758939970954088494	6.769305190111436942856926179957
7.734170010137986217557681811741	14.705698635420127118322852766141
13.659142193489735461753298295662	1.341256481781276654885459720390
15.707362138880746726954384939745	11.009462934267260081355743750464
8.277119635142668130356469191611	8.346839819034954643939272500575
1.886038424701772520108988828724	10.371889093917758373208926059306
15.270598045393295905114428023808	9.678711009750491811587380652782
14.037710141294068577622056182008	3.642164643037713034345870255493
9.287465059611685447293893957976	11.117902192521890825105401745532
0.841704988182545577046766993590	6.693375481393593062762192857917
8.728023751213765279999279300682	2.362687862237742297821796455537
8.599913136764183008153850096278	9.403816814757956166204166947864
2.622348354068477771505740747671	2.487689205880339038401416473789
18.307200152854761654452886432409	3.742576649532880495030440215487
13.320476567655997968131487141363	19.513305730003168037001159973443
17.617465779759363897483126493171	7.983536868913317263718454341870
14.366666391142787873036468226928	15.611975107112016303290147334337
2.796768724571667696920940215932	17.790659340866927351498816278763
12.592606412256879266919895599131	6.953793881926344511157367378473
10.205152005176131524422089569271	7.896881517686034079872570146108
11.030273211191820692533838155214	0.339152139035825417323621877586
5.164109482636494163898532860912	2.262411638832750870875543114380
7.357770926426905333528338815086	4.961490800060830430595615325728
15.964366546050436923565030156169	14.410747846026399798802231089212
17.439509336681783935318890144117	10.227831849862605295697903784458
14.307837304887796037178304686677	14.200835863409242421084854868241
12.344416696725177828852793027181	6.759698004629983714153240725864
5.675156352247912039388211269397	19.172492184539077442195775802247
1.638550340078412936861695925472	6.932233195263711067468648252543
13.811575793483527263560972642154	19.894284551105378966440184740350
2.014022144206950581946102829534	13.118554895487866573944302217569
8.498978541593194435677105502691	7.788635968142272325565045321127
9.836732900907209753427196119446	3.916582572732318912045457182103
5.356056595877687342976969375741	15.905472427210202823744111810811
7.484497890510741768821389996447	4.201380414900715010162457474507
4.507184581379595655903358419891	6.343583679911830586206633597612
19.685259161569071295616595307365	17.939079503731093723217782098800
7.101411256546372285924917377997	13.677868065809290598622283141594
9.276819569756389327608303574380	7.684580669592442347948235692456
19.369280122538906852014406467788	3.292442575808465221598453354090
17.329340462298507219429666292854	8.360866517602955738652781292330
4.198667005150930719992174999788	2.969892556123510107823904036195
0.493211447375845324359033838846	3.121045928597749874455757890246
12.210187104514773182017961516976	1.966198474943672280801365559455
19.047360055989990712532744510099	15.988525380290216304501882405020
18.307620693056129823617084184662	2.815299971123244038295752034173
5.008922855679884378332644701004	18.564276887598314402794130728580
0.191322085580851730668427990167	16.042619801263583667605416849256
8.788541299247576432662754086778	14.885277386982933123249495110940
15.432854840475961566426121862605	10.690716196004611759917679592036
4.381956599140406360959332232596	9.367703602787722516609392187092
13.066526065415571267180894210469	6.415318834442558681985246948898
16.260019513577507410673206322826	17.118956342187701125112653244287
0.399890069347381693631859889138	5.120833024505209607468714239076
12.729154526105940448132969322614	19.343248033530187512951670214534
14.317705953763633530684273864608	10.300211966237490912590146763250
2.140070029193417155966017162427	11.127651350283668918450530327391
13.034953392905991975680990435649	17.805685862923944284830213291571
2.320253492892170310568644708837	7.685917078551176118139665049966
16.392285885766128217255754861981	17.424628341897250294323384878226
4.650611144178680156358041131170	15.072921549288755826978558616247
10.139729996220754770774874486960	3.015993433223644881735481249052
16.292873600184364590859331656247	11.507937063122696486061613541096
8.063374229767219958375790156424	4.252627887063484379837063897867
19.567783533811208940278447698802	9.970271472558998482327297097072
16.481184774599888953616755316034	17.069690297315123217458676663227
14.289188084715391369172721169889	6.377940130312271804768897709437
16.256655967055813505339756375179	15.326972073697346488074799708556
8.118678568960731922743434552103	15.320732621845941423543990822509
16.284183186189032710444735130295	14.103773202692721611128945369273
1.191937845377846194594440021319	13.662153734313944752898350998294
8.376208004627043735013103287201	13.543534272452422584365194779821
17.997041115735427752042596694082	5.239500402097250209010326216230
19.315926463134253765474568353966	6.965357333271056106127616658341
14.837318169591540595320111606270	4.058327034633057550649937184062
