75
2.538399985294952365677545458311	15.815114455439051255325466627255
10.429339969963933754115714691579	16.757630286445809986162203131244
14.216287477537314032360882265493	1.002695256853086691606335989491
17.021090168082572802177310222760	10.675028791381500070656329626217
1.973292511485866818077283824096	5.538826272079362844635852525244
9.415333518005231994152381957974	3.884272604850539600818137841998
15.781123458916008317487467138562	10.866807851176309540619513427373
8.533919948077983264056456391700	1.571678723509818409453941967513
19.185303412470588568794482853264	12.708971361175716907609967165627
3.825696061301130157517036423087	11.550098381094601407426125661004
13.273813221220942537570408603642	15.799127787419774193722332711332
1.713126019881379136222676606849	8.760778577542765788166434504092
4.986099401528740315825416473672	9.047411229500065488196014484856
18.196334385067764571886073099449	16.850338288038795298007244127803
19.671644381548162527906242758036	4.274031378959337601486367930193
13.768871915341177825098384346347	19.346223156447056368278936133720
9.706949073548905460029345704243	5.846256274697732457923393667443
3.498533156737352101117721758783	6.248046081992828071349777019350
7.442561364451995231661385332700	4.392960488056464107842202793108
0.761982546916915026713468250819	14.274933786226277732112066587433
4.590370669731304253957659966545	13.916177881205012312193503021263
4.718860354869047313286500866525	2.313647446567083321156133024488
19.992096070778689664848570828326	16.846949442490402049088515923359
5.127865757585016837083458085544	3.919982927171330455706765860668
12.749697666850469346400132053532	18.603031093694628594903406337835
1.858572516949156261389930477890	13.850577558128016164573637070134
18.460359781920420374490277026780	18.916011675871612141008881735615
0.019082441662339189036856623716	18.777879295136933990306715713814
6.586790049132974722567723802058	7.759239141194101740950372914085
4.464393514500780923981437808834	10.731156017942540259468842123169
1.314916283459642842856851530087	8.858228969547278452978389395867
4.020746964598823858239029505057	18.845782924046172723819836392067
11.207252694340775533987653034274	4.850256455660261423190604546107
9.670441595502841991560671885964	2.162213773749873446661240450339
0.502550155720883351406769179448	7.293091188380596889828666462563
18.183575727451390946498577250168	19.556373698973445129922765772790
2.093445813114405140709095576312	14.994330638456020210469432640821
19.792455352542830837592191528529	7.684390827856035777188026258955
7.004414244372354936274405190488	14.244008087757933367356599774212
17.737804131380681127438947441988	12.430152291804992259471873694565
3.952172575964362444267408136511	10.655347503757338856189562648069
15.048399904551358119420001457911	0.227813493554852586342462927860
4.055207574373643097942476742901	8.970597278865772850053872389253
10.251584170099313553237152518705	4.824499561854689311246602301253
11.322620366713689321613856009208	17.740184812835206429326717625372
8.198672532494924780621659010649	1.057371634673870408605012016778
17.394788747072357892875515972264	9.945308178752847894088517932687
4.225437461555648255284722836222	11.112136605135306766101166431326
12.808910146077591818425389647018	19.319291107991215739048129762523
1.592774587204003333695823130256	9.600392828209526996374734153505
1.552720790706740849884681665571	8.358494338816855773188763123471
19.746040664557149568736349465325	4.802930516636204849589830701007
12.640603925505706328635824320372	14.525714353889251029272600135300
9.697018218463126615347391634714	5.626852798845904501945369702298
10.777913981915419938673039723653	8.031824506257448703649970411789
13.544706241699389082100424275268	18.776004003385935448022792115808
4.830291446729852111729996977374	8.701401082311576828942634165287
9.772969908635445790423545986414	2.828618287523747554246256186161
19.020367182426060281841273535974	13.813187419948413037218415411189
9.696083508731163647098583169281	17.500978014322559062065920443274
4.363745022482833135768487409223	11.251721524145628094970561505761
2.485548208832709882187828043243	13.982329738180585110285392147489
18.846564074444156489107626839541	17.822625606865127423361627734266
11.550489338311622944388545874972	12.546263333767681658059700566810
15.991126630794060048401661333628	1.963073813794965483126020444615
0.653006315744226739639088918921	10.562106103858948102924841805361
12.474349897288121269411931280047	11.587920667683263786784664262086
12.314223678686486707078984181862	13.000065460608446699097839882597
3.435955006153688984227301261853	18.194195031654814442845236044377
0.132224334664725606813817648799	3.277614219275629459104948182357
6.232674698347489439242963271681	3.867304434205184549000478000380
2.777180466614920462120608135592	11.435936760606631779069175536279
4.632617850838329331963905133307	14.043856743791781838126553338952
16.132470607815829310993649414741	13.122285074774351798509997024667
8.844219304296203176818380597979	6.781216151544631642877902777400
6.396416035295839463969969074242	6.606155372891245214361788384849
7.332440036576262087919531040825	1.082814696231805262627290176169
4.887535095343158886294077092316	8.552837254148805357090168399736
10.081446168720244571659350185655	1.871025659775051863675798813347
3.407911356398768631947859830689	3.290601076637095445676095550880
17.232648604232394973223563283682	19.207636338623089500288187991828
17.211017132875447543938207672909	12.988426901090871723454256425612
17.458806725855279040615641861223	3.135362036229175863866203144426
16.878763641763793401651128078811	2.383472809981457274375316046644
12.106990852482971021686353196856	0.963021935831162023688989393122
6.807779529126246842452019336633	11.602049802725675320402842771728
11.346049226426229594721917237621	11.732334417341393262290694110561
11.622545862334581201480432355311	8.935590699059391184277956199367
2.808150526239612254641997424187	10.520897826429965959960100008175
6.083472536487970927510104957037	5.043609001403430269760974624660
5.799725031798915075853528833250	12.203207399542435496186953969300
0.035952772976227675982840992219	14.342992888117590766228204302024
10.932058934356144064281579630915	12.521238184717246255672762345057
9.240766344068024551461348892190	6.883652772930391350314494047780
8.310726299530816874039373942651	19.465393598673813357891049236059
10.184811164399651062240081955679	5.784279433062483377625540015288
1.764480809533830463209369554534	13.539617486324114992157774395309
17.913606391879362433883215999231	13.051841117699796157580749422777
3.893641881763323375764684897149	19.994776475043863683822564780712
9.865063704647411668702261522412	12.056472758938673095485683006700
2.678073902550639484587691185880	15.066158633065525052074917766731
0.959729146448939918201403997955	5.842213540014393302612916158978
13.851650183793612569616016116925	18.455423227406239305992130539380
1.947202139142041321662190966890	11.408138674542472656980862666387
17.978251558512667429567954968661	1.384372523696200119047716725618
15.197890774717723871845009853132	10.117774471234625366378168109804
18.293773386764183186414811643772	15.541384862218061257976842171047
4.238783205183112023917146871099	4.274398744517730719394421612378
3.723688001171763239938172773691	3.937285081999633895577517250786
17.356773404013651429522724356502	4.070309121897929038880192820216
12.655835706110018179515463998541	3.871243102722447204655509267468
3.759643995544805772368590623955	11.630981611801729513899772427976
6.023891893599008007242900930578	2.570995501593270837759064306738
1.202194092365630462282410917396	9.914962565042904074630314426031
6.456027277601883440638630418107	17.358258462438872271604850539006
3.031137894740233207357960054651	6.192437273687815491030050907284
12.079682927891855825919265043922	11.174158398629018051906314212829
3.979489991870184262268139718799	7.023246903531815021892725781072
11.830100183049415463187870045658	6.462918867694290803171952575212
11.843783523714701999551834887825	11.114674506203581216823295108043
12.387983038493489473808040202130	2.681382314415245993188818829367
6.026419135578430008592931699241	4.232325830842217584404352237470
13.016566050225859996203325863462	16.906331070449795106469537131488
19.606569050286530853099975502118	13.725288771530390619091122061945
8.875716910702305284530666540377	7.956225184576598330465913022636
