75
15.142189047260801615379932627548	8.882870057843463840185904700775
13.153634454858666558152435754891	7.537061873183990456936953705736
2.528653144314762180044908745913	15.965066005838547624762213672511
9.851099127174657965611004328821	1.660117297796651625318986589264
12.298403519366189584616222418845	3.166728877550534448914731910918
16.558427099767392576268321136013	2.026187136840895686162866695668
15.525631361339067737503683019895	4.408188112304455508194678259315
6.424160101683830781382766872412	2.936830060693806032645625236910
9.318699242812735761276599077974	19.888076897223626815502939280123
12.335486675911438325670133053791	9.434086828592445073127237264998
2.034377007719622376669121877057	8.996371733019943306430832308251
18.389662944527692900464899139479	15.027571145059502200069800892379
2.974771639343538609523420745973	13.866064193148863736837483884301
12.257140032099915316621263627894	13.534485467566618410728551680222
8.822181741446982528032094705850	8.104926302456631148629639938008
15.670610121240995837865739304107	17.872546040459969418634500470944
12.403287204778902008683871827088	14.448666674700350043281105172355
16.819533976022114529769169166684	7.994147956864479098726405936759
16.152333456037379022518507554196	10.011187278980237636005767853931
8.807283282067876584164878295269	15.359736203921929842408644617535
13.089188083649078819803435180802	3.748551329062475900855133659206
0.987790224079121426115079884767	9.012503791162217225974018219858
8.826667446526579752230645681266	1.985309707413379642915174372320
7.476646917170461037471795862075	8.044449727844481756733330257703
0.664094968129042007021212157269	14.109184222904294969680449867155
2.824183221471663340906843586708	12.656897361860659501076042943168
5.322134969257538372744420485105	16.639840575367401243056519888341
8.302341930092973498744868265931	17.036365079983895043369557242841
18.566027849111801373283014982007	4.168835128377632592844292958034
8.095737936970476056330880965106	17.591892551203894612399381003343
16.963391453820676701980119105428	14.272199140601907529912750760559
7.467760352048809835423526237719	5.115253016135151042931283882353
19.252494129002037936970737064257	0.697627204353379326562389906030
13.513118931288692792236361128744	13.062770347663541059546332689933
12.391526935526746555638055724557	19.177671307874646799973561428487
8.550796470910398738851654343307	16.253719733565993976753816241398
12.701783239624376165011199191213	14.355808510479741713083967624698
16.561248415264810063263212214224	4.810295914247809889729978749529
9.402898933962168470657161378767	11.982611803507531078594183782116
6.343466011753079669688304420561	10.675786967319702114309620810673
16.570330671823708001966224401258	5.379487639694647604926558415173
13.176163245811277846541997860186	8.809754379065147134042490506545
12.246100017111732682906222180463	12.538295340596183891079817840364
18.302159355324480571880485513248	18.598905409181522685457821353339
16.173958891054216024940615170635	9.261573545851753408442164072767
3.315487716828291464565836577094	13.333018635444435773251825594343
4.865936681662188512120792438509	12.391602362951312343852805497590
10.787172635427186406786859151907	15.220873554897986323908298800234
9.512997045382064698060275986791	18.454324051620794477912568254396
1.311009996289798085200573041220	7.723202410732444178620426100679
4.138951384870485306066711927997	12.367593707606642894347714900505
11.833966170092001135571990744211	8.972193503189602736824781459291
6.289749500035409113252171664499	6.397819346148015284825305570848
6.521061190582843281049463257659	1.268982424508293682663406798383
5.909080482311620308166766335489	17.750585017645114760398428188637
5.992654713531491594835642899852	3.375423958991903283788360567996
0.413995547361778459816150643746	4.532593592767010903799018706195
0.031331162415744184812638195581	16.745988449715451196198046091013
14.952876959891126418256135366391	5.300396931988389681578155432362
5.810587188924055901395604450954	12.707169708027393539850891102105
12.709172384790152321443201799411	19.576902971612600623529942822643
11.391053257551773114641946449410	11.173935669261535252871908596717
0.848324904160162596156169456663	15.023715671073597732743110100273
17.546172555797006964439788134769	5.062589242445433512784802587703
9.209272064454966155722104304004	18.990650422852297651843400672078
16.408929787608023787015554262325	15.897235979940530725684766366612
18.381829918205021101584861753508	6.060602232299014069383247260703
3.575545209864539053512544342084	19.551542691159681908175116404891
8.572837508901979930442394106649	12.826476591018053596826575812884
11.412569231801368729861678730231	14.083491626194811985328669834416
4.369097854305899808480262436206	1.380614438542345778770936703950
18.165304079777836676612423616461	16.726794951412447431948748999275
10.558941201410087629142253717873	19.012006108941442050763726001605
3.018448857443785104948119624169	6.064702019456477799508320458699
12.732425854643514284703087469097	19.099942522970426495021456503309
4.941750059615413803726369224023	0.191561002639357713661638626945
16.591229938604360683029881329276	14.614052811477350246605055872351
7.254956983732872011216841201531	6.436847010335887908638596854871
18.763851897322062711737089557573	1.291855530797985096569391316734
9.270486104795915949239315523300	10.856554268771184013075981056318
14.274972217515822237032807606738	12.880138561172763900231075240299
7.342554403035206789240874059033	3.930183811061659149288516346132
0.931399724820944907577313642832	10.451737616040636780212480516639
18.214264194605455315922881709412	4.336990092753430836580719187623
6.746887832350204838860463496530	11.709998050043115114249303587712
10.780444071893800384032147121616	2.749709404833936332579469308257
6.141346901716167927531841996824	7.968740255592678956020336045185
12.835043659640088975493199541233	11.504274649936986563147911510896
17.092646163184610941243590787053	11.534716019487435190171709109563
5.051270090755595632003860373516	9.713267891907223727798736945260
6.859730733632842358815651095938	3.637767924667719476872207451379
7.190743224148302914500163751654	17.157783866694096275296033127233
18.400449865065660048912832280621	2.752998947523691342098572931718
14.873245362923015022715844679624	18.957333508772816088594481698237
10.992384792858681308302948309574	14.533892144324292772239459736738
12.514009911396147600726180826314	12.385245213556553167677520832513
12.703117080120158277622977038845	3.816470122853081736735703088925
8.134332723428565614653962256853	5.296966349976970356294714292744
7.671163882591650384767945070053	14.199778032089525936498830560595
6.292776498850630950698814558564	12.704477844637901640112431778107
3.601552050866264842454711470054	3.754115129547752616190336993895
16.465670109729011016952426871285	6.849126018766610535237759904703
17.449853825284751707158648059703	13.633165719020535533445581677370
0.553622409001741644374305906240	3.449904611922010033708829723764
18.202183832248191919234159286134	8.839257144657345577343221521005
16.557630182757989700803591404110	13.587754601981018254264199640602
2.792447513985089280197371408576	19.318555629501261705627257470042
4.839276323792168987836248561507	16.606301338444737325517053250223
9.406658369541702313654241152108	0.728144375614674377317214748473
2.124768116291328112765768310055	5.783411464703005044896144681843
14.316438793999637368870025966316	5.089778111538502791688642901136
0.923017447542904267976382470806	10.817971224468026392173669592012
9.609035572310331119183501868974	13.194449835357557887505208782386
12.213419661393542625660302292090	3.102338811963338827126790420152
16.525885119065556239092984469607	0.629953155573728107441411339096
14.000652458721377868755553208757	12.056524305620310855147181428038
2.895394186067496100633889000164	17.807708984392512263639218872413
3.513523554227302447827696596505	3.950103484883655813320046945591
1.004956383635340344540054502431	18.467213925967264742666884558275
2.417898532006800493832088250201	9.754741036616072946685562783387
13.377578267912648257720320543740	3.044226465061938835532373559545
10.188073783724854948218307981733	17.833028470002439291874907212332
7.095667476892918656972142343875	16.538786104668165677367142052390
9.933761872071292131636255362537	16.302575820483536261917834053747
3.931761809572835719706063173362	10.858224852859981623964813479688
