75
16.136089280774026377685004263185	13.587224260913417950291659508366
11.859248873037065763469399826135	11.452789131456380999907196382992
9.555204555774073682528069184627	7.057288299334276260310616635252
0.419596976126798137940454580530	13.347229140876805786319891922176
18.801232708211099264872245839797	15.258254260766451082531602878589
4.583805153497475970425512059592	5.334031389925749877534144616220
17.410023944800975925772945629433	11.062074301135282894392730668187
10.571493266435574298611754784361	9.018598534288763346467021619901
4.696947890678834447442113741999	15.664069169117187385609213379212
19.606968391471589541197317885235	12.107300680995569663878086430486
10.662392186685384132260878686793	7.402662818618058082620336790569
10.206698820257436466363287763670	17.504161958604676385675702476874
7.055100913526052508473185298499	11.528450018406584121066771331243
16.771294806664812426788557786494	11.424562742588072694616130320355
3.267341749096925873629970737966	2.878090025777206850676748217666
3.100033290623277260067425231682	7.154828741855366658342063601594
2.506424018419712851368785777595	16.498621460220089574022495071404
18.783503337864701165926817338914	16.526230303982860192490988993086
14.091364673359130676999484421685	14.104879963516436802706266462337
15.483271918468078709452129260171	12.909173369510520856806579104159
14.734778365005487543726303556468	6.635954175043818459300837275805
19.456606026259187558480334701017	5.091180024216066968278937565628
14.571740621351263911265050410293	4.601651542563660157725280441809
1.869895478487680895440803396923	0.092060698811435859312268803478
4.294692718450501267568597540958	7.062587725301852970005711540580
0.768474961090916952599627620657	16.862639017659276419180969242007
9.525107064973783010941588145215	13.597245190664496661270277400035
2.366177721973335756899814441567	18.902529171264724539014423498884
13.563585474234018946049218357075	5.242683677899040439740474539576
9.433869331505343680532860162202	10.374256958837493769465254445095
13.780294511157983095017698360607	9.900671311036420618734155141283
14.687931814025617427432734984905	15.687852055657383942843807744794
15.882178108985780085049555054866	11.193136087034149639407587528694
16.889329745164825880010539549403	8.874320545672095050804273341782
16.432488024956487748795552761294	10.262064387132387111023490433581
7.768247983936035439000988844782	11.546969194560947613581447512843
14.226754292823621028674097033218	1.931306773792681452661668117798
5.837109590608635656394653778989	2.216930102073302322196468594484
10.756692870469869660610129358247	9.194834965344034216627733258065
5.969886470095710606642569473479	12.271898975921802232846857805271
15.014210227059729518828135041986	15.278218541809673425291293824557
11.856744865262054844379235873930	9.991596229930417294440303521696
15.612909464726884678498208813835	8.417881542842581055197115347255
1.907175873059195891912054321438	16.405928719203846100072041735984
16.592391573428891149433184182271	14.729650671621575597214359731879
6.189326904324617295571897557238	4.046609253304190190192457521334
9.111825823597163420686229073908	8.990141779616758199722426070366
5.916655615700071813023441791302	4.571979781160355749136670056032
8.683159843825666968086807173677	16.845774548471354137291200459003
10.463462743857805392622140061576	16.169753282753049461462069302797
16.449816380501271595448997686617	3.367761110101268329231061215978
19.098277002605552610248196288012	18.126330710961930492430838057771
2.119512240098995192738584592007	12.454873703087184111382157425396
3.977354545662178608722570061218	4.965756142195849598408585734433
7.475369324629031808626677957363	12.479601627913746497711144911591
8.033072037852795332923960813787	8.228530984364029521316297177691
15.660611279469272005826496751979	0.390007724971549452064323304512
18.263866759858796484650156344287	13.970089741697501395378822053317
11.960177148285652037884574383497	12.333276819999685613993278820999
14.845243826618254701088517322205	7.639590880506773373781470581889
12.678108732041533102119501563720	11.195361645563330910135846352205
10.384789742388150557417247910053	16.778308309044110302465924178250
12.543845188507811272415892744903	17.718350939575636004974512616172
9.049310338213054194511641981080	0.129669042389757294131413800642
2.116089642857226227334876966779	8.697035301604604029535039444454
12.654585516338816120196497649886	17.334191661234370940292137674987
4.572825927653676458817244565580	7.328497091156730647298900294118
13.419043888939782505076436791569	3.297560134811960974587918826728
15.162097070437832613265527470503	10.760347046028085671309781901073
19.199096574608763177138825994916	3.621635961811311421598702509073
2.863392111644009752069450769341	8.985342367028275489815314358566
5.493138372671041658179547084728	12.748219428521181839641940314323
9.568639363685552012839252711274	13.607970411006476751936133950949
16.967590763744791360068120411597	2.952221670443529788485648168717
3.956772723368888744488458542037	5.000167973175902780269552749814
7.475073204184838893127107439796	8.084843862298560779322542657610
2.402701992600556835100178432185	11.957088924367354820788023062050
7.834816364200796634520429506665	10.889180281607870881543931318447
5.217560450248882375490211416036	7.472122237734025063105036679190
9.202142512944130103846873680595	15.798127858043390148168327868916
12.325192180998943314307325636037	16.395750524616151011514375568368
15.144173171635804564516547543462	3.543912847403119847911057149759
17.636019027688945470799808390439	12.189815650342712416431822930463
11.418517167496350595001786132343	15.795319066587280687485872476827
1.088875326388266673305338372302	3.937356458785169266434422752354
5.470451053056258672313560964540	1.653710944483641753777192207053
8.949114691669944221530386130325	14.092397998929296676351441419683
9.016392798337580671841351431794	1.508772809834895145542077443679
3.304913620887869107889400765998	13.519423900426987827927405305672
8.610421596397165089342706778552	10.627956237935729078003532777075
7.364822049305038476063600683119	14.216065603326262234418209118303
9.446233688054293864411192771513	9.584869063157951174503068614285
2.398920203368165360302555200178	18.609320029016860331694260821678
14.594015200478340332779225718696	10.681747272233796053342302911915
9.255157784052679303954391798470	17.467051993673553766939221532084
6.657757247447103843285276525421	14.276306270612620252791202801745
7.421607121901933723506772366818	12.507800216263863291032976121642
0.109022966320371228476915348438	16.990513402782418950209830654785
17.599883408166711262765602441505	5.405555600710647112805418146309
9.295467827075372113654339045752	4.901318854811248293401604314568
7.236535425529149634371606225614	6.134451900472089214133575296728
11.886858853348735820532056095544	19.354380148772037273374735377729
7.103384666233154121073312126100	17.571890356729372939526001573540
1.516921671858317832715101758367	7.332164446194907370113469369244
8.385896890389458846470915887039	9.012358511484276135661275475286
11.297468468712949629662034567446	7.005791399102645478080830798717
13.037407100612195876010446227156	6.991376346682560694034691550769
6.241163472435251158287883299636	13.280865095853132018532960501034
17.406250679144914528251320007257	14.636077762006353353285703633446
1.032918433747987974058446525305	5.314154230245608623306452500401
7.953355072076519149959494825453	9.645210727227516045445554482285
11.693809543597875943987673963420	3.960404304167080002940792837762
6.246775799946471252610535884742	12.147605051998036529425917251501
9.276834783790873117936826020014	9.911870030484053017971746157855
2.847084621337705456767253053840	2.665502227641675325742198765511
8.688692450730204797082478762604	4.532604073977686276464282855159
5.288989209053450046837951958878	19.610719311077211557403643382713
16.296488485846534643997074454091	7.912811757688511526964703080012
13.131091952453145310641957621556	6.311058247023597189695465203840
10.482710033535571625407101237215	3.639922703455014119100496827741
6.329425434079644752216609049356	8.990329169034740885990686365403
4.744087407368234643456617050106	6.925648358041510910254601185443
19.477512329709483651640766765922	11.114997271621156471610447624698
13.963258228888125955791110754944	5.640794959741214142923126928508
18.425044740097813900092660333030	9.945569196499857156368307187222
