75
4.061310348798011560234044736717	2.461726940535431396028798189946
16.896561493383327245965119800530	12.582080157561790656473021954298
11.254234004787752709830783715006	13.322624624365044354590281727724
9.054731495099886728894489351660	4.948381935113191687491962511558
16.269550380176927006914411322214	2.117369771272525902361394400941
6.102541289515810873922418977600	12.863889992948601914690698322374
10.012637750818415227627156127710	1.830364612973474081059066520538
10.172196123849046145437569066416	11.798298907633776977377237926703
12.433821918773018566639620985370	10.351642081197088174349119071849
13.281156417368713107407529605553	11.146485739875052090042117924895
11.807548576049066824111832829658	0.998208383394182385828230508196
8.050516773231803924204541544896	18.361763925516108031388284871355
6.647180967409349605645729752723	0.477044814387902471608526866476
15.760031911037447827084179152735	5.949201168202121969841300597182
18.758176740600291054761328268796	8.808968824263764929582976037636
11.155476578560060474387682916131	12.164359425435597117370889463928
11.143874647454120818679257354233	9.828732505237383065832545980811
8.010392320693950907184444076847	4.518263565471741571855091024190
11.560632904747274452006422507111	10.886598293136108495104963367339
6.841580413845530728167432243936	1.676560518922911580119716745685
0.314835303915806941077448755095	13.798379865057670556893754110206
2.276789794208100570216402047663	14.913973112381176733265419898089
11.635056396046662641197144694161	10.533024300088275282405447796918
9.312208024285867580260855902452	11.055913953853480080624649417587
6.695873703116965280912609159714	17.076440919351767888656468130648
18.107715297160236644913311465643	12.383164427444471655803681642283
3.686984376351892578327351657208	3.525000747284038560280805540970
2.503018687791179530677254660986	12.780260309675483654245908837765
6.188504747861979460310521972133	11.809765158456247746698863920756
13.856819122306095692920280271210	10.601491944773963282955264730845
15.289019267460592033103239373304	17.035296485613169892303631058894
13.177033539129082484464561275672	5.830619342527515236440649459837
4.484013672095915836735002812929	16.129490237662551521680143196136
17.943232943587538841256900923327	13.449724726685795772596065944526
12.056176721564943576936457247939	13.821793655252603727490168239456
14.187231685967047312146860349458	2.790153620436517378777807607548
2.583027284044176141719617589843	10.277095569768965432899676670786
17.266769145939491636454476974905	6.002862198226386780675056797918
13.520091812059783720201266987715	16.893887491422798774465263704769
7.843601716678143986882787430659	9.712172861883008323502508574165
15.620598766478131835810927441344	16.515228112189120679431653115898
14.045364975156514830700871243607	5.659651764211371727242294582538
16.237659711997789457882390706800	6.728763651886350949382631370099
19.484323401945857767714187502861	5.224278995292294780483643990010
8.988793557610579298966513306368	13.442458778733275437389238504693
13.345826821538139483891427516937	6.587588942405246505984450777760
5.641791392869151877675903961062	4.716058272358933933787739078980
4.202934099443185189670657564420	3.238946504344410115550090267789
4.045301296585328998389741173014	0.171280320600015745213795526070
18.279142021717074584330475772731	15.706106957029875914599870156962
16.773255882704592778509322670288	10.587881517547069520901459327433
12.908724192017164256185424164869	7.463675461969730307032477867324
5.926166973382887448451583622955	12.850798953211437947174999862909
5.838333831033394538678749086102	18.503171111654914682276285020635
17.229203986650176716466376092285	10.637769882595238257749770127703
10.023682942401780593399962526746	11.114144570750717377904948079959
4.161903654418247278101716801757	8.253541215760160199010897486005
10.503394425413421942039349232800	9.475273112414129172975663095713
7.418408152896715179736020218115	2.463690974279300061056119375280
12.036307103808336904648967902176	18.200465501597257400590024190024
4.358483334852066626297073526075	14.325285554028807766258069023024
4.478928293016041450869124673773	19.727829213972977839830491575412
6.431295266666924526077764312504	10.005661044346068067056876316201
5.670329922392507882022982812487	7.361314055976785120094518788392
9.492436267583183706619820441119	11.004085436360030669789011881221
7.413853237090668457653919176664	17.666987047801857357853805297054
9.411012534677617225042922655120	18.564262697218243403085580212064
17.065169309944806741441425401717	1.446240249709578318260128071415
19.485844964599149164996561012231	0.611595775482839387748867920891
3.831616824509238572460390059859	2.724175673504236616651041913428
13.452332096167594954749802127481	7.464211598235402256307224888587
12.911466017906082726085514877923	0.706826795789298190086924478237
5.891328801248466362494582426734	2.412668909991051435781628242694
5.223618554111197020972667814931	12.454651920501438766564206162002
0.640293128768308905662820507132	16.906725305632850364645491936244
8.698659825726686278812849195674	18.264762297345637165335574536584
10.026418660234279300880189111922	19.064332951561080875535481027327
5.532393792260917209091530821752	3.333819991692208439815203746548
14.197422764586898225047661981080	19.741579187502573233814473496750
3.625257779252681888948472987977	9.786660734818088513975453679450
4.339173105740940172836417332292	6.669364672057564114027172763599
3.762427308238284417996055708500	0.994725762672398206021284750022
11.278705015957630308776060701348	0.826907606871244427182432445989
14.874336716696475946264399681240	17.050882274793472959117934806272
4.139723824106447125359409255907	13.170105097515165226695899036713
14.175945117778098847338696941733	11.935677061911027507790095114615
11.895185818361158069933480874170	10.751062896795311019104701699689
6.427001274966023025569938909030	2.589350328420505498172587977024
15.507564950420952953891173820011	6.899079684621665542465507314773
9.560719666372937908249696192797	18.680771889275529673568598809652
1.402746232939976467335441157047	6.215970398774286920229315001052
3.141081497859550264450945178396	11.123255660497735064495827828068
15.378528559255496332980328588746	7.758827182173865466552342695650
19.127082700018810612618835875764	14.114113252951009158664419373963
5.592616769588870440088612667751	15.725774446193799604998275754042
8.697613842592799571207251574378	15.198280032112608139982512511779
13.433625973352832261298317462206	4.334409952743074612158125091810
4.217640048820269882412503648084	4.956002964130413523946572240675
11.019274628932633319777778524440	16.239442046222876570027437992394
11.464371961691901091739964613225	15.762849428857856892705058271531
8.385501071090859070977785449941	6.095305561534233973475238599349
10.885820184051256731549983669538	10.966275656212850719839480007067
4.251303240798252502941068087239	5.105991143869578863245806132909
13.165652140262718461372060119174	8.411416258496627662566424987745
10.466774570984801684403464605566	2.934301656826454607340792790637
16.275834546141652481310302391648	13.510062152463854445727520214859
3.388352045335727424912874994334	18.986666947411318773220045841299
2.178317166583780828403860141407	11.036048225125375310540221107658
15.174571821022475148765806807205	3.318395315403189549385842838092
10.960702397229743709772264992353	1.681915403353719806744948073174
9.868911115003559331171345547773	14.617680424809018191467657743488
18.291737930827402180966601008549	10.599418611161409486953743908089
12.034647773841337325961831083987	17.857821620333474754716007737443
5.143067991020664919687988003716	7.960188049359500084278806752991
17.513244864136321865544232423417	9.185067687362163724174024537206
10.114879712574815329162447596900	2.384330206885843850272976851556
11.349537910408555418939613446128	10.681512872924098900284661795013
10.308286247609876440378684492316	10.988912356183032414946865173988
5.872409370414334972565484349616	4.923624887871962840790729387663
5.206143057673909169125181506388	5.432630578825924594355001318036
3.985904088715722437541444378439	8.149685923746906368592135549989
1.738120150787122453195365778811	8.617206424901873162980336928740
2.029081170527244903922792218509	3.603727941785703769994597678306
5.134443817501914253398354048841	10.684641957037603887670229596552
12.963667091266987796416287892498	17.474980481124518405522394459695
7.868453670174528902236943395110	18.382872070209806736329483101144
5.558161788062035313373598910403	9.120667178925170759384855045937
8.394030561254870903553637617733	12.629297296878700507249959628098
19.900979488782091664234030758962	19.023062473317096987557306420058
16.982127817680300552183325635269	5.135471429902173312598279153462
16.617444032898699646239037974738	9.542519887826838242972371517681
12.865277286687131663711625151336	3.429300898052086488121403817786
14.908905279186878800601334660314	18.722251394506212562873770366423
15.049996033513009408011384948622	5.179155846299043020053431973793
5.021202512432436648737166251522	17.205074013244445296777485054918
2.705055861767077018953386868816	10.530253271343205767607287270948
16.800305219464952699581772321835	13.691524968407543738635467889253
4.842754383282001917621073516784	9.984865365037128626113371865358
10.115688103825128507651243126020	10.168510921497116328282572794706
6.349633269671671520484323991695	8.885102523736939872378570726141
11.177812944158814545403402007651	4.763739501713386559345053683501
9.105754060210671241293312050402	17.584845453872830489672196563333
17.002271750956690965494999545626	9.628330035263635622300171235111
4.906716096600733045818287791917	8.188808448508138937427247583400
12.285435670006378927610057871789	13.789723724915138092228517052718
9.883403731379418744040776800830	7.071594534794391151422132679727
4.820300655019227775710533023812	15.364732118549980555144429672509
12.262897345819158800850345869549	2.845235231953751053879386745393
19.769078215862251113321690354496	14.414762889880545770893149892800
6.618188595638480720140250923578	2.314355895465128654109321360011
6.323512847535893932615636003902	12.015421155638591699243988841772
4.993627603435855100144635798642	11.919670435337289760013845807407
1.895992988947637902796827802376	11.260152617823438347954834171105
14.934123564277440365799520805012	7.285196448217932996271883894224
14.057524498698645842864607402589	8.901224184654864757249015383422
2.504068913104636528998980793403	12.470824355297464691716413653921
7.544026634892049720804152457276	9.086089030650736475536177749746
0.170473880208378281153613897914	12.279673338181067876462293497752
19.112429462996690432419200078584	9.335943083264854891467621200718
3.314246632998067987330159667181	10.038063585072375616391582298093
12.445573312514067509937376598828	19.820238399528243178338016150519
3.215158744017573511086993676145	17.620190112590456976704444969073
15.057891930192203844285359082278	18.776948144909390236989565892145
7.624310039395831850583817868028	11.862540385350419214205430762377
4.224747071665454711819620570168	8.934519883652074057067693502177
8.163292543730042538641100691166	16.292589708585996532974604633637
16.362872035217950639207629137672	0.335218464662996318281784624560
7.871164321699989585567891481332	5.480758048482327282613368879538
4.119406650726419094610264437506	19.773490884773945452934640343301
15.586308551895944773946212080773	7.203633660574050523450750915799
1.531875654512285800379345346300	16.252459299064305753290682332590
18.954522058661328998141470947303	10.089296265524856366369021998253
15.733299101204400116671422438230	12.317338191865548679970743251033
8.246943487475727252444812620524	0.562197440479006438351916585816
7.077142077037395395677776832599	10.798580458111072033489108434878
