75
14.096415949376806864279387809802	17.415514240265515866212808759883
18.105859874101764006582016008906	2.536957322241967460740852402523
8.244620646222058368834950670134	18.884749551094486719193810131401
10.595916606344532695516136300284	16.185876441948046533525484846905
1.887139280630829585305718865129	14.163998391366721563144892570563
6.002850016192068594023112382274	6.845474418974678343374762334861
7.093015410826298605684314679820	18.928788323135055549073513248004
8.749350887496932571707475290168	7.291993053751266273820874630474
8.532750536618561199020405183546	15.886239018001862888240793836303
1.331698956994628035843675206706	18.174309290596948329721271875314
10.429984421143231543283036444336	17.803074016729510731238406151533
17.356057391153381530557453515939	5.077211308558237767840637388872
5.746923252094923384447611169890	5.284739014854086036621083621867
11.170571037573711947743504424579	11.673215667678432438947311311495
5.966375631917775201884523994522	10.534341070174537691173100029118
12.063489064069450762417545774952	2.487184269469169262123386943131
14.152767129664024281510137370788	16.718695740033883367914313566871
6.756393523398779521471624320839	2.055314119851963106100356526440
3.105414326055911722335167723941	1.502622288651617177279717907368
4.011518739297736502180669049267	4.740781558993147015712565917056
5.827599569474713803174381610006	14.129033454326373586695808626246
19.057317587533017189116435474716	3.669354022664078840421097993385
5.083445656813063706636057759169	18.045841446899004267834243364632
1.490625879755709259910645414493	9.649139712124554790761976619251
6.881816438389699364108764712000	1.986102769332201978258467534033
18.650777209217224594794970471412	14.181401987935741360047359194141
15.931154761768119954012945527211	6.359839159709693490185600239784
15.057275178883966049170339829288	19.658951312440350989163562189788
13.802024294626098921412449271884	11.095543583510039553630122100003
7.576637400874885130974689673167	15.668628545855799671926433802582
5.654819065165766822644854983082	17.988272240013813529913022648543
5.279544677052293799590643175179	15.538797412576602852141149924137
11.460828285992151975847264111508	14.787786874664272218637961486820
11.428248004898241774185407848563	2.680634257617441562615567818284
5.562111210782989090262162790168	18.707970298279942511499029933475
10.268934183946830884792689175811	6.240023365590151804838114912855
11.281433111919868750305795401800	4.520085246946728751993305195356
17.004794295999488440429558977485	12.586613137256406957931176293641
8.451446628251343184956567711197	3.019643082560613756015754916007
0.178652389286368951104577718070	12.462630610659761742908813175745
1.176196835125347117667615748360	9.012244599113367726772594323847
5.432119922930701783059248555219	4.815411849895035345525684533641
3.496418066041737660043509094976	12.017497906841674293332289380487
9.463073587324824842426096438430	2.495725091308733656347840224043
10.936132043705478977813072560821	2.143450718245660802097063424299
12.566015069650736890594089345541	7.966873215562636723063860699767
19.696692869171425144259046646766	9.069657868431965752620271814521
0.071127160539952161144583442365	2.734528065666274265765878226375
3.269265016576171412054918619106	1.562598400925514496861978841480
19.402063432300721501633233856410	9.112073151648990787521142920014
1.770245038535358528264396227314	10.179358019850447192311548860744
7.818210660028721115111238759710	2.266949007055795384246721368982
16.658936348458851739451347384602	8.063697632234115175720035040285
0.775765500357178394708057567186	6.299133138792059050103944173316
14.576866679297966200579139695037	18.431389678623823158432060154155
15.095355107264893490537360776216	16.836774795090875045389111619443
0.800159836476367347657401296601	12.028131721144239563159317185637
6.556898500636526350149324571248	12.433123413104846477494902501348
18.373333578833126011886633932590	17.226610423569887586836557602510
1.252334438244713243904016053420	0.545696159766976274241301325674
1.454557898894569545333865789871	3.270204185065467505921787960688
14.272746788228733549885873799212	3.335734486182762026373893604614
13.207148367577433489827853918541	16.451068407269648474766654544510
8.157137475161212236685059906449	18.051921213681193734146290807985
19.334847511567428313128402805887	2.729166177324736430875873338664
17.613920583714254064489068696275	10.311619372440089748010905168485
18.660533825438818666953011415899	16.311015964563107871754255029373
8.356366471710302334940934088081	10.180026704617487709469969558995
2.686445232166377650173672009259	8.264607136107763096788403345272
12.013847111521005928125305217691	18.587232960053640340447600465268
8.975599733847555938837103894912	14.579914181434252995472888869699
11.459425098366871509369957493618	4.848684065259058151298177108401
7.305673666938964139205836545443	18.876237449460465001038755872287
6.672614618332970870540066243848	0.705259530224834341183282049315
19.935798235796188038193577085622	4.551142934959001351558072201442
3.410210858443962766983759138384	17.573224664893260182907397393137
3.684396770893755501674604602158	10.069918062041145034868350194301
4.443765150767271521203838346992	11.010079083559167756334318255540
18.687901162092643403411784674972	15.572832900471848205370406503789
18.358273026112215120519977062941	13.276791090834967334899374691304
17.839914824419825123413829714991	9.426979956584432329691480845213
4.474289568822785057022883847822	7.033528905213129789331105712336
10.600337736036969715769373578951	7.338978333417466970445275364909
10.516765585528373705415106087457	18.223734662327061073483491782099
1.826271459372944550025863463816	18.467067407169498238772575859912
8.623746762665836840255906281527	6.937319298291801494826813723193
12.781903360132149671812840097118	4.315908314904283393786954547977
16.259864201579478759640551288612	15.580445643291611190761614125222
15.002244776232187106757010042202	9.806268945343378007351020642091
12.627819058083858294594392646104	8.263811900401927701409476867411
11.546100598472289533447110443376	10.707392479375911875649762805551
8.431748495589129532845618086867	18.103082824385875682082769344561
15.304676104144000703399797203019	4.701830383641243393810782436049
1.711366198393537985111834132113	5.333016869181869346050461899722
11.437255219146745588432168005966	10.378186172304308954039697709959
7.435196501107762756532792991493	19.597618075568139062170303077437
8.554557860921491396766214165837	14.688406180541736745226444327272
7.866532313501359396923362510279	5.213317693085945059294772363501
0.312592439052199466686943196692	1.324349925469705535618913927465
2.008468414346109565116194062284	17.767780723804861509051988832653
5.068959196462122562820695748087	17.936397516117313699623991851695
11.549899159743350907092462875880	5.476958749838781059793291206006
1.232401775362793605594902146549	14.269415001903309914155215665232
10.813299293641012610578400199302	1.877303190152926903877528275189
15.882828306886491276372908032499	3.139529252233902667512666084804
12.300346281501930434387759305537	19.388692530311921302654809551314
6.238904460408932983739305200288	5.961477311679061585891759023070
8.927035143802902084075867605861	7.584200457384158156060038891155
1.411193976110559633596608364314	18.023266051736257509219285566360
14.960713269143706583008679444902	10.993000751755999999659252353013
10.660123116933707621001303778030	14.739406785292718637947473325767
4.931692811177192048432971205330	3.638601660317810626565915299580
14.802755013805683148575553786941	3.717531011793215878213914038497
5.776805291910401152222220844124	15.793802319645894982613754109479
11.590354909762359270075648964848	3.087464988678105815012031598599
11.941369785470767439505834772717	19.102930259567731496872511343099
2.920922009615486203415457566734	4.854550592346210891037117107771
11.830860661706564584960688080173	0.088487252778082226001288290718
11.137426938536657772260696219746	14.233029794752662056112058053259
19.759985479871609470592375146225	18.471979517816386362483171978965
14.184292120472639098238687438425	0.454993788809227028835380224336
2.916673083280849620990693438216	14.614107198671160148251146893017
13.595019354700495384236091922503	1.831184106177022874462068102730
0.386032996422327467911372878007	9.114199739765163954530180490110
13.561097666588338483961706515402	2.728963540724595127073826006381
17.563808801484146471239000675268	4.902531939212685152540416311240
12.138054851186517169026046758518	9.748144183954993380325504404027
16.305151039307808957801171345636	19.635195766070435041683595045470
16.405488824998517571884804056026	14.286181693546161852736986475065
13.999486823878271479770774021745	11.259492414420378736394923180342
2.728198440225387599866735399701	13.431825884683853189471847144887
15.699631098410495866346536786295	14.580384695353826529640173248481
2.861445417569417060121850227006	4.188010518413497251799526566174
14.597473327302461498788943572436	15.172155521706150338445695524570
7.963955190020623575719582731836	3.224480268542154526301146688638
14.925056064543710476755222771317	9.628338478624456797660968732089
11.633304090196197932982613565400	8.096731794661817360747591010295
17.782070904122086574261629721150	12.269144592962815565329037781339
5.598528181975802375802686583484	17.032111780556249414075864478946
18.638270690174397969940400798805	4.403571673071375869312760187313
3.178111771753320269340292725246	7.004537635744199519649555440992
1.568603678779634247320018403116	3.236714089170770414227717992617
8.083659568326620359357548295520	19.559222492882113897394447121769
18.991760580532321966984454775229	10.240587329949841333132098952774
18.690779847254574974613205995411	2.280765012761902799098834293545
12.472361367917077501488165580668	17.782969294568015783397640916519
3.210212131886315489737171446905	8.010283804586533662472902506124
1.660063810762629765704900819401	18.565718886881025895263519487344
18.169877457809555210133112268522	1.272076834482874785337003231689
16.539735738891952365747783915140	0.475514057138304302441156323766
11.351969538799369985326848109253	12.485387330906224434556861524470
6.957809160865295439180044922978	5.492718603215041461851342319278
11.518220566249823377802385948598	6.961156913331828732793837843928
3.222194621895836164071624807548	8.209638848180686565569885715377
5.537918895909662353460589656606	9.857942693714020876427639450412
10.139086082884301021067585679702	4.258882172299143675786581297871
1.418513680891598793820662649523	4.390692214020939232455020828638
8.822729030411007755674290820025	17.007740136074637860019720392302
13.533635836293424148379926919006	7.283067474596498946937117580092
6.140202923744961793772745295428	17.483480670832548753423907328397
8.232696435310515425953781232238	16.849178056005428061325801536441
9.095963699939018098916676535737	1.122671285618060954547559049388
2.235020980597183459792631765595	9.598488792331309582550602499396
1.670639924349334171083114597423	6.915695925403658961272412852850
11.594357407089248113152279984206	13.487516325489963264772086404264
6.282047057426582981065621424932	4.946868215645821464931941591203
9.132740899967755510147071618121	9.911251457667022535247269843239
5.078129798970834940519125666469	17.917910116426927658039858215488
14.358163554196185174305355758406	19.773612748685458484487753594294
7.614058401623594818374840542674	13.850909786110428001393302110955
7.447537812807187407315723248757	13.234953389370975429528698441572
0.213850290092291173138505655515	7.123451335546459262104690424167
14.812588089723782047713029896840	10.556602409325272162732289871201
5.631894656516863051365362480283	17.463862839215636313383583910763
14.361825442469568159253867634106	9.760560928156447602077605552040
