75
16.912307816175541574921226128936	14.883049546763308157437677436974
16.117548984749934248839053907432	6.723322404317021216968441876816
6.246024463878444343833962193457	19.552428507573377913786316639744
9.687908920616600028097309404984	11.780005009688153450042591430247
2.668175779291039884100200652028	6.329366435352839381778267124901
14.369390831536611230490052548703	7.549688561900083527689275797457
9.878656267333413509845740918536	17.036963208744236197844656999223
16.180343048532510152881513931789	4.271030923078981800244946498424
8.381840891260619486047289683484	6.121314569836742158770448440919
4.041409513318956925331804086454	3.763558505342750049038613724406
8.696197164007182678346907778177	13.352238013134751781763043254614
11.528134333067351136037359538022	14.750988615964502059796359390020
2.323144894331000465115266706562	1.134889384560255898293235077290
4.360658646274051974955909827258	12.831830809643985702450663666241
6.537053728438888100527037749998	11.483927471183175583746560732834
11.480464490675998945334868039936	0.084816681899267942768005923426
16.695571657417094257880307850428	13.117402818780153239686114829965
18.833731305005976253141852794215	19.491117757547069544443729682826
4.606433856702548901296268013539	7.471077233780780701977164426353
8.026509336052756182766643178184	11.224528304653262011925107799470
16.739155449507528317099058767781	15.144070133599447203209820145275
12.948114003166804053535088314675	10.737974228722130476398888276890
3.392100253965951495160879858304	5.566178145718393643903709744336
2.774563296996491956747377116699	3.285561256445234334933047648519
9.545093327301874097656764206477	8.740111570105739247082965448499
5.879055676250342976629781333031	7.421991072910066655765604082262
1.744831627256100414768980044755	7.060336848829228628687815216836
18.896296997414253837632713839412	10.844512733861455089368064363953
7.913478573800861504139447788475	7.027111998404461878919846640201
5.140921846557241714492647588486	18.103755609066972454002097947523
7.979919084123219263915416377131	13.614576828951062026362706092186
19.527351853588484686952142510563	10.245978727213120862415962619707
4.896229640834045326869272685144	6.218336624538546963947283074958
5.499302909344249812306770763826	5.538580654352208476609575882321
18.966631878262184329742012778297	8.867708458131174253935569140594
11.757736345918702980384296097327	3.473483496969969941403633129084
10.053307007152048058173932076897	2.289502248672349082880828063935
7.249488352172411609330993087497	3.511346681560731042281986447051
10.570830741783025175095644954126	3.261742299828063185174187310622
4.628456464697373817784864513669	12.826096777877626919917020131834
13.807539745079328241672556032427	8.412125809730461867275153053924
12.029133020361182815349820884876	2.072833144355361589816766354488
7.117268615893030059282864385750	6.240671780771473109439284598920
10.039620806653891449400362034794	4.891222560030045407586385408649
1.706849083564182523176100403361	12.096331195852039641636110900436
0.131174376716048923796620329085	14.478010734111251167632872238755
7.994458081296846430063851585146	0.036180673779099281617277483747
5.171527057222752077336735965218	16.729467102362850283725492772646
9.789854189815166307653271360323	17.006313068020812551139897550456
9.580019546473101499373115075286	14.857600492530080416031523782294
0.279438462728198722118122532265	9.454672691560146446931867103558
6.297253974224561012817957816878	8.016464626886806499328486097511
18.401441103797051113133420585655	2.140754480273003856893865304301
2.820707134263184201472540735267	8.969032313910661358136167109478
12.244604713219780833810546027962	15.625452919667704776429673074745
15.123832334007017763610747351777	16.436408915301928601593317580409
3.732378384419339223398992544389	15.495704220751491675400757230818
0.045620136499177066369270505675	5.842395413417664329358558461536
7.879115824461979222803620359628	5.188122267207499582752916467143
10.304376555969980699956067837775	11.923060252463306696313338761684
14.340046994633050658762840612326	18.082342332733468026617629220709
15.058239824562113184924783126917	18.085101062222534551438002381474
6.414661363967232077243352250662	14.266209913722500246535673795734
14.732322421460372297019603138324	16.400347193081270091852275072597
1.492328066865470370672142053081	13.604322393422110692995374847669
12.113387858776212269162897428032	12.254836005105701701722864527255
19.069172885591207489142107078806	19.502484362991047817104117712006
9.344005798017192887527926359326	14.666323964639399690668142284267
7.167084935427197045498814986786	14.851643783498731821168803435285
1.346354904143700625951396432356	3.907310095254901138872583032935
16.808355544131476477787145995535	12.188978475529101075380822294392
5.602866024912631637278082052944	1.681365763229651921761842459091
12.556955423878159550099553598557	19.773055689847506499745577457361
8.068557931001526739578366687056	8.377827224122743388079470605589
12.941279211442878960269808885641	13.609824151980216555557490210049
13.299294876879397264701765379868	2.826210056687394001073698746040
9.041379510918655881823724485002	0.922978556222638912842626268684
4.405911637089130472588749398710	8.340054693068466917793557513505
13.212855940817783917395900061820	0.850331644483014459368064308364
10.768354470919836884945652855095	4.046864833637448199965547246393
12.631483001268824395424417161848	11.851320207450273258587003510911
11.550300506304107983623907784931	14.293628144832322135471258661710
5.869357745253165781207371765049	17.896080686610183363427495351061
7.166985973894525407956734852633	14.318474862106775447045947657898
15.118133071307957138174060673919	3.789667831867885361418757383944
18.555119897749936086484012776054	10.368323743826650229493679944426
5.221352782195245900709323905176	14.121762326108116880618581490126
6.580411714196224615136543434346	9.750986998947716699603915913031
12.652236040557777840831477078609	8.951532353689025001131085446104
7.735194037306264647213538410142	5.174172333173238769177260110155
1.471988599934992425488644585130	16.665101233532030988726546638645
10.765650241592137348334290436469	10.017629230332373069245477381628
3.777541958737793414968564320588	3.851697541291954074438308452955
12.441912727782883152372050972190	6.963192803634167482584871322615
15.875210904097151853875402593985	17.133808704909196052312836400233
14.610242447848182933967109420337	0.233315299097036632502977226977
15.450825677650218636927093029954	3.591097933793148122560978663387
17.533532663782576577204963541590	3.492413902123050473136345317471
19.493522771508136059992466471158	16.099679251587950545854255324230
2.956172726405086326195714718779	7.336997435480428819687404029537
3.447323705851079722606300492771	17.837364727503594252766561112367
4.478687162615587524783222761471	12.529779094280266704686255252454
1.141749095162837290828861114278	7.828708880924083679531122470507
9.252842197244776301090496417601	17.659687016880603493973467266187
4.078565509239034270194679265842	16.933676352904541317911935038865
4.544568576315393571007916762028	3.799306997066102198346015939023
19.634782301209661170560138998553	8.921879662938582811193555244245
10.016465291075157040268095443025	11.498409928583971151283549261279
19.683975203586257407550874631852	15.033115428592878970448509790003
4.700355962979219981434653163888	1.367813362976745272803213993029
0.336444891354830133423092775047	14.893605857290223681843599479180
1.872085676176525881331258460705	15.171172135471753250612891861238
4.061901087415630939858601777814	11.204431985921480929846438812092
10.740205966250677249718137318268	1.825744632672633427361574831593
1.760240616678361291747023642529	12.028737343120166514154334436171
7.598250016061227185559801000636	7.274124354324960073370220925426
8.720429740096358628420603054110	17.215715169221006419775221729651
13.119890670492946327385652693920	16.019393256674227643543417798355
9.062798865219734878451163240243	6.116188056256911309560564404819
19.591364961247414555600698804483	0.895186837647934385842063420569
10.809769513386763506446186511312	1.921448763807606097131497335795
11.136872955044891497777825861704	4.901468470063743865239302976988
6.552484411760980620442751387600	16.028779750371448642454197397456
0.819354793736198905307333006931	18.617824617346848015131399733946
19.687016716798890314521486288868	0.631362248533773318115436268272
4.393844587605359564008722372819	18.644753116224467959227695246227
2.154259808627954075888055740506	14.043499015434042220817900670227
6.209256131989687510497333278181	6.631475200796245417222962714732
12.573653626663505278315824398305	8.314518764744953216450085164979
3.195590637653442644960932739195	3.973874281042487410786634427495
2.123723012437178425670936121605	18.764003069899530373731977306306
1.708549609661441648356117184449	11.588153542077449742464523296803
3.645824165838689179253151451121	16.945351210424956178712818655185
3.175917477073519901153986211284	11.506302488928021432457171613351
10.020095861168270445773487153929	14.874780911710484332388659822755
17.653259695523821903861971804872	1.497667320690462267052112110832
10.545449798670883723161750822328	6.025212818737751163666871434543
5.213213697010369962470122118248	18.332424917504134498358325799927
17.945732282179626793094939785078	2.761989648169047573134093909175
15.104951328069027738365548430011	0.546694225484468665499093731341
17.745134459420647488059330498800	4.981900724069917352210268290946
7.152017082434945827174033183837	18.032644020909881277248132391833
8.654685319729649606301791209262	1.337527578781447790134961906006
12.628552802695265810939417860936	17.373824536605738444450253155082
4.134887720090585361276680487208	9.268773647375841306939037167467
3.626476943672665154139167498215	10.307237591358008543807045498397
14.868353104321995417080870538484	10.914655900428522627976235526148
14.764105552838847401631028333213	2.379209280534980486265794752399
9.849406805706166778691112995148	6.128239546141012183966267912183
7.079462533329524021041834203061	13.924664693188057995598683191929
13.735941879609878668588862637989	3.969500406233386069487778513576
13.427208768029144536626517947298	1.449098722202984967921679526626
14.992253240163973870835434354376	12.738933567524890477784538234118
13.925987444085787814174182130955	4.400238714701105280369120009709
9.940780326283425338829147221986	8.882603746216860329809605900664
2.949779904792746432207195539377	11.493528893081283115407131845132
7.677509898497461016120269050589	17.547232980218421261042749392800
4.263785929347355896368298999732	9.301504538642578978624442243017
2.615284875181635992902329235221	10.199657292530806884656158217695
11.784206073316475738010922214016	13.137126822740802012390304298606
7.309759630555642040405928128166	11.050806516240420762642315821722
7.390605099220804774518001067918	7.393641536331506003421054629143
4.463884508252041527498477080371	14.924778000772768393744627246633
8.442039478740101188236621965189	6.661410687799078189641477365512
14.662626706302503976075968239456	19.537924950265658452508432674222
6.458764977916219507392270315904	16.393018620445335642443751567043
8.936117477245030471522113657556	4.589998535324063766438484890386
0.451202182880027224953778386407	5.763255602323767767813933460275
13.482442568107845914937570341863	16.711736257103400049572883290239
14.393353619459423597959357721265	1.963464284495000100605466286652
14.285608338442775888665892125573	1.828830551466072984467814421805
11.689665078089436889285934739746	0.840231037810790226671997515950
2.866238593436717607687569397967	1.470991434679156384390807943419
5.682937949847450376239521574462	3.602613088358642912112372869160
19.153965757568684580292028840631	14.616995169216265182399183686357
