75
8.278835595258703605736627650913	1.708275861595996980568656908872
4.833265322043651224248606013134	9.924644538441373953219226677902
19.208028892247455132746836170554	7.034084262332671144690721121151
9.473006353073925467356275476050	19.229825015857862524626398226246
1.378296156685354656445952059585	5.199274636867265542150562396273
1.788770955245252425314106403675	6.450860684045363058203292894177
14.379044711088898367279398371466	18.801505730475447819571854779497
11.196331761479184407903630926739	3.429352949719115528637303214055
1.883019791346033366963297339680	4.905281465093604964522455702536
13.375565749451645558565360261127	12.105631504968457079485233407468
7.165613891864305529111334180925	8.411793562829108950040790659841
8.242095569396735044165325234644	3.004099941535999462871586729307
6.490177038883127913493353844387	10.025013661071435322469369566534
12.392706924451243111207077163272	11.789646846403950775084013002925
9.872169803163947321422710956540	16.882377776961437376712638069876
12.824162381824178780220790940803	7.175799978506050891269296698738
14.580785151941235255890205735341	18.494892294659894815822553937323
9.060839320266046215124333684798	11.242130534001672614863309718203
17.315291554954896469098457600921	9.382555968517717559507218538783
11.355472046052392798287655750755	4.279510125396011943621488171630
13.704449462612943833050849207211	16.232277280493718762954813428223
4.469102975070878613905733800493	1.600355888630555778462394300732
11.980456471402174400964213418774	3.773898200995278173763836093713
2.746572397159843248459765163716	5.384316160585394861470831529004
13.525335088473537936692991934251	7.229304132280761407969293941278
17.428209706037243620357912732288	7.319105743000796415742570388829
16.693878088072885645942733390257	13.938230599855920388563390588388
6.661088244127979507425152405631	13.861977091640277137685188790783
17.355523607963952770205651177093	10.378097379326588267645092855673
12.168538638101612292530262493528	9.744881146375321989694384683389
11.922925918459698735318852413911	3.902015092749927305249002529308
5.045900125608479669381267740391	14.541229812280786148903644061647
18.777792064660726367719689733349	18.947790777921447613607597304508
10.767994931905208844113985833246	10.540871960424697206804012239445
5.881052149718291488511567877140	11.408770660912432859390719386283
8.464825472484482915547232551035	14.484850544744633182858706277329
8.822483683161632228575399494730	15.135961287842825129246193682775
16.646090567731253173633376718499	7.674049633029238037806862848811
1.575082483201885041879108939611	13.930216097100664995878105401061
12.178411535886162653241626685485	12.422990095258430898184087709524
6.425387362752467801385591883445	3.370078044209108281137332596700
14.534307985056264200807163433637	0.329067807988731031443307983864
6.495187686848728603195013420191	2.207264159138308201590916723944
2.048270536357164051111112712533	0.357062246327995991279635745741
19.462117543578585809882497414947	7.170094984243869262741100101266
2.614545978505955492465773204458	15.891777562757532393789006164297
9.683563893098057206998419133015	19.789452570082499249792817863636
10.323464266299730240916687762365	6.189291539806408337653920170851
11.521011477166601011390412168112	11.826051536862211222000951238442
18.204543971094516052744438638911	4.932180821967567574404256447451
10.845035929034027688544483680744	13.472762382552827986614829569589
6.606801215226718149153839476639	8.381854638727723738611530279741
9.496364526538901174035345320590	2.027748738885333246173559018644
16.639251008960123101587669225410	9.917714447890732643031697080005
10.382442498541205821993571589701	15.382681356934011063231082516722
18.126071236508881412419214029796	14.895072447135929039063739764970
1.358692287028476775034846468770	12.947523188044895547932355839293
6.507996591292494414915381639730	11.381364734490514223352874978445
16.199374533008839449621518724598	18.213609129651391782545033493079
18.468373623012219297834235476330	10.523115039556456551395058340859
0.714863020531529835821515916905	10.583831706793404237032518722117
4.160522136350259359005576698110	0.775234454194863031872841929726
19.711998722508166537181750754826	1.799125670919037300876652807347
6.790654152275626742607528285589	1.595526560787203784741450363072
18.238869263274889220838304026984	11.050538934308413274720805929974
3.138640022325511758083393942798	8.781922589069649731641220569145
4.930116377397995464093582995702	3.583034557689836141491923626745
5.235026597635782152906358533073	15.083131715669045647132406884339
11.157914810646474279565154574811	17.826528758622227854857555939816
16.991338831034035194988973671570	4.137398869519401500838284846395
12.783925975484994097541857627220	18.020475894098300528867184766568
9.866357849554443504302980727516	16.384217983072691282586674788035
1.187460257858382606244163071096	16.786217382290264055200168513693
8.108956763621966601363055815455	7.762449317592355235717604955425
15.688436323472780387078273633961	13.662284995855358715743932407349
16.999428970921606207866716431454	11.669262032231291215111923520453
2.237947703994869197430261920090	12.348364124222189985857767169364
8.570863821693174955385075008962	10.414772959969385013323517341632
3.232937133690786168926933896728	0.037644440000526024903138022637
1.906715807036772902804955265310	10.462139176080540892144199460745
13.853058649330156626433563360479	16.349511382933741288070450536907
1.872920961752596591409769644088	17.979850916874802635447849752381
12.660422538509781276161447749473	4.989513005883460472489332460100
14.678077047901403773266792995855	15.079967887588047403824020875618
2.527092185431771831360947544454	12.144542305820101191216053848621
10.427130157259256293400540016592	18.490686084921492238208884373307
5.266553027298087386043334845454	16.363923766861766750935203162953
7.746372623840824367391633131774	5.936234467406334758265984419268
17.854468456270854659351243753918	10.338187185912417476174596231431
18.641208825818463168388916528784	10.540130301650462385509854357224
12.973068989903042691480550274719	12.989074888076668656822221237235
3.179845150518192387067983872839	15.830311524166608805330724862870
8.664472334037903067383012967184	16.454340925686526730942205176689
18.679866608744838174516189610586	15.581129303958244136651956068818
12.709781942520015363129459728952	5.537352533221691963660759938648
8.527602875072565424829917901661	8.045957749912401979486276104581
0.959240355044804759998555709899	13.924107729202999550466302025598
10.059687959176866201005395851098	13.949269518810337942227306484710
8.339905751811279799312615068629	7.248890120172140960619344696170
4.166152816999963093280712200794	5.225284998838182204394797736313
0.580817884826586583457697088306	10.490342212948258193705441954080
11.965300015988779236408845463302	3.512267763405142240173972822959
16.805069753184163516834814799950	12.885601783178318058276090596337
18.768131308979484117571701062843	7.770686115599671595077779784333
14.283711246281002971159068692941	17.021087660586751155733509222046
15.042840173145927806785948632751	4.286267236111624967520583595615
8.242391060877238828652480151504	15.566549553249961590495331620332
8.556725055142578639788553118706	8.188711703185246548741815786343
9.054047882444850259275881398935	0.395144013462929155622305188444
3.313469593188400619254707635264	2.152038350664734700501412589801
5.917612557984287313672666641651	4.791354660496594419782923068851
11.041292284295094461299413524102	16.150697518036217559256328968331
13.382099132690262521805379947182	15.911726179529319225025574269239
5.260927734247228038100274716271	3.546764711576975148688006811426
3.483261344656187752377718425123	11.943044301135216755938017740846
3.379525044817830448096174222883	17.679527160654203044032328762114
6.265283640970205958353744790656	12.200147469434275748767504410353
5.805766165109948140354845236288	8.928846011073582999983955232892
3.902004390042086434675638884073	10.281707113556006305543633061461
18.403012442475926491169957444072	3.011510295073956733347131375922
12.694240566712018392081517959014	9.566116822408124775733995193150
18.073912154103982885544610326178	15.475330595212348328004736686125
2.540834095099901990266744178371	11.956810209800572408767038723454
15.170547558920384645375634136144	2.550218921471627542274518418708
2.617213751258958609469118528068	9.419464232660978098010673420504
10.703173666996963930841957335360	17.478486239928226808615363552235
3.588028362481447963716618687613	14.015247845301011864194151712582
8.939375617290822972904607013334	16.454758303230683225137909175828
15.409403378367247938740547397174	12.248051195048820005695233703591
1.685735727439254816317770746537	2.309949376171095636323116195854
4.897442586899978245185138803208	1.524388711117387051885430082621
12.615654214684511202904104720801	10.627432544848886664112797006965
2.898219435533046173247839760734	6.227363470077323270857050374616
14.097229502610927553973851900082	19.407408974362205356101185316220
10.255223672308970250810489233118	19.722781369202003531881928211078
12.169116539170886426290962845087	14.751777016835198708122334210202
15.074919508820791236303193727508	7.244855628886110565645140013658
4.492725217165967954713323706528	10.026668958059252290127005835529
18.944181814813266129249313962646	8.194572277525841386136562505271
11.332338914394183504441571130883	5.889549361996663456864098407095
3.240743635677353573498749028658	11.875066372358872968106879852712
2.562073590767994790695638585021	11.641236103892726561070958268829
16.611667193533705244590237271041	8.851428521833668128238059580326
6.354209277248080489641779422527	18.884608698955325678525696275756
17.108757757436912072535051265731	10.755228571226647105163465312216
16.345889398168338857431081123650	8.418477636981995360088149027433
4.193573749213026502502543735318	13.622142683043920285967942618299
4.737168851070493680310846684733	12.018969262764706229518196778372
13.110331875705757198602441349067	14.973494276994834706329129403457
16.070531985695478027764693251811	17.780666717028577039627634803765
6.812802276653709299125694087707	9.983458852839227404274424770847
13.947997936479117342400968482252	10.232226463108327507711692305747
12.230168636386110847524832934141	4.019598413038397488605824037222
16.278891369188738025286511401646	2.995705924071025982868832215900
4.778490149800971309446140367072	12.656849804941993298257330025081
14.973387818311492125644690531772	11.752609081914327404660980391782
14.372847169760815333461323461961	15.341345892053723787284980062395
2.997616136706497957931105702301	11.240223600808235460135620087385
18.865311095001931818160301190801	9.979591057904798390154610387981
14.290149822429889070463104872033	0.084358828938804197861145439674
14.742449180004999931270504021086	13.245506386040739599252447078470
1.007943710583200092045785822847	11.854042172608428629132504283916
3.463618072106179113234247779474	15.679162936953725093758293951396
4.607876563261964264484049635939	3.864677523359394406554656598018
15.955714983653997762758081080392	2.713036156223290973343864607159
13.130596683993097428810870042071	7.481240988615358133984045707621
17.150894721101259676743211457506	12.211903000301326471799256978557
15.802274331134242402185918763280	6.996229168853272284422928350978
9.559468762416504006296236184426	4.050595375632902062079665483907
2.393138419073554956639782176353	16.222968683331465911123814294115
6.382438511543292669614402257139	13.658815347079718449663232604507
3.002048163551076509492077093455	0.733183632446580135777480791148
11.012326438974783471280716184992	4.013583288719694053270359290764
15.890931848554497918257766286843	17.238442603551892062796468962915
7.835921136759404603822076751385	0.709442964299191736188276991015
