75
17.571207531026658443806809373200	12.231252207491959183016660972498
10.787844800709393666693358682096	5.392043651303878526448443153640
6.281638185002323737649021495599	2.191688991438308420356406713836
14.624496989573325222977473458741	18.100492900474421276157954707742
3.142039380150603022912036976777	8.873454945739197796683583874255
8.668808232230791332995067932643	11.331538856243913215848806430586
16.281386806825075552751513896510	16.307891225986526961833078530617
1.062864636806705176397258583165	18.867040729712186930555617436767
2.345402436744625784825757364160	19.086938919709261597290606005117
1.767508730623489343614096469537	7.635943646080018964994451380335
1.846309954327960412001630174927	18.717182330002483325870343833230
12.556192255714506700314814224839	16.531941662192686237631278345361
15.766927433682234038769820472226	5.673446928896094476613143342547
9.655580831571221267495275242254	14.276601273739753850122724543326
5.170817479720484222127652174095	13.665732637629574242055241484195
12.022683206426373558883824443910	16.211841593623823598591116024181
12.546765015739302029373902769294	12.388381571647784085143939591944
8.128981253349579105815791990608	15.590327092586669266438548220322
4.839262507109883593159338488476	19.292103735516583640219323569909
7.107919485808365855916690634331	10.298060588391493297422130126506
11.895078167252432166378639522009	6.099485645812851686287103802897
18.312169391636857085359224583954	5.081191428446068414359615417197
12.194565684443219311106076929718	7.299825456533495682265311188530
1.285936400739070561982657636690	13.347802499283107025007666379679
11.911212211493701573772341362201	11.694265927084094514043499657419
6.647199308694377251072182843927	8.369133762283032851314601430204
12.822779453304530505874936352484	3.520564555767683678766388766235
2.971624921571573985090708447387	16.574858490401013000337115954608
10.991259542689142847393668489531	9.197976654388300588038873684127
6.907967488212592321872307365993	3.597767009216428224505079924711
18.686137173331193395142690860666	9.566748045129230604288750328124
9.952755241904082339488013531081	9.446315991811108148112907656468
4.193421691842108778303099825280	1.280272227338827839560053689638
16.479911000528037590129315503873	3.140128203362324565972585332929
8.216891578518904282191215315834	12.725466021062118215922964736819
1.020897488032181943395926282392	4.067418538263539495858367445180
16.008439627342166744483620277606	5.206178903773074573280155163957
9.425932588720197458087568520568	6.790472807660766996207257761853
2.941065781776261989222120973864	7.355716736660847132611706911121
10.628644969617379700821402366273	7.975064608288261247537320741685
18.245870977274293522896186914295	3.309248253555283625360061705578
9.952951501655276089763901836704	7.423472310460713430302348569967
14.271812985879011037582131393719	9.169843050577586751614944660105
18.495894846338408967767463764176	7.720267341413064698940615926404
14.474766660553884278783698391635	13.820938994036323421710221737158
1.602115495364840880299084346916	17.030093187790459552388711017556
2.650681282047320230788045591908	18.713848026474959596043845522217
5.716262627007637320275534875691	14.851591193056668416261345555540
15.375987839265381040831925929524	6.603438869053989357382761227200
9.747525979722860611786927620415	2.894544243322748400260024936870
5.818074290495463429806477506645	6.629683646589662693315858632559
7.101612804650722310384480806533	14.054652260640848382422518625390
3.152641864253654446770269714762	2.724244325425253521189006278291
8.266508555524485046817062539048	6.862993368962214013606626394903
16.403534200767914796870172722265	17.539193204127172975859139114618
8.239468490683194090706820134073	5.175657024809877881921238440555
5.632148846120682783578104135813	9.939572422170028787036244466435
4.701646375169890923473303701030	7.856187320522797890021138300654
3.686691714994485558065662189620	5.137827173348234133243295218563
7.715225547283795393127547868062	5.148533922100300586066623509396
0.388221692049615096919978896040	6.412972382130348591999791096896
18.623063289779292261982845957391	3.454205681071064404363823996391
9.473473896364115631740787648596	13.597328483826787604016317345668
2.421342358505271796786928462097	7.972993982285975000934286072152
17.344489771321029536466085119173	19.922795476421953253520769067109
0.264569055265033714618994054035	5.652374811045818070454060944030
2.796970175553907811405451866449	6.271750659357111956637709226925
0.122257231781945918669407546986	11.394350382008274991108009999152
10.539689920902787889644969254732	4.653358278238127532233647798421
11.641576171334806488744106900413	2.145631712271733881891577766510
19.579523650876467399939429014921	10.671218237871201495181594509631
14.149376519797705498149298364297	0.949693735139107708675965113798
11.351169462917551911118607677054	6.334811202646246641734251170419
13.415232629351498516712126729544	1.559437147258114775283388553362
12.132156665577367604669234424364	11.907166053895817725560846156441
3.400069541158130537183978958637	9.827886574687424214857855986338
19.978830714605571472475276095793	18.478250761528759227303453371860
19.421389526052088569940679008141	11.111992286190240264431849936955
15.635556860810238433145968883764	11.017660383946047630843168008141
13.411494774732339863021479686722	10.034541185835335497245068836492
13.954739802531729964130136067979	15.123536631647320760407637862954
19.481107163056581299542813212611	11.280342630975297879558638669550
1.102006211017231285254069916846	14.834077120597047638739240937866
19.724864955122452414570943801664	2.584726269311773627634920558194
15.933725326589549098343923105858	14.765962787573846171085278911050
1.299837654089220917441593883268	1.362987907397916753637900910689
5.877869821618586954059537674766	10.952563795969773252636514371261
6.063660789881430090986214054283	9.447884893845852616323099937290
4.442674932405817678215953492327	13.471423017238357999758591176942
8.944343172199046065884431300219	12.497803006434008210590036469512
14.730352004179048108767347002868	10.933260113632734089605946792290
5.353004838436927315115099190734	8.510093097688001151368553109933
12.562128219848920807066861016210	1.318817711039762530234042969823
16.812431630539904858778754714876	16.906144909346380700299050658941
16.028888337077475512160162907094	7.727702547789850662240951351123
3.728914626828961687010632886086	4.505104617824922108582086366368
12.849802679690341733476088847965	6.504195116584152280836406134767
0.745355465271690942330451434827	12.544994696110776999375957529992
13.934062055203281005333337816410	8.875652467066972306497518729884
17.841516635708046578656649217010	0.615138808827254690569930062338
6.451869089725219552633461717051	6.373142959914186000958125077887
4.725581499874248692094624857418	0.303539152265781542183731289697
14.551583620614275460525277594570	6.997314339666824700714187201811
6.989223746060398312351935601328	14.725561459111734308180530206300
18.106180065612200280611432390288	15.918539698689501804551582608838
8.869821368031768571427164715715	4.055141921838431251501333463239
16.974590721855904007497883867472	10.632638633263823635388689581305
13.012585214053309812243242049590	6.544546524097178519241424510255
5.365109444006340488897421892034	10.109221921463309001865127356723
0.127118114507642765431683073984	16.348260540372766769223744631745
11.158772037833225354575006349478	13.510014673441112620366766350344
13.802787670633152927734954573680	9.224729503497528071420674677938
2.695696674060450437337976836716	9.970749596315455320905130065512
1.519992319638316935481725522550	17.962853767269255200744737521745
15.205081551216682811400460195728	6.501509034910949225150034180842
19.379376416668925742214923957363	3.263411407921087636907486739801
16.997210795677546002480085007846	16.975470788957814249897637637332
0.662770399814779365144090661488	2.683625025121364693347913998878
12.792175418608525916397411492653	3.185037045716065939870986767346
19.601853890447365813543001422659	16.069523042556927094892671448179
11.681468069783370822278811829165	5.616875178748513164350697479676
3.467387463739445507826530956663	6.520663087668051360878962441348
12.937914683220284928211185615510	6.894474422899427246136383473640
2.583840583804456692007534002187	7.918924909470287154533707507653
14.586012217649580335887549153995	8.577103878355796240384734119289
10.873153681228520994750397221651	4.727669832883359291031410975847
11.820267435525357413439451192971	2.373724867881556122028996469453
1.483336857235656447429050786013	0.977747058027759186060734464263
16.478891975532473423982082749717	19.841313606916532563673172262497
0.100295682133675345681922408403	10.497820940571768844051803171169
17.403146636756591902894797385670	6.334251006286500285114016151056
5.280424462248119787943778646877	3.137016347250781933553298586048
14.879367392146260584695482975803	5.323939194035280486616557027446
3.596780525962924635052786470624	16.256691751919593258435270399787
9.767026633526885603941991575994	7.785169178725920069439325743588
2.891318124919237675385375041515	10.344898921173328432132620946504
6.590061067503538261291851085844	19.754422608164464492119805072434
13.216506641024842849674314493313	12.561988455509901285722662578337
5.945644452648601863131716527278	19.648958718852956195632941671647
0.785572804352581144371470145416	17.184557084319049380383148672991
6.967756404177920970255399879534	12.481344335037157122769713168964
6.875447561352680203583531692857	13.569087130842934385555054177530
4.848282621613969389784415398026	14.069907020066864333784906193614
6.652981096114510606298608763609	16.619751435107747994379678857513
17.076757083954152705018714186735	19.504850181030843003782138112001
13.788735509108466459338160348125	18.553159328601108057910096249543
5.236042285988832034604456566740	16.193321708020800286931262235157
19.103217017958971979396665119566	19.731999034815107307849757489748
8.371193861209301090298140479717	12.600642185392455729697758215480
14.803391701935769475539927952923	0.493112016005664566264954373764
12.005380370824465074974796152674	19.725580716100878930774342734367
18.714218854842393113813159288839	19.540789806133219030925829429179
12.684532974566220531187354936264	5.009186076367332596248616027879
9.867495636383759816112615226302	14.362923384051519803961127763614
7.451300139657412557880888925865	13.076867076133089184963864681777
15.473887201862815743425016989931	1.103698649812143717241497142822
8.259363160293066385975180310197	12.063606712546054211543378187343
16.581005731532570734998444095254	16.930857774726629116912590689026
1.021945365678673667275688785594	5.966771688986248989294836064801
7.596727156777991041280984063633	3.666848172481840251180074119475
19.562765316939710658061812864617	14.026855125038498073308801394887
0.477775154180132277659254214086	13.335221334241854407309801899828
15.649482164354900248781632399186	14.433161743681798938609972537961
4.393861002940879778577709657839	13.217036395490049827117218228523
8.161340195997595969856774900109	15.564117213071506640176266955677
11.512023584984483193238702369854	16.239215036968619898516408284195
6.971343850422271337663460144540	18.344431090976634379785537021235
1.714136529670944320002945460146	1.309739636688628250382748774427
11.546595973419808700555222458206	10.658523671782711872424442844931
0.791850580381676660834955328028	10.166112954920711430872870550957
18.719699094309262932256388012320	13.762311876562971946214020135812
7.625964131923397282264431851218	10.888292061680523659106256673113
1.389076285606780647441382825491	5.126388372709300256246933713555
9.333811832857303869559473241679	10.228859434530289007625469821505
14.653985057853278206607683387119	7.572623689466436047723618685268
