75
3.484943612726291384262822248274	15.915717800971208362170727923512
15.064735456694917203890327073168	11.520265928363459195793438993860
9.416167211222774113821287755854	7.224649210370415630677598528564
8.911111628890667546443182800431	14.314256290060139775732750422321
16.320756704393634350935826660134	16.836867972872255450056400150061
15.613990915770120437855439377017	13.350441660388034037509896734264
10.168445183997164349420927464962	8.116511082439556545864434156101
16.044361862066821799999161157757	0.134405708370312071409102827602
2.549362694075061330778453339008	7.370363611145754667575147323078
9.394459884207975619574426673353	3.697714052875507917406139313243
16.806115261577538433357403846458	13.165039290351906231535394908860
9.920517572550252793917024973780	9.824385523595719149625438149087
17.626010862333842510452086571604	17.419598667097535127368246321566
11.328689593022664539034849440213	3.915375159625712697675226081628
5.463776406316528166939860966522	9.155489743652905687554266478401
16.332835511300292097303099581040	11.799943728947789978178661840502
8.124694525220919061325730581302	3.064884233699328497380065527977
19.095089014729506260437119635753	13.089639571598974399080361763481
16.610113128676630367408506572247	3.369762072142049369460892194184
4.656883248676527919940326682990	13.661762130683259286456632253248
14.515799903252506908302166266367	13.376004583060451480491792608518
2.898504744076552341880415042397	14.346491795843332894833110913169
12.686301339326071513369242893532	12.261120757784290447034436510876
11.380727335377237352531665237620	1.242542527835360788301954926283
9.479552701811128301301323517691	8.542637742124112421038262255024
8.670933208308968076494238630403	14.501749509073984967244541621767
4.380813320423207812837063102052	7.419183287606608168118782486999
1.281240097615878870129790811916	11.915222760188218131816029199399
12.432563002879476243833778426051	6.434060986992830244446395226987
8.713757226177062165106690372340	6.120442482608734025006924639456
11.344667145254289764011446095537	18.151835745313150027868687175214
5.431342514942254950938149704598	5.319243888998669511636308016023
10.747231605139679899707516597118	9.256010535813340212030198017601
18.133610609259275037175029865466	10.762903625044661026777248480357
8.415087827759894167911625117995	17.949392195492169577164531801827
9.858398031724854959634285478387	15.635633840313756692808055959176
18.739430071197769933633026084863	10.183178683955141252681642072275
2.323837090491745804854417656315	18.760214670283382076831912854686
3.413815408688509744905559273320	12.186303052248568690174579387531
6.140282690505493690125149441883	6.736344414716350037508618697757
6.271576442446386678852832119446	11.770514936591077059802046278492
13.236420935025577705346222501248	10.491228322578129095177246199455
13.839196523780257663815973501187	15.178311812302370142901963845361
0.545922102319874591458415125089	10.771267166418201810529353679158
9.379870899770471837086915911641	4.774316424580180573400411958573
7.928912985710995897647990204860	5.058336606178635008745914092287
9.097687633991180078396610042546	10.989401701265498090265282371547
13.644822037131335790149933018256	18.755868056776179741973464842886
18.812405800828859270268367254175	3.730545442660599064765847288072
13.471084919345363672960047551896	1.405801475394780064576139011479
12.067863357106817900898931839038	16.983378064198774382020928896964
12.088922566595890373264410300180	2.961440867233208429354363033781
7.752491462314903714059255435131	14.992185140658564890259185631294
3.503204398913975836649115080945	17.509334080083228002422401914373
6.036455610835023577465108246543	0.252155547311533334564614960982
6.762969088226731706470218341565	13.006345205540128517895936965942
12.005104359563762983498236280866	4.968882994375537265341336023994
6.832319314910100693793992832070	0.395876578483261853946828523476
6.571739219954273458768057025736	15.947046217058375106034873169847
12.646212243400949404303901246749	10.279055564252020715798607852776
0.627106193943217649078292197373	1.465724355385006338892139865493
13.547446128488147110147110652179	13.616662231505314295532116375398
9.201447692642457099054809077643	19.944807518366374665674811694771
11.295133052328450773416079755407	14.923661415976578581421563285403
15.074967802739131172984343720600	14.697982907016474030115205096081
6.553261269701095237394383730134	16.416306086318822821112917154096
4.424651519854272407883399864659	12.130870166944289323396333202254
19.552231412599265780727364472114	3.444617849513034180120030214312
1.990371958672771945941804005997	5.447461952369117454963998170570
3.997273820379727560236915451242	18.047541885169824382728620548733
11.812116953865746893370669567958	13.687973269670623110982887737919
14.590027920122217608422943158075	13.437505907101957802751712733880
15.621921537479011021787300705910	5.165941877787223468487809441285
18.320333381738148403883315040730	11.737224412616225066585684544407
16.527876911096537781986626214348	9.029330528923054544065962545574
8.075192495699857531121779175010	12.874299257751914637992740608752
12.894065822478607330481281678658	4.757595712690108946674172329949
15.043975984900844977687484060880	5.732660262772840908951366145629
15.950391955382793085504999908153	0.401169268721413008194076610380
8.870252641357934564325660176110	7.289665281729183377024128276389
19.504003998730485847090676543303	12.021208195310164157376675575506
5.368783791533681792884635797236	1.425416791803766347612736353767
12.601537771763377193678934418131	2.224235579801542073141717992257
0.965040143886488621660646458622	14.717278247378752453755623719189
10.941939693936882704861091042403	11.526908829740134976304943847936
19.403073872937209642941525089554	10.021058898666836967095150612295
2.160019542475523302016426896444	12.968197225162562347122729988769
14.957503547707254654142161598429	10.481735549566364440465804364067
3.419485905754729770933408872224	15.277874189267716786844175658189
2.850650744008453862932128686225	10.319653929499775557587781804614
3.948034001052099561945851746714	14.557125442227905054437542275991
5.261599705438473328911186399637	9.045305171916190545289282454178
3.011636890433455615578850483871	4.774279783433271973080991301686
14.816189036841951320866428432055	5.628583744594858551124616496963
0.886427432934611125858737068484	19.086889327723046250184779637493
6.075740681671607745784058352001	16.019549589222553009904004284181
11.653348707370010828299200511537	11.813494555191107693303820269648
9.317552743174891460853359603789	7.891397722676444459466438274831
0.790140236045694388522520057450	1.173212599610475859179814506206
11.579810507715913914239536097739	12.851035993527302636607601016294
2.377160640704697236458287079586	8.202874110373386429273523390293
4.429740763900454680879192892462	1.884422747327195724054149650328
9.602895654426625071664602728561	8.824674018780862994049130065832
9.947203261778478022847593820188	3.342821433165149791477688268060
10.177255665809212814565398730338	18.921660689979827196793848997913
18.771622227012581873850649571978	9.229288988862174747396238672081
12.932250942326211529120882914867	5.708679759123676866749974578852
8.997845128732887332034806604497	1.364852899299358046647512310301
8.115574657944955916377693938557	11.887297932407266287668790027965
10.900821681471214219527610111982	11.288092876185844559699944511522
8.999343029238035640560156025458	16.804676415836638625478371977806
6.287944950094146889796320465393	10.377316211886553176668712694664
11.890569157281696277550508966669	11.110247149127893351305829128250
14.980587043196434748892897914629	1.315374126140209654067803057842
9.708969755809981450056511675939	0.732373953777196717851438734215
5.261051481829057685501993546495	17.348208108783303771360806422308
7.909914556578780064910461078398	3.729272279742917639566712750820
6.576000255169308417180218384601	19.884041535049668425472191302106
6.151800939735848849920785141876	13.583812825805994251027186692227
12.921668852779582437051431043074	6.072055165256353248537379840855
8.910058974350418381504823628347	4.036952672096969507720132241957
10.048752101872519659764293464832	18.996150611510703498652219423093
11.322324517650681485747554688714	15.100889536182977579414909996558
15.351923165673671434205971308984	12.383522976442625562754074053373
16.026197144784550374652098980732	16.434600178722423180488476646133
3.160828813405855974849600897869	9.546411661255556069249905704055
2.264511834255063860155132715590	0.777560217026859179512143782631
17.788508922093946296172362053767	17.101413930091212023398838937283
6.611443600747902493708352267276	3.570967617136826532941995537840
14.790038971950528079446485207882	11.204183356411242300509911729023
4.792434083815102496828330913559	10.865130567782934178922005230561
15.715585502292540809321508277208	6.806041046690744167335651582107
17.664593956301800403707602526993	7.573267120301246713154341705376
16.761506056492567751092792605050	0.309386936527329403645580896409
7.162666181315806568363768747076	3.721309647725608904522687225835
10.084980050588763234031830506865	4.763914862688615414754167431965
9.262972779753276597602962283418	11.380490899269872784316248726100
12.083741456125576263502807705663	11.666779163448579126338700007182
5.976888348604783018913622072432	10.990560194026594231786475575063
3.434263925418638230269152700203	17.185522395638475501300490577705
13.849879580631506925669782503974	13.872032065610428119839525606949
5.075299399717472681459184968844	1.766907774683839082996428260230
15.350119271734831372100416047033	12.546755581686372948979624197818
11.245256863051539042430704284925	8.949229886922250187808458576910
9.731412073831526399203539767768	12.401885796836435105205964646302
7.765053374886790926723278971622	4.467716055571989031136581616011
17.234846904846680359923993819393	18.930233254985186164276456111111
4.903830768301416398458059120458	18.513485093571201645090695819817
1.158055774828631312445281764667	0.681779895096620291994327089924
18.279359175501767253990692552179	10.559813361789906593912746757269
7.249420766130271864824408112327	12.870384127424033593456442758907
16.307614812492154499068419681862	10.956012819962404947204959171358
9.861047471232703642840533575509	13.516363615128218711447516398039
10.677181507162952556200252729468	10.209941950632591911585222987924
12.527569937649637665799673413858	16.655234808490490650001447647810
18.512396581403528728060337016359	16.768517876340130356993540772237
15.664091151213344943471383885480	2.695633805840599528380607807776
5.870853597352077457571795093827	11.772060647269070088327680423390
2.712998308486081810997347929515	6.978844553579509835117278271355
5.427908358094576612984383245930	0.600486155953410261076896858867
15.412980452864754710162742412649	14.785502807320620277664602326695
3.218239653900099028760450892150	9.953305585833117419269910897128
16.703170759734472738955446402542	10.640640173881024566071573644876
11.503241098967887268145204870962	0.101334936903479944092509867914
0.638598091130139211557548151177	10.484390180179033791318943258375
6.680671191457960844672925304621	10.634934810352152823043070384301
3.511302402951440804201865830692	15.427457270867169114580974564888
4.422319564394073587720868090400	7.380143999741168414630010374822
2.327665146803843398970457201358	15.585455229083912342957773944363
19.092901286457117038253272767179	19.576033671718622741764193051495
1.620720214662620950463178814971	18.451053460240618875332074821927
8.734720742556607575579619151540	7.975220064786027407421897805762
4.015095303583224861654343840200	5.765040527881079235328343202127
17.996306513030770446448514121585	6.854370160986213100784425478196
8.132864319178448653246960020624	12.484202614700597777641633001622
