75
7.502990866456145546692368952790	9.084136545124115613702997507062
0.056120952502908050263386030565	7.290806617720644311475552967750
10.960675183979601499117961793672	2.762507203884420725614745606435
10.894683184121072727634782495443	2.375160137516465486129391138093
5.221601749282896776094275992364	7.616839458443066313009239820531
3.489182336566371667174735193839	1.855851881482318166405320880585
9.957655273942329188230360159650	9.370603535650232629450329113752
9.607343501392646700764998968225	9.094260628786372535614646039903
1.331282432831239592729843934649	1.481145047364474942597212248074
14.741553061866945029123598942533	9.064899892297750838565661979374
17.334706051115507108306701411493	6.179594871961021418371728941565
0.471182872308016253981577392551	13.504453041335887419904793205205
19.617909303721379643548061721958	12.344388163462005181258973607328
0.411158493722108886458954657428	6.911634760328209559077095036628
4.930618127025954144926345179556	8.339645388508680312611431872938
15.944033318934291543200743035413	13.400020907736644559804517484736
14.823409879776059838718538230751	13.049808962918332255753739445936
18.775976573473197817065738490783	14.846554479742971821565333812032
12.145175466198264047079646843486	18.728681255498933921899151755497
11.280925586755639500324832624756	3.674957469635167672805664551561
15.071968712055605621458198584151	11.632860881572565148189823958091
4.866109186506610839728637074586	3.974057666690328005643095821142
8.688358640934836785163497552276	6.863568436754096779850442544557
18.226535059674496608295157784596	13.092213150572710844699031440541
12.509331068888416282902653620113	11.588309492419213597713678609580
12.634018641265923221794764685910	10.809701694479789679803616309073
4.834184514047811909165375254815	7.782275217526192001571416767547
14.970420599122167715222531114705	11.090000171145785401449757046066
4.589742936445760257413439830998	1.322930982259481025309355572972
4.921186349588420050338299915893	18.471567957535135917623847490177
7.712901461118957691098785289796	15.517225438592655351044413691852
13.871978363237330356128040875774	6.373761709533310337860712024849
10.677820037300730149354421882890	18.580045658987707213327666977420
3.105051819558607206772649078630	7.082295924104967888013106858125
4.167233309315278688700345810503	16.226923754290854873261196189560
8.292214016416849631241348106414	17.481621146314310522029700223356
15.734276334927386642448254860938	15.341436880552411281541935750283
14.694521515251226517762006551493	16.145762739703073407326883170754
12.481330235153626162514228781220	13.037674158929494439007612527348
6.594284847429280560504594177473	18.033025724967036040879975189455
2.110655453203817533136543715955	6.777953599875113255279757140670
3.303458515609476897623153490713	9.877534187540740973076935915742
10.164249389288698921518516726792	9.844321345638874731776013504714
16.600429416569028262529172934592	5.398441063414437302014903252712
8.636981604580224569644997245632	4.091997380633922709591843158705
11.973776036491132757078048598487	6.928013914648226467818403762067
9.963938258844279971526702865958	5.347666158038754780079671036219
0.953500020565274608586037174973	1.331751219084266635306335047062
14.171521202974092901172298297752	19.088981465777671076011756667867
16.885751469733563112640695180744	13.633211202551272833716211607680
18.366342983002969191375086666085	9.302559067409092108391632791609
4.360505175806056676890420931159	16.559228195977809150463144760579
12.075253648453184496247558854520	9.198379022248994729693549743388
10.296151907083785914664986194111	18.606102851035579703875555424020
12.503865999416097665175584552344	14.618432014678839792054532153998
8.507357007081793653924250975251	14.760684562377930362231381877791
15.819954254308520091854006750509	12.532419678138884577833778166678
2.610727698815256125897121819435	1.581248445155975401732462159998
16.704565336061467206718589295633	18.982158826015709252033047960140
15.899379169860294425120628147852	0.193809373044262933660775161115
17.834447803750052230498113203794	17.399934790790045013864073553123
17.225442355647558656528417486697	18.698893363505398212964792037383
10.201227954598396152618988708127	3.782906660264027109974449558649
11.033994959535107227566186338663	9.342147116565003628352314990479
16.950421094511384012548660393804	15.100360591923767117350507760420
7.638203108980125222160495468415	2.925270663823555938876097570756
18.573836687543636259078994044103	15.113948663169077590850974956993
4.256259244415210751810718647903	6.721837135253675654666949412785
19.961584178304615733168247970752	16.205517370493318196622567484155
11.453500867510591376685624709353	4.130015945009264832776807452319
6.924280735461721292267611715943	9.570303946256842664297437295318
9.736022347655909570107723993715	4.854262525327730948276894196169
7.948998812263209146067310939543	6.317409181219642455573648476275
13.816504600606434038922998297494	14.158403481959334513362591678742
5.229103652914242950089374062372	13.035843296699288984541453828570
13.328661552406259716008207760751	1.232152886476613806721047694737
16.953461551751065172766175237484	3.126077546525007466726719940198
8.997290118925688418016761715990	9.108182148526324795057007577270
16.296128469952893880190458730794	17.411823384342948628500380436890
12.733931020619721152797865215689	18.113060575986565936545957811177
11.388888371594143578136026917491	2.888927199856068828154320726753
4.192301797022153664329380262643	7.618817309497330825251992791891
12.054881386430867706849312526174	19.397074248483821889976752572693
6.531240605559220924192231905181	7.347710017987052921739632438403
3.117696511801447467604475605185	5.906965918159854389557494869223
15.052501920645184441127639729530	2.506588617002226460073188718525
8.015749692712029528252060117666	15.734646125399372351694182725623
14.320745764781930731146530888509	6.502982582707748981931672460632
10.597223021743605642086549778469	13.585485766875308399903587996960
4.978235218575814968744452926330	14.774656726862653854936979769263
5.905283805671213137600261688931	15.544374855317359518380726512987
13.908328493570760286957010976039	5.167261794465973778756051615346
13.611598203101035409190444624983	11.720232237445504352990610641427
8.647501309029607341472001280636	13.029184343685695779413435957395
10.496018946863534537783380073961	12.553160199945409658539574593306
3.034096005533195139491908776108	19.120272786307992873844341374934
8.503251019765574625353110604919	10.246599265536234568685358681250
13.362262708895002560893772169948	9.940530187331333422662282828242
3.587994124744779966817986860406	11.782704416252762769090622896329
19.079410924031932950128975789994	8.216804471088916983489980339073
14.904826436206162654229956388008	17.553028027884433726057977764867
1.457141834128521384883470091154	12.479742292075718168575804156717
14.466151205826587755609580199234	0.587831101222588747745589898841
4.941481973176189868013352679554	3.511685795892519834637823805679
4.399244783404327563403057865798	10.444477157774128883716002746951
15.173763147223807479235802020412	10.583995756479925631765581783839
4.825740058950720445807291980600	11.200632916754628354283340740949
13.197648102229594613277185999323	12.779419681390951524235788383521
6.031817282726644080526057223324	18.404687466392729788822180125862
8.324838149096814632343921402935	17.819477512613797642870849813335
10.270807912446198173483935534023	14.221791526870532607063069008291
11.430560034377009515083045698702	11.390681312569181926619421574287
10.293055793774172457233362365514	17.125722298887357197827441268601
15.215691583665313046935807506088	18.613603834801764946860203053802
4.833570179888874385198960226262	3.308464165731630934885743045015
11.196965263868442264083569170907	4.479051580853965930373306036927
2.637790041214902458932556328364	3.282381027559660768844196354621
5.621939353836636676930993417045	8.001748720958328675578741240315
3.164427153630885669599592802115	10.180252677618737422449157747906
12.386873252008792078981969098095	13.660448787132709824732046399731
11.870088766048937145569652784616	19.960441033864356086269253864884
3.120595720046767773681040125666	8.703238527188949191781830450054
14.052659538790722493217799637932	19.334771756799629116585492738523
0.215381758293204716991908753698	9.451614702862022099338901170995
0.074412236924559005402102229709	1.650795175743699605419578801957
12.514987993784366437921562464908	5.291100106792264057276042876765
10.035261927978417872964200796559	0.500230927327182328667731781024
7.198951416783779144736854505027	2.063761988422194271208809368545
6.303441652339145662153896410018	10.384917009064634996207132644486
6.597899871869495669329808151815	15.611110658542390439151859027334
7.934205199742125458328700915445	13.924800849147345616074744611979
8.166822437922292010625824332237	14.818531077475302737411766429432
2.261688902015905444642385191401	13.845806338908671406784378632437
7.304840216799403762593101419043	17.719786798449952414102881448343
8.438165712665270490333568886854	8.830609902151463685981980233919
2.300247171860389627795484557282	14.092757728820728857499489095062
17.386283110272739094170901807956	14.154806456371243683634020271711
12.646307673633858215112013567705	5.730434935635797089048537600320
5.980987847427333470307075913297	16.300758760693291549159766873345
12.454934009588155774395090702455	7.942229845366476581602910300717
3.543000092305120585223221496562	11.538732504599416017754265340045
5.787540140112009012796079332475	17.572786773350681954752872115932
5.847034014604334473119706672151	10.947185473266872079989298072178
17.098468250786165611998512758873	15.754319436335070037102923379280
1.840623753747588242646315848106	14.326321292212620406303358322475
10.217397152972871765541640343145	14.051753628820643271524204465095
7.875827988971430215769942151383	6.753182711586465991615568782436
16.709071982406204170956698362716	18.585174086549923089251024066471
3.093618909528060179070507729193	4.354055712329733651699825713877
9.994726557669268984795962751377	2.060814827686641592663363553584
4.096966621235834438152778602671	7.983176495419748164295015158132
13.099757365393704944267483369913	17.645649449453948420796223217621
1.782261413707255215399527514819	10.875577064965472828816928085871
3.793321626820635561472272456740	18.871482559778996801469475030899
13.158344112713328044605987088289	8.131407729755670388271937554237
13.696478683586763125390461937059	6.550670535029210483912720519584
19.251847948839930779740825528279	8.510103215947419030840137565974
9.450039198216394709106680238619	15.266764425021527529224840691313
7.360667907878934101972845382988	12.035579776678337893258685653564
4.806916896149336260180007229792	7.219022011752721290633871831233
8.274296179845235243988099682610	17.258249709837478746976557886228
15.374437960461856178540074324701	8.885027900784836063508009829093
17.299446678097073260005345218815	11.845288290453122925782736274414
4.495734358105168304575727233896	16.054673581598354559218932990916
15.797864193517446196324272023048	0.233357650818780015811171324458
11.711411244022629674077506933827	10.578251736661185233856485865545
11.234731826110790464667843480129	6.023230724167018657055905350717
13.816592044583845932947951951064	8.738532631103174352915630151983
9.212664268407415590900200186297	13.172380383657950275733128364664
15.191886627194353565073470235802	6.796177796761384115598048083484
11.520889914546796006789008970372	4.970340238013663203275882551679
13.537554191607652498419156472664	0.166388211507364491836824527127
6.377803363789485757706643198617	1.644679601576497507409158060909
15.617953309935943551067794032861	3.338782470939163360412749170791
2.856936190210180193105315993307	15.106604412313611618401409941725
7.785163465935168503051500010770	14.195591593070696845302336441819
1.308797695944146521895845580730	17.015035514063644228599514462985
6.691792174024656425501689227531	17.144340405881003164267895044759
7.849579383410898003603506367654	12.752926213056701598702602495905
15.119543664184579512266282108612	14.378420161123024456628627376631
1.646809457002899490518643688119	15.936193531039020143680318142287
10.861530169045124694093829020858	1.679821736964939082881187459861
9.995263174452592380703208618797	4.293480261931160946176078141434
10.750542368186016162212581548374	17.989822279909084556948073441163
14.087444140372891610013539320789	3.439894554323448261357043520547
5.195458394343885011323891376378	4.964980442079036215830001310678
0.938515494549130524504221284587	3.273690390721098797399690738530
9.296906788336842808462279208470	11.321241906768332086130612879060
6.281697131969561809228252968751	2.315594477835560827116978543927
14.016440938538577754002290021162	7.885582594927284638686160178622
5.631992596662851902067359333159	11.867673945722629014198901131749
18.585272762761409381937482976355	10.819765815941476461148340604268
6.338490904476520526600324956235	4.138320089833763759656903857831
4.171468913377013976173657283653	9.831787404364121130129205994308
12.385215295889885567248711595312	5.390284758458185443430465966230
17.084403029717034172563216998242	13.374174841177703498829032469075
8.886613690379796537399670341983	0.574166834825005967246625004918
11.079126663598620083917012379970	14.581676803111580653649070882238
6.571274776493706504254532774212	6.229006785063959661385979416082
3.412940489937458021785232631373	17.189273792243064065132784890011
9.493819550380631966390865272842	19.507168003085745056068844860420
9.955941805484993523123193881474	5.122586471197988267078926583054
7.984930770405316735605083522387	11.549622313057046341100431163795
8.466266630164327011698333080858	13.182995867477822926616681797896
1.917625674424698445363901555538	3.811688801400400006258450957830
1.961978846935860998357270545966	9.807581331331137519669027824420
6.605136274767364312765494105406	5.824962506517317173404535424197
7.399291852014314052610188809922	9.216491281029645321609677921515
6.838066299486678545349604974035	9.011576586780449815705651417375
17.129365525614083765049144858494	7.933004830533329609920656366739
17.267567422015968503501426312141	10.466343416542610356145814876072
3.302851473314130092973073260509	5.207100747553397468436742201447
6.142324133275608666338030161569	0.772656772489720422569803304214
12.595775232144335475936713919509	7.067673249590480821780147380196
16.957207246323839910928654717281	19.175998251912055536649859277532
6.314928210974423805623700900469	2.345288151608095894573580153519
7.495356487782114385254317312501	10.122716173254687532789830584079
17.096552353483129849109900533222	1.601836272189069099169955734396
12.920096704715188451473295572214	2.937269353005751426621827704366
18.148273728581461483599923667498	4.953957832941153327510619419627
6.972961284342677146241840091534	17.562483102825392933254988747649
11.033709993074355182329782110173	9.327681009038107262654193618800
9.872240008952635648142859281506	2.473533062520865133393499490921
5.429801548394554977505777060287	12.849455151581008038874642807059
19.781097469711408365355964633636	2.317701281336465246596389988554
9.211066541284580466708575841039	12.983089006479833216189945233054
7.119844361348294903280020662351	17.062890247506956598044780548662
6.100687808552944346729418612085	2.250816852421595903877005184768
19.629833235480152353602534276433	9.170352512238016728929324017372
0.641978888563451866033915393928	10.415329728314242530018418619875
3.622179588170954200876394679653	1.981222938937569733042209918494
12.083236242729519460681331111118	7.387953794936447771135590301128
1.298574551806387367136608190776	9.011979793758937873349168512505
16.069026910437496979966454091482	4.999540771218168977441109745996
18.301416404673283011561579769477	2.530815977258561666474179219222
0.060333427462566868726412394608	6.393821563388216056011970067630
17.945312353576209574157473980449	7.098121910374096010798439237988
4.751932145927490580561425304040	19.289456421128676311127492226660
14.740097270160426035090495133772	13.203350166894630035585578298196
5.347261350619871400624560919823	4.886396780898484948352233914193
6.662711630400748319402737251949	18.575092815392011402764183003455
4.973904462966883599506218160968	5.855505400567309948201000224799
5.364237662751072832634235965088	4.889365003541782606077958917012
16.206681516446426627453547553159	16.221927860758430739451796398498
19.844360631674710759853041963652	6.928218125869106458480928267818
0.627597947497448460651980894909	14.187744740035439505732028919738
14.755381053543636937774863326922	19.725362265677429007837417884730
10.967065473538275099940619838890	6.509022944040163238810237089638
4.702555241839907473888615641044	8.799350286494785677859908901155
9.045168793333207446494270698167	8.786172459247623578448838088661
15.815516964159119339683456928469	11.322157189455838377512009174097
17.039234917501424604324711253867	10.113315553739404606403695652261
5.705130650733044817002337367740	6.564867207761389877873625664506
2.207770363888913678351855196524	7.457125588550878703131274960469
11.580008602621706614854701911099	8.859958028107577376886183628812
6.571038728502712977785904513439	2.032360151700772554761442734161
6.185734358683067313222636585124	18.558043159295813495646143564954
18.105936044375415150398112018593	16.273694387361498314703567302786
4.992588669732316297711349761812	12.689303548645286312535063188989
16.315191759427627005152316996828	11.256413385776959046324918745086
14.352618513734073601995078206528	3.687242437197601585552320102579
10.039817339423601438852529099677	1.553786372066631171762196572672
9.163882613280447841930254071485	7.310911002688036397501036844915
9.588797838577239218693648581393	12.405883588197477607195651216898
8.532524156695917127990469452925	17.209865476413384044462873134762
3.824401049066216806693319085753	2.554138348619093612512642721413
14.414875628816739450144268630538	16.168320633471552127957693301141
17.393478762571412232773582218215	11.678766376689246442310832208022
16.343497994257489835945307277143	15.214199186975518429676412779372
8.209301734233998004697241412941	9.600228781166405767066862608772
6.507376807178341771020768646849	15.396863574469840330039005493745
10.344507308137812273685085528996	17.005230612099918374724438763224
11.618015793740523733390546112787	5.426970260202835127927301073214
3.506068234349851930886643458507	11.737405520198873176695997244678
6.911225575641430474149728979683	16.321168588369854290931471041404
12.260914547377055328070127870888	14.042756724736587869983850396238
4.629489066159496957197916344739	12.694762003476595779716262768488
11.468511694187744964779085421469	9.112358917545677172711293678731
10.041079508701036715478949190583	19.989380057029450199479470029473
3.843551179903703207685339293675	8.292608463440254595866463205311
1.989945810059782882461831832188	19.793890501718724550528349936940
15.935848269806232480050312005915	13.876672878771755037519142206293
6.326692848522314172043934377143	4.629851952878052401274544536136
16.286212259075348640635638730600	1.465502805518702267306707653916
17.075742556356686918661580421031	1.470911002083204799362192716217
7.506098531906602033814124297351	11.957854951669276033499045297503
12.237411758141856665815794258378	0.948489798007669415724762984610
7.567202077320957620543140365044	18.610941059298625077644828706980
11.482554609207872076126477622893	16.911217938378154457268465193920
1.823211042472781429069073055871	3.098342249438042372844392957631
4.152994293937807057659483689349	11.163639369300552672825688205194
8.188258320011092550316789129283	10.515123676007531727805144328158
1.073056680858204714468229212798	9.963851066971889380852189788129
0.497766272200462100983031632495	13.689656339048562827542809827719
18.167683453122613457253464730456	3.013907080798670534704797319137
9.629703693995956825801840750501	7.056510458123768536609077273170
11.866302139906371948541163874324	12.707071016861682721810211660340
5.361725569813208913672042399412	17.763586906603205051169425132684
4.110617010702326545867890672525	17.044187425385533884991673403420
12.130556425580540036435195361264	3.348102428729881285818237302010
