75
9.104632568005605719463346758857	11.611573477911344198787446657661
11.701076598000968331803051114548	10.951170635872385261677663947921
12.029694274519108887488982873037	12.659720205410920357280701864511
14.078563998462600537209254980553	12.979291296405044420225749490783
13.504180562130962073297268943861	8.626712308003291695968073327094
13.337576106217310822898980404716	8.316368594929993918185573420487
17.199181626415295909282576758415	2.987396077404722571912998319021
4.424138186883890710987543570809	8.704725199482075126411473320331
17.883771963749804712051627575420	4.586003927908443245087255490944
6.772997262818501340575494396035	10.657169223472424235410471737850
0.690152930509705386796781567682	6.346798750676695632932933222037
9.182587306211768662933536688797	15.532659531277698050644175964408
0.898686469245159269547684743884	15.980209572722586131021671462804
8.168401912228171468655091302935	11.158047003298303678775482694618
12.543610204257461759880243334919	14.353840239395253775001037865877
0.477983526506851941206832634634	2.284968773177510126259903699975
9.894329121844458896362084487919	12.052182470691974458532058633864
1.278556389969914608428780411487	11.517175406043852703419361205306
14.101232474371139247182327380870	8.267412034501004924891276459675
1.994310019268954459192855210858	14.365684954849069043802956002764
12.817168022902267310314528003801	1.062947203924169858879622552195
6.415711667455839872786782507319	18.123309888232181918965579825453
17.515530063834333418526512105018	7.775613020708560085836325015407
19.664982142699408029784535756335	6.448625961370780146353354211897
7.035097935714261119244383735349	19.541400428027802860242445603944
18.039998206182694673316291300580	15.087230441105040412708149233367
7.481428201356404628086238517426	10.437829453442743599111963703763
13.506719016856489901101667783223	6.318459255611013070108583633555
12.726849247290404676391517568845	15.924637683986810898773001099471
12.479051169521449438093441131059	12.315521477111781578628324496094
11.181267463906010561913717538118	18.130828948158100644150181324221
12.529244272743325083752097270917	13.749713979156634735545594594441
13.700707491109136881846097821835	9.590463788040032966364378808066
11.400577666044389602006958739366	13.750286877837126553458801936358
15.246583937529299745960997825023	8.719709915207792150226850935724
12.160986440944556719045976933558	8.806735354747756261417634959798
6.901473548434050364619452011539	10.650149537992545489828444260638
8.091735308751838218199736729730	4.041258482349580738457461848157
16.773299738759156696232821559533	13.657968863270275150512134132441
2.916111114160755413138303993037	4.559727743695280999247643194394
13.871227097555413720897377061192	13.929283218561034018989630567376
12.359727806280556450246876920573	3.609061873049702384719239489641
15.133820459290229010207440296654	4.942813775894872918570399633609
17.659022522638764485236606560647	17.817586674061789864254023996182
10.110367586735071299131050182041	7.777742499516175911367099615745
4.903027873796535374140148633160	6.313526316169681074086383887334
10.342148324428737993230242864229	3.255866606625044568090743268840
9.704568658584435070224571973085	8.050684823384786525934941892046
5.651345290985107183701074973214	13.357643604279903826181907788850
12.546034989694256012171535985544	6.850895938537332696682824462187
19.830966668026420052228786516935	3.883529417764147950720143853687
17.984572976491051576886093243957	12.788515699398594449576194165275
15.108275382790402829868980916217	16.692605515170885865927630220540
8.967677527248673285953373124357	6.411560393892147935446246265201
14.620082282566386311373207718134	2.743585087646492670643283418030
15.681161977148114772262488259003	5.388779135952077581350749824196
11.241673538484402428139219409786	16.042193655091658399669540813193
10.929413210003879441956087248400	10.227872437743556588429783005267
8.755558071457507196555525297299	14.242533181325072177969559561461
11.806962535317294893388861964922	11.681737630012015927150059724227
9.199828038677701158576383022591	6.728833287214379232921146467561
18.874578308681936533730549854226	2.004448459249179581576072450844
11.671004689333859261068937485106	0.821819132101073046570149926993
17.406469918478563840835704468191	9.014604856748650973941039410420
3.067083186372498548877274515689	12.878799403762517528093667351641
15.026443403149952970920821826439	16.289166906749258600939356256276
0.588892954309737426399351534201	1.793912917887715785525415412849
5.162646583646833597924796777079	15.919317537932530015609700058121
15.059793605169542018984429887496	13.174545960931290267126314574853
15.192066277366071957999338337686	10.950744648336256048537507012952
5.404646474960926205710620706668	6.480092706873642249831846129382
7.865423219269076504644999658922	11.088931419472446648910590738524
10.271510638721590424893292947672	1.925615173331186147365201577486
16.786495900016532800691493321210	14.991230541470246251378739543725
6.599282739686543663992779329419	14.121749196398321046785895305220
5.318033247156429332846983015770	13.608892346801050976523583813105
17.069217358257052552517052390613	17.600830472648386404443954234011
15.252077772468505045821984822396	8.386592969029761590604721277487
6.878436210290376884302077087341	17.503972935982293535062126466073
16.179516226749406371254735859111	18.467463976871847819438698934391
5.879945697434012075177633960266	3.566429515863907440120783576276
19.349949655581287544237056863494	13.103133917499100391523825237527
4.583028185184381264605235628551	11.484013349081797272788207919803
6.534923463692500433808163506910	8.539686313154982499895595537964
12.643111997713535998855149955489	11.712145808075398178971227025613
7.660758818263095903944304154720	7.828661863081363136984691664111
13.146274566836677166747904266231	2.893965968740511485179922601674
15.018916809058305616986217501108	17.914909908892095558030632673763
5.196851972247922724079671752406	0.718249584579063071743121327017
3.734965551496747693249744770583	8.058065484058007044154692266602
7.491422632990095920035855669994	13.958038658731865666595695074648
10.629772770264978021259594243020	7.571294623850413962884431384737
7.953904807812356203555737010902	10.340034293487656569254795613233
11.326607874755461935478706436697	12.871439301853857983815032639541
10.673080731341160642955401272047	13.506455296003810673255429719575
13.628190073534829807044843619224	10.358081245983546736511016206350
3.571857425391687712590282899328	12.461819332411456784370784589555
3.007918161313971161519020824926	7.575735105851865824888591305353
3.418543993403479142045853222953	14.097539893788905374094611033797
9.921024793976268796313888742588	9.220633237698967477058431541082
14.089464298339116510305757401511	7.871752847523073803870374831604
18.985954279215075501952014747076	6.256132099377747834978436003439
13.167357899838751933430103235878	4.715836386105369371080087148584
11.050021719731345726245308469515	6.082577281804318225510996853700
2.106942663205629617806380338152	5.401838812443537918284164334182
2.412597233807778351888373435941	1.055214291898377787504159641685
12.751472874578857030769540870097	6.202764309928746833122659154469
19.641960719855131145550330984406	9.424120757753028598813216376584
15.139615098559868755501156556420	4.125057086248697935104701173259
14.518963278017260165597690502182	10.314610395489477667751998524182
6.847184631511097130385223863414	9.796920156779187038864620262757
7.918547254711581828701127960812	5.715068837855421080007545242552
4.498136550966301605569697130704	18.954978956826010971781215630472
4.052427057305017399357893737033	2.459155534992747860201234288979
8.206899184321587270574127614964	2.437854573458814844144626476918
8.276208663981160285061378090177	11.223624642630868564197044179309
14.434544446024839103870363032911	13.721648093140235147302519180812
7.896501933187039412587182596326	7.800874006822487771728447114583
2.991802266291455403290910908254	11.380476878877148649849004868884
11.897124371296770917183494020719	10.679007114985564541598250798415
4.585393437782928849344443733571	0.858650965870878524199838466302
12.604418429171674986832840659190	9.232257380687423520271295274142
10.174752865191736717065396078397	9.009793704420903992513558478095
6.231603933620607271848257369129	10.912763990439019679001830809284
4.645775039410262152728137152735	11.213963410160292966111228452064
4.354451953751220294464019389125	9.698026777385699404021579539403
19.284520360104295377823291346431	4.384606095011275961326191463741
6.711217110130972329784526664298	7.431115729992693985650475951843
10.341549223144292923848297505174	8.263316109547712784433315391652
3.217816052748521116200208780356	14.114798408064444856790942139924
7.489295284765744575850021647057	16.540098141776766738075821194798
15.681683694928924666101011098363	18.935864601784768268544212332927
0.846324227765426151393057807581	9.845305179264846273667899367865
15.534994770232668059861680376343	5.867034863073676831390912411734
3.426552180954248960631502995966	16.804964053947916369224913069047
8.950589638486615484680442023091	13.656325596312417047784038004465
19.482443569452243536943569779396	17.376196298373514537161099724472
6.106520835063208529902567534009	17.059403311237499423214103444479
19.815105881854439218159313895740	6.837372189428989166515293618431
16.112635848433651375444242148660	9.644108226527473348710373102222
5.639102162191774958444057119777	14.814729069731448873881163308397
14.722012348288529892670339904726	8.289947937600292249271660693921
1.361895986908619571309486673272	8.016778097920870038706198101863
14.296026323974752259005072119180	5.156997260360027368619739718270
12.808896533379762416871017194353	3.960040203364637356742150586797
7.992146262832029002254330407595	11.617184914403139828209532424808
15.781963889830320724172452173661	13.409197545459477396434522233903
9.009465458054684461330907652155	6.561364951150924440526068792678
3.092878080454310563141007150989	9.110822192424986809555775835179
0.929920555601421394698036237969	7.734253517748399531228642445058
6.415183268817362005620452691801	17.609141192256668517757134395652
12.916595025824918252510542515665	10.147079970318712227594915020745
18.840174557523724274687992874533	6.129177970413417497752561757807
9.763401719676064516306723817252	15.811557790272107837381554418243
9.201698575861062323610894964077	13.267495866336163956589189183433
19.599716786914541444275528192520	16.521225763489102433823063620366
13.937536167292449817978194914758	11.218431698573642307792397332378
18.183908777639810949722232180648	9.449737027952762602467373653781
18.766397908725100052151901763864	7.599313933356572015043184364913
4.094264424421682591059834521729	12.155365239955749245837068883702
10.650181354646244713535452319775	7.706238873580417703124112449586
13.300101717789633681832128786482	1.606757563538109945255882848869
10.407466029479857994033409340773	5.009516042837954152844304189784
2.759004589527334072585063040606	13.982835839751974305045223445632
6.879629335617151397741508844774	10.581489561225691176105101476423
11.372206777409903821762782172300	1.469543591905942303554866157356
15.031232879234371679899595619645	12.688991343261205813064407266211
18.717091377299862386962558957748	19.118013924711100059994350885972
9.801865669519864709968715033028	11.619046637309944358662505692337
7.003575716551223351302724040579	7.829701962485090760424100153614
14.347868350251822278096369700506	18.315327502172426221704881754704
6.680197725590657498173641215544	18.034348498621429968125084997155
8.056375296967491550503837061115	11.419943944639452837463977630250
5.093063532554846339905907370849	18.342109298226056068870093440637
12.080290998932325052805936138611	13.719228115888931540666817454621
16.889035800834413691973168170080	15.048108247231507306196363060735
17.268359403018727959988609654829	17.941060071486703009213670156896
8.283007014273865209474934090395	15.279303626970310858723678393289
17.952584252767280759144341573119	5.414063371243311273417475604219
13.662285393987586346042917284649	7.482717275845544691037503071129
12.868629653056316897163924295455	9.323516932439529725229476753157
7.522277340539312184830578189576	1.513354832380711334494094444381
14.621544990537174157907429616898	14.449939551030878348569785885047
11.205889209807121886797176557593	3.466743061959669969240849241032
1.396447668281436182979859950137	15.873479093847274512540934665594
2.327116646160101609552839363459	14.602542955919670220055195386522
13.147152333967786930202237272169	11.130916400856184722556463384535
11.510775614659138454953790642321	19.907446197195241666122456081212
7.546961324454968256247866520425	4.736610034085084741661830776138
16.604459796689472028674572356977	2.828665334176817758304878225317
6.318128120767791067180496611400	18.962367950876942046534168184735
7.718011508046370039437533705495	18.286100038361549735554945073090
14.588263524074321253465313930064	4.393856727783809645870860549621
9.634823208084966950082161929458	0.901113856659553347228097663901
7.729193506435031224555132212117	5.430880687442073195825287257321
15.603022540634219339494848100003	10.104495549217057615010162407998
2.277637950587247495093379257014	8.184263227701302767513880098704
16.213650948451697075824995408766	6.875696218609514076547384320293
16.298966795544700403297611046582	16.839841286857254232245395542122
9.347022261844944779340949025936	14.606153837251650173811867716722
11.781238457362084304236304888036	12.951386318922141427378846856300
11.854001012768023315402388107032	10.564456643348211883903786656447
7.347859965518038549703305761795	4.462859461010004302750076021766
15.743540179534775802494550589472	14.053093766259847186006481933873
10.893721620924599946533817274030	15.320060458805917491531545238104
0.290349022830871605904690113675	13.323647587362975386326979787555
14.292158007237835803948655666318	15.903264567775776683333788241725
17.481227624475653925628648721613	2.913482619175533194777472090209
12.735239122626470731347581022419	17.990564595698284477975903428160
14.925269709801026962736614223104	9.015672090420657980303076328710
16.928045788667549942374535021372	1.994896209464205760752975038486
9.349469071852277934908670431469	11.951134640610771242563714622520
7.974454026006287499228619708447	16.876714802649264157707875710912
6.618924406403828619716023240471	11.537644671937853146914676472079
15.726480035855221473184428759851	12.645417082955882293049398867879
15.052935557558358325991321180481	1.942406294595531601743232386070
10.590106990195351954753277823329	8.610488331158805408449552487582
12.000255034726530212196848879103	5.816477456980630122984621266369
13.550410021121937376165078603663	12.875479970692463638215485843830
0.611623631541015511103864810138	10.676308487187133877682754246052
3.260490958206892386783692927565	11.121652228688638786024966975674
12.094114316771122474847288685851	6.215806016689572999212032300420
9.239230257225163001066903234459	10.440843573697613066997291753069
1.825507095773749810518893355038	4.673123040378650117077086179052
13.723253558034507193497120169923	11.005052283716119987388992740307
6.192925255082768920544822321972	1.755491450062458547165533673251
14.586351267944673182341830397490	15.676121324636422826870330027305
4.563403179461870351474317430984	6.917529122321330881106860033469
17.075438021203577676487839198671	15.643490893004367237040241889190
17.847238498925779737191987806000	8.999954964204745166966858960222
5.779402880885100124430664436659	0.108619057327125956291524744302
8.712741122165148510703147621825	6.939985256515393885479170421604
9.745217560989100746837721089832	8.895947630154683594128073309548
3.359177900700611729689626372419	0.610878226159945914019999690936
16.134220043952431922207324532792	10.575309022296515593097865348682
9.825052568368274563681552535854	0.208771990088538306196142002591
17.833255823079287694099548389204	11.034599757104629702553211245686
6.896406118380911109966291405726	17.226408024915887295946959056892
4.992901249457490031602446833858	2.181319238205068344882420205977
18.290905519327488093495048815385	4.027142387712157045598360127769
15.743492491020520063216281414498	6.800398921534238638741953764111
5.695694187381001860615015175426	13.937944740452183012280329421628
10.509842822947966567426192341372	3.444725207581940118473085021833
9.169818377678824461440854065586	15.512144293503682845880575769115
7.910502103168198573257541283965	17.063550249569807704119739355519
6.974899012528663178045462700538	10.868424101233422618406621040776
1.084544896743786734916170644283	4.775801958638929534117778530344
16.652177469103421003637777175754	7.296741554920228800540371594252
11.262301271220589882204876630567	19.914913177485232154140248894691
16.190483597131933635182576836087	7.773985921667889265052053815452
14.559387194035112500500872556586	15.398508016820777299926703562960
2.828645611909866186550743805128	9.806729518728356964629711001180
19.164966884588231721409101737663	6.301639868331291971514929173281
19.117813616425127776210501906462	13.218090769282918373050961236004
1.646455282514025508788790830295	2.674111724576854420831750758225
5.157516393800258391877378016943	18.599719970178224315304760239087
16.720150754268210846475994912907	3.983140600920061391576609821641
5.974505374397704571265421691351	16.411960496347269611305819125846
6.489165458246093365346496284474	6.442453945928462211156784178456
12.750259481640997094586964522023	13.301948129749593618953440454789
7.751442503951995632860416662879	16.418545483607207557952278875746
16.134908814448877478753274772316	10.125687605403655311420152429491
10.561035405636719275435098097660	16.938211955695855692738405195996
6.059739889198898943334370414959	8.694764290564311437492506229319
8.081705975559557941778621170670	0.745734277050084992666256766825
19.012131888718602823473702301271	7.959694825886211688725779822562
6.744344272813713736525187414372	19.676693183247401464086578926072
11.043444263968739349479619704653	18.691735916356932989401684608310
10.601812175178372044115349126514	9.684392131343692255995847517624
16.871602269746244218140418524854	9.548332581717483336092300305609
7.692565782744726021746828337200	6.266574677996191056195129931439
18.511823943024531047285563545302	18.537129537272203805287063005380
7.362128752882716398175944050308	7.595917819290462169590227858862
0.407009007302060243915775572532	7.703347965594344870510212786030
9.451408202204985897765254776459	13.927543942595240977766479772981
6.985400445589474927032824780326	5.973564445765372710184237803333
5.344128690757216304518806282431	0.094939982885708040782901662169
16.849984085926863031090761069208	12.360674995608547988013015128672
6.805139662001248090916760702385	13.303192366685433256634496501647
3.585938141417579494429901387775	4.468847694190610120301698771073
12.279347294784260569144862529356	2.675156862938694146691886999179
7.198834214245028562118022819050	7.785231643735335715916789922630
14.248815989203334808621548290830	9.994527872546981939194665756077
0.378728744329439148685878535616	8.684885885394258764335972955450
3.066658583992075026714019259089	14.712691353489686818534210033249
11.490291430058213961729052243754	3.417148948286056864276361011434
5.607773562009263912386813899502	15.174725240709438622843663324602
10.303347847439679796366363007110	11.011866665158457578854722669348
10.666152710688539428929288988002	2.372862671271840806497266385122
9.262444680879333702705480391160	17.797434905208284305899724131450
18.877430370003370541098774992861	17.107556617330885728733846917748
2.347808096140929556838727876311	8.981884861676153519738363684155
10.767708319762229862703861726914	16.322645019019844880858727265149
5.220490865364006083382264478132	5.181916058246599732228787615895
5.010914053024108305578465660801	16.994482230969783387308780220337
18.311563154129146369086811318994	7.732824763578728166635301022325
1.965830885193149191181305468490	13.217122434136630459988737129606
12.881812063709539017963834339753	17.288324326395191121719108195975
2.383390076379175326337644946761	0.390587703245379946892512634804
15.141651912630706533491320442408	9.609486843452774706975105800666
