75
16.740949149219662928089746856131	17.506755515451239091362367616966
5.826703058273219326679281948600	2.070564013194033048392839191365
18.499944878690197214154977700673	3.190312767627561996164331503678
16.164050513997754165984588325955	15.750763170302825244561972795054
8.482931096070478460546837595757	19.781952364857147586008068174124
17.681139499625750488576159114018	7.669093089442189814519679202931
4.404388370609326308624531520763	7.684884926471767130351508967578
12.154333869392818456844906904735	13.368120881720523485114426875953
5.290324159189783159717990201898	6.473948581734912721685759606771
6.281261325292968322742126474623	14.144245886479547280600854719523
5.417841715610811625936094060307	9.552413020544642918707722856198
17.544172721544459392362114158459	7.528327401156460041420359630138
9.305564261235893752655101707205	7.556965883090949631650801165961
3.544957992444062178094554838026	5.165377336505387440013237210223
11.310164674560263975422458315734	8.502018249226432899945393728558
10.483554452104725029926157731097	10.696780935352908414870398701169
13.905875169631867649400192021858	5.709781599086008796462010650430
0.677986015334251401753817845020	19.271303613236177909584512235597
0.169776084160210283258152230701	10.604293257254330029581979033537
14.073625407577146972926129819825	6.098602985498628115124120085966
12.041487593576139403239722014405	10.559613565754371933280708617531
5.980822548303081909182310482720	15.372758151396144654654563055374
10.761375704465161007306051033083	5.245530046597355777748816763051
8.518393843784124896956200245768	11.010920102377280471728226984851
13.225394187772360865551490860526	19.570584845929207773451707907952
18.333594297319283583647120394744	13.479001923763251014065644994844
10.335319149264906357643667433877	10.297745278551223790941548941191
16.291029966883023405443964293227	18.313167563493500722415774362162
18.379762795960854049326371750794	9.299927030008110051539915730245
11.125573468596073212211194913834	1.073519404538513022373535932275
14.835214668424228534604480955750	14.880101245802425324882278800942
0.633408962055725943685047241161	15.136934170051542736246119602583
16.766590512286565939348292886280	14.021089973899700353854314016644
0.266719510865313536029930219229	3.284196385231195947085325315129
5.317488268235530668448518554214	15.571117295731392360380596073810
10.750988839641831162907692487352	6.603673869003771734753627242753
0.343611598472892465494510361168	2.218766674402933958276662451681
12.844634212333613021428391220979	2.905452276092415520025724617881
18.389432593271724414307755068876	8.805101573741962894814605533611
12.119910218226646492212239536457	4.165080614894593580288528755773
8.349249894081568257320213888306	13.198133391720167750804648676421
2.522017243443500866817430505762	14.245114639856138794016260362696
3.910989188656128767718200833770	12.134856836804818414066176046617
5.517293349178280514877314999467	16.765364524286059833002582308836
3.928923750054982733104225189891	5.524659169433076222333056648495
5.539213021372667355990415671840	11.598599605995628891719206876587
4.448503358480200731150944193359	4.111017486143229149320177384652
19.258342322277947289421717869118	9.516324594231303279912026482634
11.357980331497380177552258828655	3.844538716986797499686190349166
6.936097632159550663288882788038	9.336972266818429844192905875389
8.611007902640158917506596480962	6.849744894668831740602854551980
6.824972004354495247469003516017	8.677481233180008857175380398985
7.651586919363330352439334092196	4.498742469017683376364402647596
11.006838621480238060712508740835	3.805599581551006416191285097739
7.139038449619696358183773554629	0.397326792768300407487913616933
9.858801019787899022617239097599	8.559484318294050098074876586907
17.188973634059639294946464360692	13.655738501819811858695175033063
7.061573176854015088110827491619	10.088465769653954140494533930905
18.394276036599105594859793200158	14.406080025520115128756515332498
8.126480871091073865386533725541	2.544477295416454065701827857993
4.533347621511367719904228579253	6.549797216255803355977604951477
9.720933033899857633741703466512	1.398369901777532842146456459886
10.619044852583458649064596102107	17.097995956763906377773309941404
0.055884559112443499273581437592	14.399406734121111384183677728288
1.266929927288501289694977458566	14.218101288080395860902171989437
18.609631354912135492440938833170	3.401236335744460603791594621725
0.889242483187573373726309000631	11.482942331047720330161610036157
6.296295895742090031887983059278	4.119881646393892538071668241173
12.627452421888737177368966513313	14.667011193592365714266634313390
10.448309777980853141343686729670	17.319328309235679341782088158652
16.001322534360181037982329144143	10.003591647413010434775060275570
10.692363587622580212155298795551	11.641845118564088323864780250005
16.927605955375785384831033297814	9.851876905080136026526815840043
0.700615773872535152477780684421	18.955426713842175701074665994383
14.725641460255324943773302948102	12.095173961125727402077245642431
8.136825704487657517915977223311	13.206478515539341600515399477445
10.285591882082302461753897659946	10.690260311477228327703414834104
2.205593387127269267011797637679	11.956817148862448618729104055092
13.420189557217074849404525593854	17.951416962314763026142827584408
10.951322441003574326146008388605	10.399352368565660142962769896258
18.177451915375993252155240043066	15.788691625627706116574699990451
3.724749888900782845979620105936	4.375725195567907732652201957535
14.410514093358102627462358213961	0.295546081835770246826200491341
15.220369546847814845591528865043	9.648729411129773225752614962403
1.022559049703414491006014941377	9.576818070296162943577655823901
6.850164992572521427405263239052	18.137587461057002258257853100076
13.211450798995580058203813678119	11.563951987405236110362238832749
6.465268438655994209796062932583	0.106645232230913267201799499162
17.241033760614541847644431982189	13.132801820102894652109171147458
12.905762072710423638000065693632	2.673371526647096096951372601325
1.109405474509386202441874047508	17.254781040508802902877505403012
13.585116719456602041304904560093	7.595734498300365622469598747557
14.055951972247028081142161681782	19.763085356995844676930573768914
10.740104296945807149654683598783	8.115906476081848452963640738744
12.257724965558077556693206133787	6.493197693159621586289631522959
15.842342559615969932451662316453	4.645931957292964042949279246386
13.155907226501039275490256841294	8.418989675297506636297839577310
18.066446053558433249008885468356	12.829172233062527297420274408069
7.487931777763564333838530728826	2.416169669741549341779318638146
6.206986397134610200509996502660	14.470869946018156682043809269089
