75
9.000350162550343924294793396257	9.686268706157347807561563968193
5.560660846106796562082763557555	8.355869881923750241980997088831
15.027392392731719894527486758307	12.080054210540021486508521775249
13.892328215000553370828129118308	3.062047206221102602086148181115
17.054936320189550968962066690437	2.384021592662877608859162137378
17.346293438882504744924517581239	5.526806924030362111466274654958
8.202782218560688676234349259175	17.151362349231700221707797027193
1.320345005417410844117398482922	6.295816611265558471188796829665
7.597750757245723463029207778163	10.727840496124526836752011149656
14.583705173223741269339370774105	9.812790364039685186980932485312
14.954786817153552291870255430695	19.673049067962015357124982983805
13.643817345698199261505578760989	11.919577590675483946824897429906
7.418691419528280484030346997315	10.922313220663053101588957360946
9.315434377005518129521988157649	14.414349307167640290572308003902
13.676694587358428023549095087219	10.449582757385293518836988369003
8.962837605587749223445825919043	4.792137138271935548061719600810
11.028115013217114181998113053851	11.933275160718059382247702160385
17.514039816963030915530907805078	14.576275006719756177631097671110
8.311270973695354058463635738008	19.448700641821975665379795827903
0.715536076211996441287510606344	6.742379459131395691429133876227
8.335129981616411498634988674894	16.871640361968424315364245558158
6.201270935283835328277746157255	5.755288418125156013616106065456
15.878418837067322044731554342434	19.166330568990741056722981738858
2.673524474669232375845240312628	8.459126639471628905653233232442
2.648799804005198765821660344955	14.869546993049823413457488641143
5.448884487244667340632986451965	8.205909609955797989755410526413
8.570064408180336101850116392598	10.625058864364605781815953378100
7.520128977772801093237831082661	7.346676911924337360915160388686
5.234063458762344467345428711269	9.655594660962329101039358647540
2.481509735394006099795660702512	16.555744240518482257584764738567
10.218544345786872540315926016774	4.345473163252540516054978070315
17.934445967436285940266316174529	6.946179943439107162816981144715
17.083164855273626159259947598912	7.142823950577593450361746363342
3.808719208063430894384282510146	6.280853372928109301653876173077
10.126436232078987131899339146912	8.241610890551340773413357965183
13.644656111330847991780501615722	19.254753752491531315627071307972
9.053065018913233785724514746107	14.351763868873643303913922864012
6.462789804834279117073947418248	9.778352055182800484089966630563
6.129530404274258437169464741601	18.283087089899179744634238886647
9.097541859346078396697521384340	2.537866829624513709262600968941
2.784837160905594632964721313328	1.768115585166085690360660009901
14.834729381578510398753678600769	14.893456254013411665937383077107
18.907302358261070196476794080809	5.748589370440199353140542370966
17.205677400476442784338360070251	9.266463386692906922803558700252
19.199878504812595281237008748576	10.304640112909044802336211432703
17.642990879627898692660892265849	15.149361670908977117733229533769
19.114826537470165135346178431064	1.529036054856566684279073342623
7.865369036426137050455054122722	2.828415960883803315084605856100
7.676445873505190142793708218960	12.114797468631319787846223334782
4.828836539682827222463856742252	2.372073819588792265022902938654
11.097009460659316815167585446034	13.262316353384141720539446396288
9.093095753669986791578594420571	18.387918660168161011370102642104
8.610789216330603679239175107796	12.609139304086200539245510299224
16.203604154673122650365257868543	8.121481444426093432298330299091
5.512065582229792148893920966657	9.636067136386785136892285663635
3.805351911321311231262143337517	5.002196199713632829286780179245
1.614487549055828363719911067165	9.798657611622026308850763598457
5.008458498617889276260939368512	0.050622593260783554924842064793
11.920714747232818098154893959872	5.491467796689164515555603429675
3.509260372345929024362476411625	5.534410796174842772643387434073
15.858503546493276203932509815786	3.793747047258103854971977852983
4.559550032430762733781648421427	4.582842960970115342433928162791
3.320510834099095198723716748646	2.510451459871338997231760004070
9.401715744621521153590038011316	7.137787715718653558383266499732
12.552339553090195778395354864188	12.971795932484766922243579756469
14.305107714431660070886209723540	7.491081223522517262836117879488
5.999332764103989745763101382181	2.422139074275718950701730136643
1.849165357633987039065459612175	18.279505141757883990294430986978
7.258920855265587945837069128174	9.059684468178843985697312746197
4.129197359013988766207603475777	17.069538918113323688885429874063
16.325542136945220050847638049163	4.840478530278005564468912780285
8.542504799042196950153993384447	12.712259211670373204583484039176
9.327680718787348723708419129252	5.948833388048607062614792084787
1.812353957453461061888333460956	8.645513595419798136276767763775
14.968571414906250538479071110487	8.413249625495533123853419965599
8.488295800707403415685803338420	12.300746493886739685308384650853
19.550607383119178450670005986467	7.663934478806504912995478662197
18.067922093780307335464385687374	11.950106906061364497873000800610
5.783416197010037507197921513580	5.365415866536953792831354803639
8.761171830752280342835547344293	4.460855085645120787773976189783
4.469523499896198792669110844145	6.518616651164948372354501771042
12.917894894647016457156496471725	11.414618504759665995607065269724
11.473679418961461706771842727903	9.275767203532430116297291533556
7.788109745666960570531500707148	7.696038723950237248061512218555
17.660398585381024361140589462593	1.441482257167834291067265439779
18.996761745150717359820191632025	6.037573132871164816037889977451
12.609124514894222812699808855541	7.610489942992855638692617503693
1.253384518919252954560761281755	17.543632405179756972302129724994
18.979066352834013997608053614385	10.871043152538819143160253588576
18.263209341705376687059469986707	7.204956188187610521822534792591
14.204264242479919033712576492690	16.791635355764192638616805197671
3.751857940220743259374103217851	16.652565912080476095979975070804
13.574406206390579043841171369422	10.562951290365029777262861898635
7.181910252851593234879601368448	3.938958625774838573363467730815
15.406585876210279195674957009032	3.057015527101754948091638652841
6.573407098916296931179203966167	17.622325970200009237487392965704
8.581873218397349845076860219706	5.179282386376463875876652309671
14.447957988624766656471365422476	8.090093669618326543968578334898
12.716593576544354959878546651453	11.024068479551507593328096845653
16.694166080050354850072835688479	8.582136585879025503231787297409
