40
19.250173813354606977554794866592	17.733308472587363979755537002347
19.152458364777952937174632097594	8.606777716339493622399459127337
7.075527209791660609994323749561	1.491501131631600696181294551934
6.233127128632905744609615794616	18.399162842322809297002095263451
5.555133542479759434229436010355	1.234770605854307312654327688506
17.985831668806056882203847635537	19.048945029049274779708866844885
0.638646694397230207940197033167	3.028293794342617140102902340004
9.364859867879548716018689447083	4.864778211244274785940433503129
3.796078971698398696332787949359	6.759318375487502805754047585651
2.309218471446887743780962409801	19.084808038838321664343311567791
12.404688057141354917689568537753	3.740109384071192089038504491327
18.669376283540788818982036900707	1.362621104037021746435698332789
13.004917999725456922988087171689	0.396731829991457951578581742069
0.705876901089989017279435756791	0.321517274549020237728313986736
0.166830671090612003837350130198	14.825805356556539749135481542908
7.946098866953822614789260114776	11.696392485955680484721597167663
1.785631865608152679669728968292	0.839385921828020853396878919739
16.284824425503735767506441334262	19.518163508155787155828875256702
2.826403125250156467274109672871	5.425489426132758197240946174134
18.820653695494019785883210715838	4.483107676131097285576743161073
10.735851366339934642724074365105	18.786910036338834828484323224984
2.588664899212224312918806390371	11.402685173046709365962669835426
12.325531212108829848261848383117	7.760980330270254690105957706692
5.399416383171367961324449424865	5.273563753748794269426980463322
14.416970021351696473743686510716	11.399455615605212699392723152414
9.792513197293175153390620835125	2.878051481583372428474376647500
11.823770383866902378144914109726	7.485997289701868950828611559700
4.068462797258996843652312236372	10.431882164830529546861725975759
17.153680018499095183415192877874	4.456223937690444003578704723623
1.609574224170180478665770351654	1.643681933335473521751168846095
2.234215002382717862872141267871	5.887989610021225672653599758632
15.585144927680026682992320274934	7.665669646648425761270573275397
7.438299441831970781890959187876	9.298043617241599889666758826934
19.965846259245367377843649592251	7.209985311062278690030780126108
13.323957502384422113550499489065	10.956380568363869087988859973848
9.204998998208106186780241841916	18.510411284820683874841051874682
16.150447950686924514229758642614	5.962482779744842531499671167694
9.593302969734917695632248069160	11.744285758115438511595129966736
9.148360787963575546655192738399	11.570866715461988860624842345715
7.637768035343635020240071753506	1.777183168687789249773345545691
