40
1.063562566368261741445166990161	8.993025504561844130080316972453
17.611337815757664770899282302707	14.717593403273870222847108379938
13.065303582308960272939657443203	19.092429453748550827185681555420
0.341207679802204566499312932137	12.777570699389388053646143816877
6.565954820167958949639341881266	0.095924761410868697453224740457
13.826119205026563108162918069866	13.193239102513482308154380007181
3.979610185286684753691588412039	15.124398967193886988980011665262
7.990543506453406052969512529671	9.126992500209437864100436854642
1.741539738842092788217996712774	10.547457308373850537464022636414
19.531254031899401013561146100983	16.851475076528437568867957452312
2.904494242564772399362027499592	13.144220883395330901066699880175
4.731042873233131551558017235948	17.078783218160666024232341442257
14.985650059141434553566796239465	8.099601135089228520769211172592
12.574769896001768643145624082536	14.440583968746425469475980207790
16.957191152255262522885459475219	6.665158277264892738855905918172
12.117113180108610492879961384460	18.174953290598722333015757612884
11.020190555355336314846681489144	15.510035235117060281595513515640
15.584773479638283077974847401492	7.028405448528019405785016715527
5.029230694225933717689258628525	16.393049556203422412181680556387
5.913237477518570983647805405781	5.526557751594816103590801503742
13.348687879154093494094013294671	11.150360855773381985045489273034
3.653835521765806504390639020130	4.668833806715463552450273709837
16.000380581333242702157804160379	7.930413655169139985900983447209
9.925217203318151604207741911523	0.119098121611571627909142989665
2.917199423308050931780144310324	0.819105092398647371965125785209
3.626534376591306951809201564174	11.346363220133877547368683735840
6.778934451418873408101717359386	9.263009319898742432997096329927
6.831622111687838838633979321457	9.658378999528707709032460115850
17.109451929504633227452359278686	1.981872756890041387123346794397
3.532231009587313508291117614135	15.598493021856484119780361652374
4.216477493637718509944534162059	10.132678099067707222502576769330
9.575333255103352314563380787149	14.754960845669412350389393395744
12.712220572880124080938912811689	19.447944776789867660227173473686
4.188322838378505608147861494217	10.031708386463281001965697214473
4.007807527674536629547219490632	9.082834505469403296729069552384
8.379502725042149435807914414909	6.375581244887183807179553696187
7.666316766058692167007393436506	4.769424217313202873924637970049
9.376403045532088142977045208681	9.877671232133815593101644481067
0.602072957382496554146200651303	5.721918117291880712116380891530
17.929651119181581719885798520409	9.487678205809794818037516961340
