40
12.402052081565289043396660417784	13.908141865051689478605112526566
12.758040296135591873394332651515	8.221969626141770959293353371322
7.260143377321188751238878467120	10.343938111549112690568108519074
7.996025838695294929436840902781	13.545874138617916671023522212636
9.609049376759301708261773455888	12.017668683988350863955929526128
11.034985607873387891686434159055	14.846298123662014845081102976110
10.810462007025794406445129425265	11.864528042565021692666960007045
12.870008243968676708846032852307	2.441464692425323601554509878042
18.068505607689342440380642074160	15.902626969365456943705794401467
8.374157655629627328153219423257	9.333549064526538430186519690324
0.433559687474652788452544882603	10.807436264618946353266437654383
13.163719318033875183004965947475	7.100850756439870181679907545913
8.675235239070499204672159976326	5.269829536379043055660531535977
5.074230100939288945482985582203	9.842843216326336630572768626735
4.150676289259300766332216880983	13.336008073954211283762560924515
1.779928024012731313518997922074	4.869194516812607176348137727473
11.934927447575459424911059613805	2.359758871382988676401737393462
3.654020039177142464836833823938	4.666917528807713821947800170165
6.553145638031145026047852297779	0.757789863264496377226464574051
9.217536857597483646031832904555	7.541863170383453329748135729460
11.550785537561715443644061451778	10.659029504775427099616535997484
4.308349693996703422271821182221	10.872403934866909480660979170352
4.168204905546114780179323133780	16.307931087212853782375532318838
9.190648552847033414536781492643	7.303660686726233919330297794659
12.330349022630976207892672391608	13.340262337164197958827571710572
7.274087512616727480008194106631	7.139156617671647886425034812419
7.997934098727389695682177261915	13.328799240647001056458975654095
16.368122118902178385724255349487	11.140528357519313473744659859221
12.479887948106247463897489069495	12.965988297256311412297691276763
6.035537075885036628619673138019	9.126060739232988439084692799952
5.847027553036555858056999568362	18.038810532407357101192246773280
4.335572971568208089365725754760	3.987688690989719120238987670746
7.718065424903289617475365957944	4.877967207048453879281169065507
17.099083450907762937731604324654	9.927417243675186853124614572152
12.402259481342662539304910751525	13.604430172498895856847411778290
6.430414066307587717119531589560	11.259344056494384744837589096278
19.889572868006812456087573082186	8.858545261248993440972299140412
10.289683661540736991923949972261	12.586858902969382256742392200977
8.363576971406486038063121668529	11.515510738301383497628194163553
14.569838590129272404283256037161	7.730370604002246182062663137913
