40
3.382534904294453248496665764833	17.463959878795414226715365657583
8.756629692246521656784352671821	10.515852204639370981453794229310
0.779918913493103937994987973070	11.462053157767881472750559623819
5.726665324350278751808218657970	8.796395499868628675699255836662
14.426251679236926861449319403619	11.129697946021511967273909249343
5.295459835042776397528996312758	13.062077292924788807226832432207
13.195531749679400235208959202282	7.279616093990591174645032879198
4.613675685932346226536537869833	12.604527613174107969484794011805
16.391921062372574624532717280090	7.676474770161735960982696269639
17.576071111526271550928868236952	3.786453511910479186042266519507
8.051807703933873128221421211492	6.437498652234678431227621331345
8.846651373150592689853510819376	9.737377599697609298345923889428
6.375009996603273165760583651718	7.509539574000760886463012866443
2.014373290462200039030449261190	13.501385596137788880355401488487
9.631181505756256200356801855378	3.001410355313826272549704299308
9.958099923207566206428964505903	8.574336260184677982465473178308
15.035316431247506940849234524649	10.329343622139411706939426949248
8.391969140497566925773753609974	17.815214407970916710155506734736
7.904998233995141454499844257953	6.916183142120124749396836705273
1.309917984269053370383062429028	11.908897727718020576048729708418
9.996990248631638209531047323253	6.613650577618982673300251917681
15.207703643827137796051829354838	9.298865326161189770459714054596
7.186864732294132807055575540289	11.225509261154710927144151355606
17.933065408385662209411748335697	9.790519149976828927606220531743
8.870908487315476875778585963417	13.175994029753876901622788864188
3.044668090730712428637616540072	4.028703249658408758193672838388
7.411062327180289344141783658415	9.328986764284286081760910747107
16.292957520369220958400546805933	6.904871058888914170381667645415
11.412643188672134897387877572328	4.563946466289326764353972976096
15.726507088426370017941735568456	11.826897479238114740951459680218
11.910899400209999043909192550927	10.707322114669931778507816488855
2.806597391095734472798994829645	10.711090608399960188990007736720
0.007648722857470646729893815063	8.126533111054255797967016405892
5.266845014114575285191222064896	14.460065165259400998820638051257
8.997382241135413849519864015747	13.243222212110032032228446041699
16.464075770382326169283260242082	16.766436232937227401862401165999
14.266714038936587627404151135124	13.542906609452945332350282114930
12.621516015776320429608858830761	10.341077672853456803636618133169
14.424179207535848590282512304839	9.200844302280609454669502156321
3.983432081711159256087739777286	7.457125787076236633765802253038
