40
17.940460588584492995778418844566	14.301018853747020642686038627289
5.498605952588645706669012724888	11.592780209597876250882109161466
8.286705097971022837555210571736	5.896293010266552059306377486791
8.652644424356331853687152033672	1.820238081367584470626752590761
3.740061017704463530719749542186	19.952213106235927142506625386886
2.643245681296495952494751691120	6.283050444362732633862833608873
3.676745567078465448673796345247	15.014315773997688907570591254625
14.217196563052603153209929587319	16.468846402971909270718242623843
7.936880950458565564531454583630	9.109803074132132749696211249102
6.143656630186757894307447713800	14.892147871889044097315490944311
0.040460129893048701887892093509	3.390542189043021181760195759125
13.562057564412363319661380955949	6.372436370719233522663671465125
3.072731567844932953903480665758	11.885640255153852251623902702704
13.768417220336445438988448586315	5.124492490432407620915000734385
10.079094821757156097419283469208	5.476205264827263441418381262338
2.601470203981297579787224094616	11.382384698541285317219262651633
14.592091579797411782237759325653	12.341635413815859934061336389277
18.225731163498899434216582449153	2.673299685824400029332537087612
9.902903704628712944213475566357	16.772204595508750202270675799809
17.014068620344314552994546829723	11.395022943893360789502366969828
8.299392772733256151695968583226	6.004639027221331915029622905422
9.583512038682600930883381806780	6.966047650212743747033528052270
10.065662413450558787531008420046	13.305648895318295643619421753101
3.982723558709752254003433336038	15.330134112979816762845075572841
18.131903802812367132446524919942	18.180343311019033336606298689730
12.247566957621375038911537558306	5.955722076796133634957186586689
13.251396042430126698263848084025	0.232445093423265802812238689512
8.846841332454053130618376599159	4.707898914029144066262233536690
10.184819836845353080434506409802	15.871693960815875357184268068522
11.288856367620009990559992729686	13.411903514012450955306121613830
8.261332446797691630990811972879	17.887826075648931123396323528141
3.341765253678800284831140743336	9.264354538185489928991955821402
2.613742151540499492057278985158	15.036628471277646568182717601303
1.077321069833788058645041019190	3.009548429230415322876979189459
9.828751177735341570951277390122	13.248399026495228270050574792549
15.727191150191274005010200198740	8.532987845473723353961759130470
1.717017240914657350003835745156	7.523718608434800003692544123624
0.131576493277480111032673448790	18.365189249272845017912914045155
19.515957810290132101727067492902	11.858948706685902507729224453215
10.775460957478305346057823044248	9.237190200165837694612491759472
