40
3.149333167315905512850804370828	19.138650974719485731156964902766
0.479900459836896109422355038987	5.123899646706781219052118103718
8.296561348561139581647694285493	8.213653333778978549162275157869
13.554868686772451269462180789560	7.080641428507521872859342693118
19.323483148229588124422662076540	10.032318782699132242441919515841
10.835735585699724836672430683393	5.463056187957249676401261240244
11.567476414854995780956414819229	9.002587258133210923460865160450
2.336961382546685062067126636975	17.636363938234627113388341967948
11.280971643649655433705447649118	16.146071913953871757030356093310
17.744901213671134598826029105112	5.596244313192641151033512869617
15.209953875021902547359786694869	12.899463529620648571949459437747
9.881933770508148029421136016026	0.813511330514113950584942358546
6.414676299644181511894203140400	6.664175108531515512311216298258
12.728604753666397542133381648455	9.665760357698417237770627252758
4.922290871747303953043228830211	14.872212372618230702414621191565
6.844151229101532507570482266601	9.178538900771812336643051821738
10.865426207609285569333223975264	17.649871606164250437132068327628
6.762071669888794822611544077517	16.140707446774872124706234899350
5.715937520936755333877954399213	12.559043061486987014063743117731
12.275425385547650947160036594141	9.100649039217744373786445066798
15.341837945507121432342501066159	7.664671480822708105051788152196
4.117052754591410845819154928904	4.070724446813555275070939387660
6.858971200766280418292808462866	7.091327211295729071593996195588
0.135671070072920230131785501726	17.372004846055990157083215308376
1.670034955312656999026899029559	3.779206009916490138778044638457
10.580698953258862005100127134938	5.081009142471887507497285696445
13.936884629170423366417708166409	12.728370274802083272902564203832
6.061101764981017048228295607259	15.107055080234481181378214387223
9.205003711158603607600525720045	10.365741436043609979833490797319
8.384126365945387959754953044467	9.642345659461000195733504369855
8.052585928418983129972730239388	10.335917758666203880579814722296
19.646273113437743518261413555592	14.430911448588446432950149755925
12.933519881017438990511436713859	6.565952627622514192751168593531
11.245256933727656445398679352365	15.392625889739758093810451100580
7.144042993875086899890902714105	17.664266729117564125317585421726
11.603595156952419387152986018918	12.262272191628412087993638124317
13.059190676907453720900775806513	7.893347183304784131507858546684
4.950176179576908808144253271166	9.540664620587973487886301882099
13.336755594322220019876112928614	10.735836932919360364735439361539
13.078612272603777455515228211880	14.151241736494659662071171624120
