40
4.085763787620674492018224555068	5.849154832403669068696672184160
7.362852451440940804161527921678	11.726584044296453512856714951340
14.018151648253281749134657729883	10.397921253568089383634287514724
6.777213554565244990612882247660	3.519207841124084357176116100163
19.796459293980706917182033066638	17.298232191548489566912394366227
13.246331709923621744451338599902	5.680585952879591005171278084163
8.170051666655993471977126318961	19.059117549393633339605003129691
12.471685932514857242381367541384	14.115711465113738753984762297478
5.903960276315419974935139180161	10.547238854575439859218022320420
9.475158413268804480367180076428	15.610440269016008230096304032486
2.253000445843488019903588792658	15.461166391361112815161504840944
3.823902016952619664635903973249	6.109872163345199780337679840159
9.748687828229547491787343460601	2.590361893164224493801839344087
10.233969662716269510838174028322	6.202118865311343043345004844014
1.828498235605243049661794429994	7.879042730282263207186588260811
17.829284993612116494432484614663	5.260808184183551894363972678548
12.816081005655476587890007067472	8.783630865740972737398806202691
8.796722840800013543116619985085	13.724296441841492111279876553454
9.080582437299035802880098344758	7.690417885510001383408962283283
0.710744403313663841714742375189	8.125014608669033577825757674873
0.634469695536651556722063105553	11.735417368317518693743295443710
1.963944220281419017481994160335	8.480461535576994336338430002797
6.898143915650319257792943972163	8.572331656692277590536832576618
5.567152226207801923862916737562	12.508379388795553666113846702501
10.529322616961930947354630916379	3.672996814829637912680482259020
8.844347512795609489444359496702	16.620967567308518653135251952335
14.413813513554604384125923388638	3.046795665241494255326415441232
5.782802509134633339726860867813	15.117329308345773597466177307069
9.301573340286521940356578852516	15.112003379459714835775230312720
8.508484236993027138851175550371	17.385577982638679372939805034548
9.923799163879710505398179520853	12.643808329534325096688007761259
5.334232321889803785097683430649	7.200410370815568228408665163442
12.854231912522349645655594940763	9.865430807682463054675281455275
11.172052008816317325567979423795	9.404984250533685141704154375475
12.359572496716824119289412919898	0.586105712472294815285067670629
16.492501748260277594226863584481	7.961971700053982026190624310402
0.269662861883024795872643153416	12.435797333105476525361154926941
12.261994167217412865511505515315	4.068691661133316372911394864786
6.691694965544533246770697587635	6.276901016581867054355825530365
14.210445551158231936028641939629	14.627013257230409237763524288312
