40
13.296972573144293150448902451899	15.899861582737397469600182375871
5.544225176089887519026433437830	17.988102586797573678722983459011
12.887394966721746669691128772683	9.262935509326275962393992813304
6.357654740416900374100350745721	10.780537869041696197314195160288
16.769387449156056391075253486633	10.684337518798074029291456099600
7.695057709783094779254497552756	15.160356105706107143760164035484
15.638060885744252459517156239599	8.315624959493980838942661648616
10.177732570883595286659328849055	16.219282582390810887318366440013
15.512949518026154294148000190035	11.856661965299212013746910088230
16.988355711464407704625045880675	10.019807949191937623822923342232
9.760223051148248174513355479576	5.240853614661555859299824078334
8.966281006933661146263148111757	7.654824696029157493626371433493
5.241502041202431350086499151075	8.111057938636641040375252487138
4.202979056973755511705803655786	16.511905055849823042990465182811
1.132044138418095258202811237425	5.936315536615633270400849141879
4.026373198595569746771616337355	11.771958692493454279315301391762
15.681343676375753659613110357895	6.797661558127039427290583262220
6.696919772048378405315816053189	13.248274884945699270133445679676
8.013348596193237582951951480936	15.206291274706254412762973515783
12.462833104164861453000412438996	11.005463096370412756641599116847
12.530755546974219782896398101002	8.438998602169935026040548109449
5.326894293178134454080918658292	17.951129396347987210447172401473
11.630348134919644920159953471739	14.117134499292783189616784511600
16.558846045342143327161466004327	10.484148157273640578068807371892
9.857373672902246752869359625038	4.184777184195597854454717889894
14.756082957647796760625169554260	11.472928926896745593921878025867
3.863398008881861578345251473365	13.017192308711996062697835441213
10.896710133133085562917585775722	6.670835023237745353696936945198
19.764523549103124366865813499317	16.879939940623916783124514040537
13.421263745338430695142051263247	4.554701284858466259208853443852
3.056074339365431491444269340718	14.115164519366487638762919232249
0.812932170842165291446690389421	16.543696020764151910498185316101
6.733413180322904700858543947106	19.464079815346387647423398448154
12.433825459014146375125164922792	0.194149904246824434039808693342
12.639930712425860193093285488430	11.729202534429278514949146483559
11.641646942181354873468990263063	10.960116274328198571197390265297
17.361928809089267389254018780775	1.678253546079952585046157764737
13.459056101178772379967085726094	15.079056168719553454593551578000
13.526249539904368290876846003812	11.788494688251745401430525816977
18.482388864061995548127015354112	3.455542291679324584663390851347
