40
9.916120758662229306423796515446	9.076251380534458235160855110735
9.378502741808954823454769211821	9.483650675476440028432989493012
10.019547204560101505421698675491	10.502576226223871103115925507154
9.371956610934356390885113796685	10.533827728617206176409126783255
10.696621449984506924124616489280	10.314744441251580298057888285257
9.395512000405098262945102760568	8.027280865219195149506958841812
8.237958160861582612710662942845	9.735191242355480056858141324483
11.452263260881629491905187023804	10.539448531386224061634493409656
9.344132499185871409963510814123	9.345688477406316252427131985314
10.153987235904862629354283853900	10.500927029937654921809553343337
11.684908022359586254879104672000	9.140534242681724208523519337177
11.206673161806424587894071009941	9.224587669320158056507352739573
9.825999298950497617965993413236	10.230129067547551358074997551739
10.098107666420249373118167568464	8.712740873378848505126370582730
10.212312712495458910666457086336	9.095693082251994354692214983515
10.527707863374569541292657959275	11.741108749306802039313879504334
10.503011576965116447013315337244	8.803441552645509204921836499125
11.488336989540712806956435088068	11.422414327678726664316855021752
9.495015214003156955868689692579	11.212355099252491186234692577273
9.914241969466806025934602075722	9.490625772101344281850288098212
9.095764312887762770287736202590	11.161071480818161916204189765267
9.534655186775404800414435158018	7.173125175998901426055454066955
9.472096532054429474101198138669	10.760950920722329726686439244077
9.455905057518826595241989707574	8.878697150028635576290980679914
8.662754554639011672634296701290	10.522363834713157615396994515322
12.550851358853506667401234153658	10.012582033209772802706538641360
10.694666906456703259209461975843	8.852610418318823448657894914504
9.888579239338200821407554030884	9.829134766560686742309371766169
9.962408154136401350342566729523	10.622278801619824406543557415716
11.704143966942025301136709458660	9.323196779893143215645068266895
9.014677883536196034697240975220	9.967813545137339303892076713964
10.468830960533217933061678195372	8.811865827254139915680752892513
10.165183731343987005857343319803	8.179030808363947357975121121854
9.659500440399646947753353742883	9.995639392384527255330795014743
8.938120048983405396825219213497	11.947166085014167435929266503081
8.361252193204157023842526541557	9.268039799916980570060331956483
9.958017715560753657655368442647	9.308948508536836641269474057481
9.200895378906958299580765014980	10.101634960553456110687875479925
8.264546840932293747528092353605	8.987250016751225700772920390591
10.738245162574836299995695299003	8.923848046637182562790258089080
