40
4.898111792751818960311993578216	19.505920240791194686380549683236
17.468906588354744968683007755317	9.645393700364218503295887785498
14.793928209605358148337472812273	6.685397748020485586550876178080
6.004592038359589878382394090295	13.045163798883100625403130834457
14.171930264147905020877260540146	12.182529625184473687227182381321
10.837306696392232652215170674026	19.830725770170687383142649196088
8.098804119043391480659010994714	6.833760127852129606651487847557
7.841777196170514052653288672445	13.327928666157104586886816832703
9.829911538781862745395301317330	7.511997045628337588141221203841
18.005319496206997342824251973070	8.882875207508361015129594306927
8.189365414792039388203193084337	12.717957966451045592748414492235
9.576051719612355128674607840367	12.484907981815855038121299003251
13.006309510083625013976416084915	19.211861117023591560837303404696
13.634323119725790363077067013364	19.640130139834443667723462567665
17.450815913309323690327801159583	14.697962897308130436613282654434
9.060321274488059017926389060449	11.921486465127870246760721784085
8.032898178118244914003298617899	11.517049404418152391826879465953
9.583276371961844120050955098122	9.013510902118630596646653430071
15.135491145055107509165281953756	0.753196155192181748816437902860
12.414220223646506013892576447688	17.078437225031137813857640139759
13.799054141937098449943732703105	1.803295064393815039238688768819
2.051160658547028781129029084696	3.666947513466870312015544186579
10.121357074162464328992427908815	10.529380409865586543105564487632
17.403496181908561624140929779969	1.516825173802306192527566963690
15.228015611433225018345183343627	16.364155361206943695151494466700
5.316514510362186918257521028863	12.479866415420048042506095953286
8.019628311558541611248074332252	13.457531795037466437747752934229
19.008372933382730707307928241789	17.439123696782257155746265198104
19.514241019241367780523432884365	15.256407985773671853735322656576
10.007633662264344920345138234552	15.131422865488646678500117559452
7.941189660676370998260154010495	7.899410874863106002408130734693
10.060267016088452862732083303854	17.539056949681963715192978270352
0.950312821765335602464119801880	11.791654983189465255577488278504
18.270487462629898089971902663819	12.262294008442887971455093065742
7.840816286031293103064854221884	13.820886147209813898939501086716
0.265214856751947003488112386549	5.246007122590046201082714105723
19.432658937867522297437972156331	3.259568557841003411112978938036
11.058829910569631493899578345008	7.792321432887375998177503788611
12.893722688213195226580864982679	15.413903059916693294439937744755
16.478459132876675852230619057082	3.745250829696602501428515097359
