40
11.700134535995735163282915891614	18.452550332704692692686876398511
16.230080283578249833453810424544	8.822863510151465860076314129401
19.876451082435213635335458093323	18.005088311957880620184369035996
9.634283769362602001251616457012	0.543832816639201022113070393971
12.278853546730417178878269623965	9.638780229795804288528415781911
14.206750048644218864524191303644	10.473129114250252058582191239111
3.839899339754777152222686709138	7.104429615478160542352270567790
11.954633961064349279013185878284	14.322542570290325514292817388196
8.877642837064161795979089220054	2.583175458718772965482912695734
1.042112229521007904509133368265	16.061478578998450217341087409295
14.089239733648565078283354523592	18.603955265868517443550445022993
0.781005312699842191292987081397	19.278798896404367724244366399944
3.588849758327377514888212317601	8.601756555366662837514013517648
5.946106048006056354893189563882	3.967096637336081421665312518599
15.240355553200087612708557571750	14.020722905472366548451645940077
12.032972497494602848178146814462	8.820390870761464441329735564068
4.359629328839474737833370454609	8.701922770482799052160771680064
6.710047911776124252014597004745	11.514156303694782934599061263725
8.368389995008962856104517413769	6.737810185829331999229907523841
2.841677708037065208657168113859	0.242772055966856026287814529496
9.405542233427157228220494289417	6.280947454968131893338068039156
6.263340738239711491530670173233	11.006305735138406376449893286917
7.012414404619938146367985609686	10.629118800141977629891698597930
5.514296043570119820742547744885	11.792448430436776263263709552120
14.200436944991825072293067933060	15.198098327018358943973908026237
4.351607141486895535820167424390	14.155854171601887969700328540057
12.187574477442339571098273154348	1.970575453339336480240717719425
15.056592558591322728034356259741	6.438403131743821283805573330028
9.046611559077792463767764274962	7.420139195947266230746208748315
12.589497206054611311287771968637	14.871007375542268036383575235959
16.443651358230496839496481698006	8.004811434198387587457546032965
18.661946874995130940533272223547	0.559263714525697341883869739831
8.555231751534732254071968782227	16.201208864378553897722667898051
8.821886124268800699610437732190	8.037100492186620925849638297223
14.992200061935600174933824746404	18.511530943708311980344660696574
11.868528540851947639112040633336	10.660426517219667275071515177842
17.023250298294087201611546333879	17.684270690134137993254626053385
5.800982775948543945787605480291	9.216450612509760276225279085338
0.935807052894527480191300128354	2.108776385191628133242147669080
17.811453358765255927664838964120	13.654270299854207593170940526761
