40
4.911180342429598333353624184383	9.079466203855533379396547388751
15.171654860917213269999592739623	4.956659264162845524026579369092
7.520767287528091316062273108400	8.922910796901851071538658288773
0.348081770742910023841432121117	4.805385522488982097399912163382
11.968010624542214870302814233582	4.677675235561374655901545338565
11.421091675867582893033613800071	11.055618013852857473011681577191
13.247094791052083095905800291803	12.902253468820676474138053890783
6.397231630954460790405846637441	12.271260338344488260986508976202
11.013566458806501202616345835850	7.552011364541248106263537920313
12.110221737330103763952138251625	7.398034092575365150423749582842
16.410765935196216958047443768010	8.514900176575929791056296380702
14.903975533257296959277482528705	17.878045594960084940794331487268
15.250257038406029863608637242578	15.420034897821558672603714512661
7.134562209418863432119906065054	8.565758861247298128205329703633
7.718831832413875382314927264815	9.407302232100375860568419739138
5.866808176538812702460745640565	4.827848675922233212531864410266
2.457337212001979853681632448570	10.512208306670732582688287948258
4.849843278458964235255734820385	10.434673182278194403238558152225
13.439129203818746205456591269467	10.353545281763135932351360679604
7.751901192028840981151915912051	10.077537881633757521626648667734
17.757079564163500862150613102131	8.376249022271256450267173931934
1.282233302825274368075270103873	11.115383070116864772103326686192
12.384530247570934236023276753258	8.574429444953647561078469152562
11.229071387736810905266793270130	5.155052887406228023792209569365
15.675421834548620481086800282355	15.421842428920220058330414758530
14.627908558447197506779957620893	13.929346336373670922625933599193
0.864794088707723229703105971566	9.956658523592549769887227739673
15.422685903446071264966121816542	9.798006525540689182207643170841
16.327609669662880520490944036283	2.338010369700821211580432645860
7.641422090331857042144747538259	2.882026432671350946179700258654
9.932403864325982212335475196596	3.174915785065449025381667524925
18.236267656812032100788201205432	12.037483589642254955265343596693
8.857566676794517590565192222130	7.156558282521842784262844361365
7.742411362533752949843801616225	8.606830735086253625354402174708
10.396749937160652876855237991549	10.006805233076734751307412807364
18.461905382417779009074365603738	7.140592811940932982395224826178
16.692138630329971249466325389221	2.617872565319337763156681830878
14.478683269129280830611605779268	18.738187698236767886328379972838
6.991707389835664088195699150674	19.197502216067032776436462881975
4.945388669277591908723934466252	18.655647982304799370467662811279
