40
10.335767621958090956013620598242	6.190718319618914833313283452298
11.101142796047803074088733410463	8.522330149927114462116151116788
8.248390241710424675147805828601	8.293554842628019230232894187793
11.203142018883067265733188833110	13.670561869500165386170920100994
15.365484549474256681378392386250	9.863496306120016043905707192607
5.534342940168429869629562745104	11.748403711347879863069465500303
8.161049224593684314754682418425	6.712123152403502324148121260805
8.909912032749994992286701744888	9.210408838066335590610833605751
9.371556108270500118351264973171	13.504120657178944497900374699384
11.574789371052373709858329675626	11.719148964929017253666643227916
9.562236622881959746678148803767	11.637160226029337195541302207857
12.625985190433622662453672091942	9.339370073779694081395064131357
6.727581756371493248991555446992	12.571105805106897790324183006305
7.641072797863204257851066358853	7.458374131123339800808480504202
4.721709804495048956596292555332	10.424185754547883320242362970021
4.293569777558850830700976075605	14.878591585518735840310000639874
12.507198338474442067536074318923	11.791280364172441963432902412023
6.730159337345964942755927040707	4.664437816844873907484725350514
9.668865659161715697678118885960	7.857987010674307271074212621897
7.778864573233912338423579058144	14.925943455035870499614247819409
12.029960175995187299236022226978	12.106598643777925161657549324445
8.517608066545790279633365571499	12.128703508820398937473328260239
14.698216847636862425474646443035	7.373523742066443453779811534332
6.267678133664842832217800605576	13.051710205909113682309907744639
4.723200544491261254620440013241	13.895806609049788704624006641097
8.330917646892718408935252227820	5.636735204649260921883069386240
10.249732938329287890155683271587	6.346467261457464203999734309036
7.059817638671486150769851519726	8.365747069381196610038387007080
9.617123556971094444634218234569	6.889447795052332956800000829389
12.614693983541352295674187189434	10.235274343126977925066967145540
10.350467442387870420361650758423	11.815100816661301408316830929834
11.448815649776074465648889599834	13.056803392388124152034833969083
8.283458754515397259865494561382	6.610743740374211974142326653237
8.778052071050115756634113495238	15.270676536880767315551565843634
5.068585660737737086378729145508	8.053416337938305247234893613495
11.457224954190238008777669165283	4.371520783947310917483264347538
12.805769525931214758429632638581	6.790831100773418782523549452890
13.432906959096758470195709378459	12.337364436620772423225389502477
12.111895735833471121623006183654	8.870615357891912466925532498863
10.215639765790619719609821913764	10.156382647605564528703325777315
