40
11.651700803325091726492246380076	13.616431720412734307501523289829
11.469384902341214882426356780343	3.587078560905202273545455682324
16.231028744329275781410615309142	6.047361185651702442100940970704
6.785541829640274080759354546899	4.763824635947067065444571198896
6.016584361053835650068322138395	10.919601193672779260168681503274
16.197475989673996821238688426092	10.409069264539342114517239679117
14.460813361517681485679531760979	12.556035729556276336893461120781
2.248701490362245980492161834263	6.055513942593615972498355404241
0.938809899608401554615966233541	10.021180849761849529500068456400
9.967400928250604863478656625375	8.105932451248783365826966473833
7.469324787462303660845464037266	3.659416908860027017880156563479
7.781897692930459520255226379959	10.033759514003833146489341743290
6.676836767338078182376648328500	17.027170041162644764654032769613
11.617019167359933007332983834203	13.216360909403976009457437612582
9.653939314016925621331211004872	6.578062351455514544795732945204
14.004062715691588891786523163319	10.436556024779902074328674643766
5.796751538570492634505626483588	8.578453823835156200061646813992
4.194908138298842459334991872311	8.684243650198073538604148779996
8.439956780965477634026683517732	8.049703690675402256715642579366
13.072764457662069403909299580846	0.239282929286468437624080252135
4.295996276631866450657071254682	6.230062090632936033784972096328
2.348581249668015846765456444700	12.510909296673226265284029068425
9.735039197767106244896240241360	9.963552570278606523856979038101
13.695970983492484762678031984251	5.500436279170500597501813899726
6.550546181734268280649757798528	14.274804533331927558492679963820
15.427116257768709317588218254969	12.984199491896804445900670543779
8.937798611845153118338203057647	16.008303495509661473761298111640
8.705497011469622847812388499733	8.550594437968634053959249285981
16.391868866919260483427933650091	16.400244002062816406350975739770
9.101061329119490395100910973269	16.703315229432352140293005504645
3.913816205622191457536018788232	8.662925294883038418447540607303
7.240369684347574441574124648469	19.794426025761197251995326951146
10.543664953284855201331993157510	12.372638543870134952840089681558
14.527141559881174615043164521921	13.894629698381827154207712737843
12.848667854394161480513503192924	13.681747694872020915113353112247
16.168337294991246722020150627941	12.313627598671224916415667394176
7.225052305264561880449036834762	7.843475845700879744981648400426
4.636288438191428440404706634581	8.431257315361699866684830340091
13.194088731873412356776498199906	10.846087288005008986147004179657
12.296255828425808331871849077288	14.251282345707496190811980341095
