40
6.273375529263524263967610750115	14.260619702870036107356099819299
14.378249448471994043075028457679	4.139726039800253332145985041279
16.525193772403795833270123694092	4.216747604653485304027071833843
13.248687959742223796411053626798	18.651527015341134330128625151701
14.167598478802194250647517037578	5.733068966155319579058868839638
3.008231987897005854648568856646	10.833399047031774031779605138581
3.892187378286648069547482009511	12.792378050758193452907107712235
5.389810555313111706254858290777	9.889632077708455426545697264373
13.806399789869692185106941906270	16.018921993782928581140367896296
19.412873808147619314468101947568	11.848381198147876602888572961092
11.675856028891123727930789755192	12.892315759217172654871319537051
5.192777704307661501559323369293	13.761964530537776241203573590610
3.900274081207709464536037557991	8.221199373891963091409706976265
19.377402381880763471144746290520	16.878637539304456538502563489601
14.116029497619704713429200637620	11.061303418016981581217805796769
15.031902437123340732227916305419	16.235550863272244725976634072140
10.024632789518674869100323121529	15.130479446028243017963177408092
3.994094316513492337605839566095	5.102002469267796769258893618826
5.819264512413309553551243880065	1.199458500588123088803627069865
16.768117154510029820357885910198	15.655963432494505838121767737903
3.680515992223689636375638656318	5.530827074545140220607208902948
1.066167406750312851571038663678	16.064530810947225347717903787270
15.953076149014272289150540018454	10.778736210001904183286569605116
19.822610906945747899499110644683	11.440963323998680323256849078462
9.703729944367688986517350713257	2.006857043562735309905065150815
11.460764891274138221888279076666	0.040271861722991353360612265533
9.190268627183700189675619185437	12.828433892876814681471842050087
12.452234686346773884224603534676	4.404742864436805405148334102705
5.690912268592869693861757696141	13.712952640981990626301012525801
0.299920090185313181763149259496	3.778625716386676991476178955054
18.597224704582863807900139363483	5.754112556983376869368385087000
14.800994853894749780920392367989	0.056103947634045026049420812342
10.066491373917900276069303799886	0.390514772930470765999189097784
13.042988189247727959241274220403	17.765178110219562057636721874587
14.871964535759788716973162081558	5.131366417735327978277837246424
7.223140901804391944551753113046	11.079523195177042538261957815848
7.770258360342272574428079678910	14.469407649457433961970309610479
16.341928143969589370954054174945	3.756282276095843197794010848156
1.473022135644818320088234031573	7.028316312849897329328996420372
14.667812961976263608221415779553	5.923830451756979087463150790427
