40
9.299310642494178935635318339337	10.698799491219876500736063462682
11.253384472834477847413836570922	10.215539912835103208976761379745
10.420026512441721067148137080949	10.270368987498008195302645617630
10.374411363950754250140562362503	9.771583099097599145466119807679
11.473017912515782512627993128262	12.163583296712808134998340392485
10.350948539149802840597658359911	11.247767365299694120039930567145
11.315435772158098259865255386103	9.625931216646138821602107782383
8.982835546093058454175661609042	11.737772146237311687855253694579
10.825130311274058669823716627434	9.144967922926710457431909162551
9.552097536118173692898380977567	9.573385675011309103865642100573
9.950928867428707746967120328918	10.207012308071851336421786982100
8.860098779860043904932354053017	10.578329025874847246768695185892
9.205575793102998005679182824679	7.725996865732897234124720853288
9.026063489646878323924283904489	8.940817928497317268465849338099
7.914299953422601063834918022621	9.715748013704320840133732417598
11.464168596375376552032321342267	10.462465965254795108307916962076
9.390253174910210276493671699427	10.155707933183199642712679633405
10.228188286643387527874438092113	9.412724976759617945276659156661
10.863074782698152631610355456360	9.886669370833189418590336572379
11.634992397434166022662793693598	9.500003344189089204974152380601
10.906083351711998830069205723703	11.572218967508922204956434143241
11.275734098527790294497208378743	10.398999635594375234859398915432
9.515709778520179185079541639425	10.951242072630217094797444588039
8.446824067346486941687544458546	9.226642191524303981964294507634
10.457368174906299884696636581793	9.232141262260217473567536217161
9.761146598899138382421369897202	10.004211155460533078098706027959
11.167497181324524291312627610750	10.081022767933792039229956571944
8.032068040058142344150837743655	8.910741928044091153537920035888
10.929248057324457477079704403877	9.208885501696553177453097305261
8.460745444357844036176174995489	9.834991334946556307272658159491
10.272448021616124691490767872892	10.138166714935726631097168137785
10.192259274431483717648916353937	10.180728725012860635956712940242
9.167719084294937204049347201362	10.344465885230585300291750172619
9.026643963065559717051655752584	7.842795718805152915820144698955
8.897199952959828905818540079053	10.118073034720056924129494291265
9.954947406157440781271361629479	10.145687024359691719155307509936
9.039406815098036673816750408150	11.588311514164342241883787210099
9.367184245413783472145041741896	9.102918362182569111951124796178
9.415243417972540385108004556969	10.638459211314399865955238055903
9.581159047945714490879254299216	11.152029225272364953980286372826
