40
18.589300226279974026510899420828	7.501441277736240031970282871043
3.984012726604102994087952538393	9.181713322355717465939051180612
13.086639946553933810946546145715	19.858590959156643407368392217904
2.998431952464486016651790123433	8.249809349690384152609112788923
0.425722197744222707882499889820	15.424980300463175808545202016830
3.326832181100433327713972175843	3.926442316731323156631106030545
6.890952434136046633739169919863	15.395092407905904607900993141811
4.903390550964392247124123969115	15.698605945777703851717888028361
14.414746567387723530373477842659	1.279584277493176713846878556069
16.979368727916178016812409623526	4.430289528004272447958555858349
8.419899462428402259206450253259	8.737426959957902639075655315537
19.575746544451920527762922574766	10.137328213186977521331755269784
6.400180971844963373484915791778	9.808481755085907138891343493015
5.834695864206080884173388767522	4.780627106454215180519895511679
18.593412043695678903532098047435	12.282215932848476569461126928218
13.913116723123668094785898574628	18.138874708548897274340561125427
9.875234466585856907272500393447	3.964276790049491072664977764362
0.766959172659706478469843204948	0.640513206614051977538792925770
18.546913133706809162504214327782	7.940082116659363364874479884747
12.572035156435660496754280757159	11.018824510721096032739296788350
15.139005269782842333370354026556	7.131285562676954015159935806878
8.893374178502249094435683218762	7.561653793327896444509406137513
10.479617065795293839869373186957	14.503737922713279218100979051087
18.482311760809889022993957041763	11.041804999732237391185663000215
12.764996436394563161798032524530	6.358747897609730692636276216945
17.953792823874852757626285892911	9.317820993695530518152736476623
12.057489308141434491972177056596	14.960192746581030931452005461324
7.480235007983467632186602713773	10.775589436906638951541026472114
4.756556051928737538503355608555	15.763058209989550206842068291735
8.999213302999592656306049320847	15.243317177591025668448310170788
2.168001594765878614623488829238	2.394882434397979320550575721427
11.873848296330884011240414110944	9.431305543721492767872405238450
16.677994066425220864857692504302	4.342242867286376650781676289625
7.860929622371292779803297889885	11.480098065176644439588926616125
10.704892710845156145182954787742	12.053142657927354619573634408880
16.076736877203082087817165302113	4.917306603497793915380498219747
12.567998219225499312301508325618	11.513955951845341374450981675182
13.135599588044035712641743884888	17.683415599090352543498738668859
8.640591171243576340543768310454	8.855917661619693959096366597805
17.588209266516894757614863920026	8.737874542655037046756660856772
