40
1.636383181014652299367639898264	8.590431026189827790062736312393
11.234073741496340304024670331273	2.480483844840067675363570742775
11.465590432402391840582822624128	9.862268017711951273440718068741
6.393662663854469130342295102309	8.185452080809284325368935242295
11.303101546110864816796492959838	2.843090666607235306173606659286
6.026970191983725300133301061578	8.323288220109034796223568264395
10.851603850369309967049957776908	6.478833258325729538285031594569
19.270924665059300906477801618166	9.052011325050951739967786124907
8.733166260063976338301472424064	14.177169606741859553267204319127
11.758184840201483467581056174822	15.341108027396799684538564179093
8.978738822673955510822452197317	19.342799455408677289369734353386
16.758102010396022762961365515366	15.632022066862127473996224580333
11.486761918998519504953037539963	12.113295690557393413655518088490
11.105438260675246198161403299309	3.226038122107043548680849198718
10.703500036398688521899202896748	12.107919763492283493633294710889
5.545856363557409629549965757178	10.917088170907296884593051800039
13.208185059029071695135826303158	14.890988430777257534032287367154
7.080373571113774744389957049862	5.560516559642024958520778454840
10.251029010330686475072070606984	12.765480776994634126708660915028
7.915605935184945707305814721622	13.838375961484334908391247154213
14.345123232487278386315665557049	3.584090185835603570296825637342
14.449982111111513205514711444266	9.248333521147888092173161567189
8.395042501314730287731435964815	2.241355303854310143663042254047
14.086388924272718270458426559344	14.290431586634811722547055978794
16.723655644150884569398840540089	4.230346399147032698806469852570
6.396481429977828980781850987114	1.760090433576483315292193765345
2.321532647904324342391646496253	3.823122460657137899886492959922
14.863838629105764255200483603403	19.978399176650178503678034758195
9.066180888140374705130852817092	1.584074631606109395676185158663
6.898336135780704481135217065457	14.225998267282019327240050188266
5.670255098998539189381062897155	14.938702063027129440797580173239
16.131707965764434220545808784664	16.020461730048761950229163630866
5.503982015718199782838837563759	8.923666409331126203596795676276
5.624565465917588547029026813107	8.458763329325428514948725933209
8.322178796544456247374910162762	7.995284377248756513267835543957
12.210352613712085911856775055639	0.977119931429710764092533281655
5.884139811158814126201832550578	6.540385761399306829844135791063
0.469804042042257785638526002003	3.597118684231515928217959299218
12.059808511702710731583465531003	11.165343267342139554898494679946
7.179661406891354680226413620403	4.269389563427217204605312872445
