40
11.576120437171416810429036559071	4.427015002904791884930091327988
10.366840990510006292879552347586	11.048600376878800588542617333587
2.785813359826305735111873218557	6.506117937240592397074578911997
9.694878778273267272425073315389	9.613659569247376524003811937291
13.881744698315721109338483074680	14.782643457546729592877454706468
4.633494091409415815974170982372	9.062723755519492385701596504077
10.232413295666017205576281412505	9.901107747531641578575545281637
11.041263237087983739570518082473	9.373189105527208297985453100409
6.620661129066267136522583314218	18.067762655596855125850197509862
8.318621405648045197267492767423	8.846474708149267840440188592765
10.122321617460565690294060914312	8.136145784569425387644514557905
3.822675965362958283577654583496	15.551592027152805641776467382442
6.660506713399144018694641999900	13.643912035079676314808239112608
13.538857863347082854943437268957	6.436105259288163793485182395671
15.293779574802510268227706546895	12.049162760967174534698642673902
11.207529587507840673765713290777	5.020482777253768347236473346129
11.148711902809139928649528883398	1.998086736807609398169915948529
8.685443871701673757002026832197	12.711985190499893505489126255270
3.759617203700535092991685814923	7.966044933731232902118790661916
16.534371157753881220742186997086	4.142135508948975086696009384468
4.295766504756930004305104375817	14.291040268640342603134740784299
16.199537999770566187862641527317	14.362458025373232572974302456714
11.572734059199332179446173540782	18.972497671324980217377742519602
4.077602553647228234012800385244	16.955624189763607745362605783157
14.327348487254154107972681231331	8.457002142004306222133891424164
7.122516659920464121569239068776	2.448618611231046848786263581133
2.724013612428679564914091315586	7.356516455825015121661181183299
6.714666643488246933202390209772	3.917304701273761402546824683668
7.950018435913168701745235011913	8.387159843316032592497322184499
3.886044280454795440959969710093	11.314835047038986459710940835066
8.423369174934881797867092245724	5.019668267754698653959621879039
8.432881876382316121976145950612	4.429940257290406080414868483786
4.255085147839769987854197097477	7.586352515136970176001796062337
17.189415729846654556922658230178	6.183269587854794302472782874247
11.031624991708369520893029402941	13.752456996877052475269920250867
11.814041821537328402769162494224	4.570347285659678071567668666830
11.754566753001176593329546449240	3.171693937119544060010412067641
11.217750797543782681486845831387	9.898867703641695214855644735508
17.713925222085570965191436698660	4.202670964479446880091018101666
10.094026903105760339940388803370	19.262063342899025997212447691709
