40
5.627203929254302572360302292509	3.998379662046573468359156322549
5.141663049833342213901232753415	17.214450125721619144769647391513
13.617122142548920393778644211125	18.698413062047350763350550550967
2.998951218030748933074391970877	10.492538617110440668511728290468
8.889471090356774851670706993900	4.222122858049159432880514941644
17.622158736657944189119007205591	3.007082673775632208901242847787
7.114495440312053275988546374720	13.699487834614490822104926337488
13.878623917662078923740409663878	11.498086364677435611270084336866
9.976888566047520612301013898104	3.369315003697669119731017417507
5.606794780098883990149261080660	9.830151635455967706889168766793
5.316141109557992905365608748980	14.363694782763245072487734432798
15.396714535263134493447978456970	5.950819085762278248807888303418
9.981303377695772027777820767369	3.947597216902133610005876107607
11.383249063745637386091402731836	15.468345724947326402798353228718
19.819549335747236540328231058083	13.552892589497584907576310797594
12.673433099697815507056475325953	9.226160817313276751860939839389
11.745664100984400946003916033078	3.271130625690130244720421615057
6.392348083414002957169941510074	4.595659234801756198862676683348
7.969073943790082381610773154534	6.720707441592393749374423350673
5.545267547156024434684695734177	11.689740629803287319532500987407
11.030106590041766523313526704442	1.478796446958476895616740875994
10.369112565649114543475661776029	7.593253873454038682666578097269
11.540215606404444770305417478085	4.532592714494112051681895536603
5.337671372587988294355909602018	6.990693741299495833629862318048
16.765501503717676001770087168552	12.144656504267910435146404779516
1.460139030218421840601195071940	9.560319572597649084855220280588
16.184918991399044330137257929891	12.921492049756421849338039464783
9.460070563619936478971794713289	12.072800499508055338537815259770
8.488633685612125390207438613288	18.651450829122939722992668976076
7.061682152932782230436714598909	19.404855736154718925945417140611
9.908245893159751460643747122958	11.975996971765454190972377546132
10.432473321476827265996689675376	11.466001678563479515560175059363
16.712332823466454101435374468565	15.248972139696309824330455739982
17.701388134036928789782905369066	13.395510263402375272789868176915
15.030918303011183922990312566981	12.556264219970586282215663231909
5.215865140772397268165150308050	12.057005403739903925952603458427
18.962768023782928139553405344486	10.156292223936349117252575524617
16.930474695702095289107091957703	9.398014113710566164172632852569
8.947560460953932093275398074184	12.398482701207955258837500878144
6.094891288334742363019813637948	10.905800793484688782086777791847
