40
16.342581925161777434141185949557	0.261994290155549425236358729308
5.931519635125281908472061331850	15.690626215542481602938096330035
18.938239371827311430251938872971	18.380190483445449700639073853381
8.580536708896044473249276052229	9.353520520308325814085037563927
15.309913716909495207119107362814	9.985718720340994281059465720318
15.574582798608505029847037803847	9.876043910888036236883635865524
17.030939246696409128389859688468	17.830084971567337959186261286959
5.158464374740893809700992278522	1.599507440470182562108902857290
4.725927840339178231943151331507	18.909735779820277201679346035235
5.224967658009044058076142391656	6.207823625897312957988560810918
2.225260323155881181378390465397	11.008585788756711565383739070967
13.466270670600033909636294993106	4.943205373093531029837777168723
1.200258149986327405045472005440	6.579023950702026724002280388959
13.121286428104646404335653642192	13.666494157861512448448593204375
19.697283291409835470631151110865	5.347541278429956079776275146287
7.825948703899107350423491880065	1.745214102211137818798647458607
1.807691676053919671574021776905	10.385561854099847778343246318400
13.933378873691397714651429851074	7.066001500233200616207795974333
11.759083132103095081788524112199	10.395357092056192627183008880820
17.840087289843612694539842777885	16.982902809915596975542939617299
10.644374704434659051344169711228	5.397118291193820027729088906199
7.563004861936578393510899331886	12.327267218878677823568068561144
17.241768289991835416685717063956	5.025837221803486798421545245219
11.541107830316326143815786053892	3.725833034057725257071069790982
10.360822680193184197605660301633	17.850917009634294174702517921105
14.624791340311201537360830116086	3.361766030832338270073478270206
9.320908623896466238534230797086	19.029368627464663177306647412479
7.879340440293404412841482553631	1.833650945656665198768564550846
15.354436653812346236236408003606	13.295002585480236945159049355425
2.816794992889692927917622000678	8.933590985215804636254688375629
0.839175010081197880751346929173	4.111990315742928281395052181324
6.359408498285485933365634991787	17.776953953627543825177781400271
13.143833943312809964254483929835	1.266802385026096766651448888297
4.213014892871646210892322415020	11.701694055077814127230340091046
15.851308590967802203408609784674	4.165006767967317280465522344457
14.713957522666230914865082013421	13.442247405831848183765941939782
13.906267088852571234269817068707	4.143868785978624735832909209421
15.774011980307260927247625659220	14.811517655878104093858382839244
8.539025983115433149350792518817	14.106855769834165670317815965973
1.741434884600835397705509421939	19.147518463876409100521414075047
