40
0.959482417689028199703216159833	1.963918146754530802411409240449
10.793007036541419907393901667092	7.797166612200105539898231654661
12.658221862823392456220972235315	6.808455452492268911157680122415
12.691138323782176655640796525404	10.145690485425431504040716390591
9.973347566697439603444763633888	9.056746469534543209078947256785
14.098738561376805478175811003894	7.855689495116061848989374993835
14.485969577172582489765773061663	17.200880778756989286648604320362
6.835427659483515938632081088144	9.877860641075228542717923119199
10.392254288491015401518779981416	8.924669604986171123073290800676
15.124443093554969408387478324585	3.092242260472954029637548956089
4.180805870262952694815794529859	13.449092410105324191249565046746
11.947000858559530200864173821174	12.414997041671719912869775725994
6.916691841994856204678399080876	0.345921588738726804024281591410
19.601769697070306364139469224028	15.670265392293407202828348090407
16.348464308064915684326479095034	14.911528299334777969420429144520
11.122390565702325204711087280884	8.623636474297123655219365900848
17.927999632712012356705599813722	5.152352489019461856400994292926
7.928751962167110534096536866855	5.673474139965289708698037429713
10.602435540928334845034441968892	8.373507227788305584681438631378
6.388122086968083479519009415526	14.233601499403009782440676644910
9.931037053482892673628157353960	12.086787263299909156444300606381
12.101407626113132920409043435939	14.374285056656900039229185495060
11.147730328365744512097990082111	13.122964387232466165755795373116
13.491535577813941415570297976956	0.522864535054136103653377176670
17.231215572918902267929297522642	0.149382694213341382649673505512
16.215596217164851111647294601426	9.688811872880053854828474868555
4.037206523667929758403261075728	6.705294059887823898691294743912
7.309257928856220942748223023955	17.482222519240366409576381556690
8.038775704161121637980613741092	5.042640173420079641175561846467
7.697818008149950763652213936439	5.833947824420246064391903928481
13.254939314509289971510952454992	10.590325540991724295736275962554
8.377004161546624416700979054440	19.227940261847866310063182027079
5.313968526221429122813333378872	5.264295680119757570025740278652
12.280230491234901180064298387151	10.489442458842953342923465243075
10.314314750525296560113019950222	16.357712062076565473489608848467
5.824707899373366082329539494822	14.091126187147205328642485255841
13.706290448128227055235583975445	14.448598330552757218470105726738
10.520795607538437010930465476122	12.794879670857508102699284791015
16.025825561752149894800822949037	3.339038188865606215927073208150
5.712956428262687680330600414891	12.824253328132964924179759691469
