40
6.808754749903917158349031524267	11.896784723874908706875430652872
7.074044841287955520670038822573	5.270093931882762205987091874704
10.415315789061816431626539269928	3.589266117491799690242260112427
6.947630027438187028110405663028	11.046254846874395738609564432409
8.637079375223299493313788843807	10.852782662959818082981655607000
10.445825985973041127863325527869	8.818716100994997475481795845553
11.620342655638575379839494416956	14.341932902093251556152608827688
8.699192462397157044051709817722	9.743625787985216391007270431146
7.268735257429709051280042331200	9.757934888438288822953836643137
10.155906094234151026967083453201	11.573265730564768816179821442347
5.434654922069372950943488831399	13.170896289193578354570490773767
9.955449985412947455643006833270	8.628094393124843719533600960858
16.454448582435205139518075156957	8.765182104854476463628998317290
14.392632740797420609624168719165	5.832356275296646686001622583717
7.011538738999874453838856425136	8.268518434483603130047413287684
3.107115370420002520290836400818	11.610907969467724853984691435471
12.365269882877942819732197676785	7.841587294693960430436163733248
12.103958749250310233946947846562	12.835545818226897551994625246152
1.490371806956250821940557216294	11.319491506019694782025908352807
4.983034801277888448112207697704	15.658295252765245919590597623028
12.505287854997103380583212128840	4.805201774830637262425625522155
6.738866847592998254867779905908	9.516602695885833185229785158299
10.040474822817225586391032265965	9.389512959814831916105504205916
10.497400178262083159097528550774	4.614744688093779245718906167895
7.429490313938138079663531243568	6.671774111486937997028690006118
3.448743883394362441663361096289	10.127605778965321547957501024939
7.121356898108299304794854833744	9.109703462038767796116189856548
5.868337831555910710790158191230	6.764221657921696717608028848190
8.718953956334260624316812027246	10.483643702816138443267846014351
10.680438223437988654040964320302	9.292100803106967177313890715595
10.160581131089623241336994396988	8.096325889127436781222968420479
9.675288880710272820806494564749	10.303625537289729408030325430445
3.042509513854816383116030920064	11.763402386642175301290080824401
7.958660072733300339109518972691	4.847822739269363800929113494931
10.707049238217527076244550698902	8.556887934342919166397223307285
11.011816930032292560781570500694	10.476115034552192284422744705807
5.294607576312504448878826224245	8.399446943147632183013229223434
12.082089267890559369789116317406	10.638511728198777106513261969667
15.698742377250720636538972030394	1.255016629339568368095569894649
2.005944737109249587092563160695	9.035435834858512649248041270766
