40
3.117682632674195986055565299466	17.451693755713144184937846148387
9.235927427650821641691436525434	11.117705537381537439500789332669
19.607499453020825086468903464265	8.467799866415216314408098696731
3.176291620387436065442443577922	16.967387322039712671539746224880
14.785631842181530259949795436114	14.990555226832974256012676050887
17.513524433760384368952145450749	12.159030134950082668865434243344
11.022166668060989991317910607904	1.773275923590575064991980980267
19.541124155403068129999155644327	8.806102699708171499537456838880
15.215465391367990477533567172941	4.267364419069364700476398866158
8.940994760392312556973593018483	12.286908360349848123860283521935
13.299987920711558331277046818286	1.883741612105103602203826085315
7.882325753321287820085672137793	7.400776085834377404637507424923
10.161789589007582890189951285720	18.893182597140960155002176179551
3.319707883924362334937541163526	8.073516724603473804222630860750
5.642003703598402530872135685058	10.497433333852242753891914617270
7.410291131955312415868775133276	4.558361577021456056968418124598
6.456106386838555089013880206039	6.365632782993160709850144485245
12.558949604533655275417913799174	12.193224759485795871682967117522
17.376165074802351284688484156504	1.824994854591658555165167854284
17.614698595535152492175257066265	10.518508102051942643129223142751
9.851382638530770563534133543726	18.170902506349424498921507620253
7.208480729374828754885129455943	12.694203008112584285527191241272
12.586630807904304774069714767393	6.592209254057728173847863217816
8.216499909649980892822895839345	17.486189601022470441193945589475
9.575707346525874186227156314999	15.548158217862175334289531747345
15.055480105094153131517487054225	19.726862281613286143056029686704
13.935867059638070486471406184137	15.249997636015496738082219962962
15.202525226977643413306395814288	4.903013974600094471156808140222
15.788488175372336286272911820561	7.422564516827689473643658857327
12.710633187197567295356748218182	19.948463678175876623299700440839
5.611386336628498838763334788382	4.177580923136963164665758085903
19.654042585808035425998241407797	5.722222686379901723796592705185
2.199070520420078445056333293905	5.015361069692527706820328603499
15.289031309634665944940934423357	14.697393230535185537632969499100
15.498423746917119103727600304410	1.989894660537988801962683282909
5.875007664276609808950979640940	17.228307552389601653430872829631
17.672406654387472713096940424293	16.315242771423619672077620634809
18.005294191713961282630407367833	19.912735453990251244249520823359
18.512829721722130926764293690212	13.664366752454562004004401387647
6.005090659059807656205975945340	13.154332340533635203883022768423
