40
5.331714388200658127914266515290	3.173393413529482565138550853590
8.146590588264855270494990691077	10.411094078477526991832746716682
16.136360343490267155175388325006	9.963485949352170578663390188012
11.589936864959682338849233929068	13.325336662379321239768614759669
3.286909140578222476847258803900	1.475548485518160646279284264892
11.991355081706666751983902940992	1.430400837629006716156254697125
2.878834981983620977530335949268	12.972177572388392974289672565646
11.939180340275489911050499358680	15.042365642671933656515648181085
8.231962615832925322933988354634	0.032942320149276227425616525579
15.730821781059109554234964889474	14.661556258898787774569427710958
5.881479917523964928705026977696	12.980155054448182738724426599219
19.063716866797904003760777413845	9.085005342549528961626492673531
16.928090451865788423901904025115	16.138442428582401078074326505885
1.903028104794996622217695403378	13.494446161801629813226099940948
8.274490536754830927179682475980	7.367862081327698930977021518629
18.727388091655654989153845235705	15.371755408672822085236475686543
9.123532154691984530359150085133	5.310084146351751854808753705584
14.279826543001796324006136273965	14.868621662475725031526962993667
3.716310708323575795475335326046	14.831769268751726187360873154830
13.339832792239958436653068929445	12.574118259958916965501884988043
19.140101240857593012378856656142	15.314379349391083806608548911754
15.124764770181879924848544760607	8.538094169617906459279765840620
19.498032449766750318076447001658	3.921404108585873515835373837035
2.838743462618152690879469446372	1.145626736146269308846967760473
5.342999850478398649045175261563	6.807771300611917375533721497050
6.068510280929964473273230396444	8.124299697312078905042653786950
12.348910032738761088921819464304	7.761390973494338041405171679799
16.596294814895923508402120205574	6.549440326711319926289434079081
6.845068324385182201297084247926	18.472323624689007459664935595356
15.704677148698046096342295641080	10.836160305180758456344847218134
9.709447049945412189231319644023	7.501223959298686239094422489870
10.225694659374184425359999295324	9.387160425275274278078541101422
1.693453845162533610846367082559	10.183522681193641901131741178688
3.808075462370905661657616292359	12.587011713046866390186551143415
8.290575514080730457067147654016	7.608041774086986563929713156540
13.836812718474398309354000957683	11.073883792462627440045253024437
12.559346898105406609147394192405	15.156220334251951697979166056029
1.717594432158744410799044999294	3.038248696947912108612399606500
8.948137735223395949901714629959	10.933817023750245667201852484141
12.679207489933348895760900632013	10.555179425530731407434359425679
