40
10.447216826705927772422910493333	8.471499030286064879646801273338
11.661502699086881307266594376415	9.535661986731584605081479821820
9.952339712950820427295184344985	9.339089277504900366011497681029
9.960192564403630655078814015724	8.443715747254101344765331305098
9.680436787194173220427728665527	11.352659607258395624285185476765
8.823225934538175607713128556497	9.969813815478349994236850761808
11.209550358946769321732972457539	9.187028894967674830240866867825
10.368971191882938143180581391789	10.523103534068827258352030185051
9.405443155489725981510673591401	11.010583120840141901908282306977
8.171639104484960114405112108216	10.492971501155080815692599571776
9.966187681083509275481446820777	10.607155683959401670790612115525
11.553135262450474840534297982231	11.176037527691857320633062045090
9.034418875400007209464092738926	9.289398539595660864165438397322
10.978594541507277426717337220907	10.339669286680496895769465481862
9.087874589497092259193777863402	9.393226062433390310957292967942
12.045626038198715690441531478427	10.110748613491008285336647531949
9.477548940703229618520708754659	9.933441083141097749376058345661
10.384671914900101441503466048744	10.461869083554258708090856089257
11.142442883327117186809118720703	10.047825936260121437726411386393
10.933676309603580278917434043251	8.843700743950464016052137594670
10.503346768045364711952061043121	10.472496976051289152565004769713
9.693868896520600131339051586110	11.746939319888424435589513450395
8.874018841940211288488171703648	11.602017724299948042698815697804
9.998827384447771748909872258082	9.251665308283168798197948490269
11.707206549628207170599125674926	9.953083765396497639699191495311
9.400364919323441981191535887774	11.189911643866594204155262559652
11.197939434691278393074753694236	9.482077714517934907689777901396
9.969348417545022655872344330419	10.126906365567386103521130280569
10.880409177249450891622473136522	9.227434399920213081713882274926
11.250196219238617345581587869674	10.356151250027368249106984876562
11.682501583078337858978557051159	10.619579106131048717998055508360
8.645982821600613377199806564022	8.562813471638659024165463051759
8.826213058476625406001403462142	10.331462174027937095388551824726
9.497663913139597013923776103184	10.121742204308912249643981340341
9.439258377709533576194189663511	10.388469501471236711154233489651
10.037405857095023975489311851561	10.324927930607316284294938668609
9.839830098869049024301602912601	9.496382274404643553111782239284
9.989434884010805149046063888818	10.471339027860398829261612263508
10.354937725539514303818577900529	9.633095474936142821320572693367
11.003406012363678101451114343945	9.386090773461130964960830169730
