40
18.756557010545961361458466853946	10.150781099110199434676360397134
7.057994444007310796962428867118	12.454318978943270224135630996898
8.563524384840620840009250969160	10.517175432125307921182866266463
6.264172465784477061845336720580	6.787328610960128294493642897578
2.745869605976825944537722534733	16.663149318785741570536629296839
8.813715624879186805173958418891	13.202059958225360603023545991164
12.728880671504597899001964833587	5.326988258020824318350605608430
7.686642593830514513797425024677	3.431538953767190314181334542809
8.500331827918927274367888458073	6.438303446423160103506688756170
15.546514205257786045422108145431	10.503728119324460266170717659406
17.719522424359546164396306267008	4.987050890412824344366526929662
7.756528436157979378151594573865	15.937055777061921446602354990318
13.539999355795558244608400855213	1.992362183156243915505001496058
13.866346603495376399450833559968	17.871145609907550522166275186464
19.896708768024140567831636872143	9.469376977664897054864923120476
2.926335952763277958865728578530	8.524164586482644523357521393336
13.365877596761821521909041621257	8.303548570058154609796474687755
12.018305794138930409076237992849	11.731082344578677378876818693243
7.698689338383582381197811628226	4.803166391072087648694832751062
9.948869209095342114324012072757	13.255351954445194095910665055271
6.035698096866456197062689170707	11.859071080467915138001444574911
13.559641727841235336882164119743	13.073343765249310521880943269935
13.589766980554470521269649907481	0.023396801429587554821409867145
4.794812227098176116157901560655	18.497644478336528806039495975710
13.365107966953363671791521483101	8.845896255083415482545206032228
16.775357180144183644188160542399	14.460152015327222940754836599808
5.257967121837856971922064985847	8.465382627211837984759768005461
5.944897171356114284890281851403	13.929362600883349543323674879503
13.722542868928433890118867566343	15.084310901935737092571798712015
3.428155556140716875290763709927	8.569482378915155962317840021569
7.736965561947959812982844596263	6.365224485438551127458595146891
1.591861372708555322219581285026	1.417892226213687933977780630812
9.939046299555196029018588887993	9.032646153844545722222392214462
10.688397857878170427170516632032	7.067421000660198515674892405514
10.297053491309744899240286031272	9.786061840894969776627476676367
10.146895817901462777399501646869	14.539353732478041081321862293407
9.765683066062392114758949901443	12.743930602602940638234940706752
6.240883137186727935841190628707	6.459762234908984268599851930048
10.781633385812078529397695092484	15.068690648008729482398848631419
9.570768040631417505892386543564	11.412202357364927607363824790809
