40
16.935427686145295922415243694559	3.017171006400029220628766779555
4.545160146385502031307623838075	8.503307916301183766449867107440
5.103501949410830462738886126317	4.444095016257502805956391966902
3.411722836281830595339670253452	13.409477224688476582059593056329
5.550235067671708044656497804681	6.381718798190073371756625419948
11.369848177128512034528284857515	10.246641931259206970139530312736
6.894768842931184416045198304346	17.958301622048594481384498067200
15.554056738968357720409585454036	1.617134474110389907863805092347
10.862375952625324515565807814710	10.757393106122446368999590049498
10.590595885381839380556812102441	15.295946551116427869487779389601
7.711351204302705930615502438741	10.523454745857597103508851432707
7.744204747216560491551717859693	5.713027151481210985650704969885
7.971806185604737748917614226229	12.877490943573459247772916569375
10.194437963885578213307780970354	13.697954257719150206185076967813
8.872108785229304572794717387296	4.053889808792543902882243855856
12.194543539771029116991485352628	9.406117083119042376893048640341
4.572003694579898080974089680240	9.169969975684528762371883203741
0.089599691144508497586684825365	11.860520904274762798991105228197
12.052823027570118696871759311762	9.045625156819445678024749213364
8.612830437849137155126300058328	6.800214940365934879196174733806
14.268450683206362228361285815481	7.207197738933560415830470446963
9.906579555175257567611879494507	9.784657355937246947519270179328
11.784129172792466633268304576632	14.452615774215423982695938320830
13.872993768981174866894434671849	2.721336359101692359274693444604
11.053184091699989721746533177793	8.617049133717408437860285630450
6.661971343677884682676904049003	9.180878296075206890236586332321
11.988429462219233556652397965081	14.731580330781595122857652313542
15.119478459652931690015975618735	8.905712842073533863640477648005
17.402080991037614410288369981572	3.833063082008065780570404967875
18.323526395116985554523125756532	2.826038670686656040231810038676
16.005987157145824539838940836489	7.873155197611803046697787067387
9.573333383566415832888196746353	11.553803066399604304592685366515
5.913700280979805157244300062303	8.142379834842998320709739346057
3.462437496042229945203416718869	12.758939091474614357935024600010
4.654437422347250219445413677022	13.201023798354686533684798632748
8.890255010991603867864796484355	11.943035952002684751960259745829
12.829943836451001004661520710215	15.709136506936850707916164537892
7.765747676208756722360249113990	7.547619505136974105141689506127
8.371417167430132977301582286600	13.761832647737669788057246478274
10.694018653656113926331272523385	8.357575155594494376032344007399
