40
14.890997508177463259926298633218	6.756423957118418144318638951518
2.161362659825833532067917985842	9.541364456250954972915678808931
7.315991433272193589232301746961	1.000807781589466927130160911474
4.235407455031288570523884118302	4.553397865730756777224996767472
6.418703106052623397204115462955	3.927442066740129078539212059695
5.786654413024330700920927483821	9.786370560948945751533756265417
5.518611436765511690794028254459	12.867330193695853068902579252608
3.582376268800991248042464576429	13.727428670969320734229768277146
7.271074312198734901357966009527	13.127720563677238274635783454869
10.991337820958985815877895220183	19.449536763831126506829605204985
5.114331761053954039653035579249	18.133042026358715759215556317940
14.159081559955037477038786164485	14.959537419928462753659914596938
10.755779980281921837104164296761	1.895121104764111663598669110797
2.642169086156332724613093887456	17.483112156473609388740442227572
10.928190422494379774320805154275	12.640762804307120958924315345939
16.828677590563096089226746698841	7.648745344026886883170845976565
5.075660244973153822911626775749	2.630237533854013598499932413688
6.666304612079665403712169791106	14.697548070636795358723247773014
14.982098749180849495132861193269	6.144572386758831328279484296218
11.018698838703533837701797892805	14.937929211625394998463889351115
18.714815074839322051047929562628	0.578142076001851634714512329083
8.333012983654299432600964792073	3.258102445552766290859381115297
15.562151769763426401027572865132	16.672478076929717616394555079751
10.887298753719887756119533150923	5.355413127804349748828371957643
12.605264906603366625859052874148	11.841882011942775676516248495318
18.588258136961542277276748791337	13.375208940404778701349641778506
1.405959099638478093652338429820	0.691386278298477208181793685071
17.275526789134847405193795566447	8.274490968934967938253066677134
8.753629708971963907515601022169	15.123665952303522175270700245164
13.218045555363314491614801227115	11.721043772113805658818819210865
2.349917387811161439969964703778	17.439456914948724630676224478520
16.316465253227722342899141949601	11.228046657444405553860633517615
18.906003775580366266240162076429	14.429488240482303496037275181152
14.208483128842271270286801154725	7.509361917555530396839458262548
2.219375887163882232755440782057	18.846648985417168375988694606349
18.079412848650036949038621969521	7.313377898769941154455409559887
8.046988556200799891371389094274	18.898369719744941619410383282229
9.513123261926271112542963237502	16.878549083844106348806235473603
3.278157655293433059284780028975	1.621094964159716766971541801468
2.936746608090760268794383591739	8.858201671270997223928134189919
