40
14.565776347622286124305901466869	1.934066111290533074296149607108
12.545875273726760923409528913908	6.897149135285501664327512116870
1.145634651722061025935772704543	0.905554993599262392223181450390
18.092915876488412152411910938099	8.291329360362304612408479442820
5.883579601134225178782344300998	6.673128523999952044221117830602
2.945017957703535138591632858152	18.789748279206417436171250301413
11.139689706505562227789596363436	3.061496988545161723749288285035
15.809487393823935974523919867352	4.674076615453254923693293676479
17.613502993599318813267018413171	17.758605482877655390439031179994
14.090849456069696188365014677402	0.025551404587824677605567558203
10.399542592322994494224985828623	17.040704918757093366821209201589
14.314773817541476930159660696518	8.050590428795590725030706380494
12.623412851023598335586939356290	15.057374277832298758994511445053
9.974018223005399974567808385473	11.683862438627574675820142147131
5.970367005580459185409836209146	7.908272768542817132697564375121
2.942319409229082083356843213551	11.098601077544957504983358376194
7.111564024010212925475116207963	3.565198494907702020384476782056
15.504393414059412847905150556471	6.190252304899428459350474440726
10.917691739472182632653129985556	19.788892161255937196528975619003
6.646290633647120138505215436453	9.054834271454254235322878230363
0.398410413614993741404646243609	9.419146424100224734843322949018
13.765392158144033274425055424217	9.895848728103583624715611222200
15.063519850029480906528078776319	11.846651643117841246066745952703
10.171842368491239128047709527891	11.665853309692852946000130032189
16.619025321315074705808001453988	11.187236837704311653851618757471
18.110589187134550570590363349766	5.599779241893456216416780080181
12.609769603537879234522733895574	13.389320285468958360297619947232
7.646518432154555178215105115669	10.798412672238930198886919242796
3.666494022456726398218052054290	14.490819664717395909292463329621
17.497209477603409055745942168869	9.236499474916591623241401975974
9.057719517330879099858975678217	16.322209830648851891510275891051
17.926601588587800506502389907837	5.916487547891599696470166236395
12.195777283059767270856355025899	19.949968308305688680093226139434
12.300964470446631437994255975354	5.916320878252979476030759542482
16.388930901173051069008579361252	13.867286591694139019637077581137
3.310539172388950124314987988328	16.552391137465601644862545072101
0.139800111634569734775368488044	9.692013025292341765748460602481
13.378917916102402330125187290832	5.307765958164708308686385862529
16.444795164375474172402391559444	8.546377451143417403045532410033
4.900363772568351095060279476456	7.442097197363996663455054658698
