40
5.678884009478895933398234774359	3.577650640290679362465198209975
2.988392416661826089807618700434	17.498359843497588883565185824409
5.037248975942525852644848782802	11.718944330754530014360170753207
9.462502183576003034204404684715	10.284027947072216235824271279853
5.164162208968576806000783108175	10.216914434404628764241351746023
7.821604785533680548326174175600	0.071816678190544269710926528205
14.911281453799801965942606329918	11.555937525145527189351923880167
17.151178091700170824651650036685	10.905459819498815932092838920653
19.124831678918834398928083828650	1.830929775351933130878023803234
12.428410257311540476621303241700	13.321261545639213608183126780204
17.432114652261617493422818370163	10.708278746637750700188007613178
14.083369980200188820163020864129	8.522624118750265154176304349676
4.971605096201976436987024499103	0.958421302640649397375227636076
2.365291001588009311973337389645	3.392017521186049044956689613173
2.515015326853617949609542847611	12.590869006662817497499418095686
9.013675703136724948194569151383	11.484607897432862699815814266913
14.036796664096900855156491161324	7.554911987826534058854122122284
3.275420238372303227691872962168	11.518706002255054698935055057518
17.750783572803708665333033422939	1.358799224289090279427227869746
1.584202983535634157163940471946	17.585347279426194688767282059416
13.981678430306645921632480167318	6.073434026704585875222619506530
8.384276030794765688369807321578	6.218556581649054670890564011643
7.988803322126088346522010397166	15.189213173479830132350798521657
3.217138125578346663502316005179	13.926426798563801057184718956705
1.847152618535354839934825577075	5.963424081023113387800549389794
6.107609273715052466968700173311	12.763541561343599184397135104518
0.095431359060770493130121394643	9.825968428357434447661944432184
6.262009421444615142604561697226	4.155978451096095760419757425552
9.921542070189673268032493069768	9.288612838591477682825825468171
8.616645152166153565076456288807	2.979067692981845816291297524003
16.537924104315766982153945718892	4.984391433666005788438724266598
14.503156789321334230180582380854	3.146025912537701696436442944105
15.834713568353800283716736885253	0.336173374607602326591404562350
9.076036579190814634898742951918	7.409251159180525014846807607682
4.305174395080653582112972799223	11.888570195555068664816644741222
13.817878979979582254600245505571	14.419545543289212119475450890604
12.796063670275428236777770507615	12.790870997333756875491417304147
15.457012789460353729964481317438	16.581325635342441415787106961943
15.714860865508153864311680081300	4.069922780762081693239906599047
7.942018060807988888427644269541	9.441811439746073730816533498000
