40
13.084968181048182600534346420318	14.875974822754827187054615933448
10.791296685573303903993291896768	4.280596203698982193941446894314
5.994707514929122460500821034657	6.718240681661495017351626302116
11.811228841231640629416688170750	3.705458761708599446649259334663
3.593087716000971987284628994530	14.182256915435552002691110828891
0.779913625564253365496369951870	14.808057402855618889248034975026
17.834437214113357583755714586005	11.460048048808948450982825306710
8.072396594331475938588482677005	10.261408415356259027362284541596
1.283032622305844583365797006991	12.933591607520412480880622752011
17.729052055112418884164071641862	8.924502199310833105982965207659
10.525417716525737432675668969750	12.144999229542953855798259610310
14.958142613884970018034437089227	10.158197520194429230855348578189
6.195507229349364486381546157645	12.245916203006656175489297311287
9.643506884566859227447821467649	9.628511290297506519664239021949
11.741491824709905600343518017326	18.642835453120920163883056375198
19.547034601367780481950831017457	13.197282577641459511141874827445
10.144626441727337962106503255200	4.924708975326390181237456999952
4.218030020432650850636946415761	11.964954148786613785659938002937
8.691346220590173032860548119061	12.347002371320385805120167788118
12.583036996942437824031912896316	12.090882072483642772908751794603
4.011484800229122349435328942491	5.438338869119836438414949952858
13.143050276461874403821639134549	15.678758002557636075380287365988
6.492953211131778701314942736644	3.819543803071945298199807439232
7.403648240514995038097367796581	7.780797824900237635858957219170
1.317883588976268782744227792136	13.639705683834637994777949643321
13.356793040582502385404950473458	19.547492306848937460017623379827
14.123522736414503953028543037362	16.976011915863942647320072865114
13.801420556852683318993513239548	7.348148952534341304954068618827
9.052588795242174413147040468175	5.937723705411509733664843224688
1.211071149243670319606280827429	5.385629534562932363428444659803
5.518272396694887227397430251585	17.772018656120067703341192100197
6.501116421096783781763406295795	12.523498834317084771328154602088
16.789037180236547897038690280169	10.446136893811928558761792373843
12.732386336568847440275931148790	6.623840362695129435621765878750
16.390347394326866492519911844283	18.027185710871187040993390837684
12.597961944610402085231726232450	10.748809004294272995139181148261
7.481985951154629610471147316275	4.761124596692798860431139473803
1.123412831559662095060048159212	2.712490236038936686213673965540
8.766316324059852505001799727324	16.270217398748073378556000534445
16.702539435095975051126515609212	1.240356305156399940869960119016
