40
10.945656921207632450432356563397	9.128660993761769759657909162343
9.192370424870697220853799080942	11.974401824084329959418937505689
8.860863991498147740344393241685	12.450226679007876384730479912832
6.231075433868257462677320290823	9.208439387861346858699107542634
10.529919291640000622578554612119	10.461636279899282797600790217984
9.701908748749875854855417856015	12.611476403019404202154873928521
11.854546846479800947804505995009	7.695273216450007502942298742710
11.463844991123407268673872749787	14.123336444410540480021154507995
9.032802812630720268316508736461	8.268413435060166349899191118311
11.747745830981315862118208315223	9.093863213811372858685899700504
9.105666951339715708968469698448	8.865950909937948765104920312297
11.108487056196484132897239760496	8.757544700775298451844719238579
12.140017588795700476111960597336	11.034364725175910493248920829501
7.198988338255833063783484249143	8.190454567251606476929737254977
12.615873135973160401590575929731	8.144792128499979355638060951605
11.043552331403736488368849677499	8.933976199191340228367153031286
8.494565846305695444584671349730	8.911053447498456847597481100820
6.758583285474371038503704767209	12.744926918927898640276907826774
9.968793447885113678808011172805	8.135716120620815061670327850152
10.701570212744334398280443565454	11.365891158271875127638850244693
9.827537316758682806039360002615	10.160748082037780903874590876512
8.254842820137074710373781272210	11.362988616580357970065051631536
8.857148729864533720501640345901	11.571540078659896977342214086093
8.508118841003096122221904806793	12.066652849007313719198464241344
10.741597501557956562123763433192	7.649263235460308507640547759365
10.002758127358285733521370275412	11.737510406006725460770212521311
11.534515053935933792672585695982	9.541596195174959049722929194104
9.029389097628023108654815587215	8.963573125458099255524757609237
9.258735231380356367480999324471	9.502487183323715669303055619821
8.553395223334243624435657693539	11.899484257806310694149942719378
12.542668685677462292460404569283	9.399372956067862716622585139703
8.329146423229197182536154286936	8.141539698513549083713769505266
10.140790477506980593602747831028	10.097740465759160954917206254322
9.717368207384874168042188102845	9.480698356378258750964960199781
11.891473132844016191711489227600	10.121267054421073439129941107240
14.445426165297369891504786210135	10.834523326451876101828020182438
9.128475457143480298327631317079	5.633096159466143504346291592810
10.495631253677899508147675078362	9.961472221763477463696290215012
10.933226720982165858231383026578	8.063711850809479386725797667168
13.225739064661956589930014160927	10.818464720674871415440065902658
