40
8.641254596518859187881389516406	8.243878190899469160513035603799
8.113995038378130075784611108247	10.477644482923130553331247938331
3.982901742970068603710842580767	7.303568665621929412168356066104
11.982470091494304753609867475461	5.037824141520226284285399742657
6.006098644429194166605157079175	9.619710811410012496480703703128
6.102841363693478626828436972573	11.058418884011622651541983941570
8.014770206403762031754922645632	16.083053985342630198829283472151
12.007623625580345461116849037353	10.400082898113026885766885243356
2.574098457315299626202431682032	14.895553451907719733071644441225
9.826801749185852585810607706662	10.312299485485924677163893647958
7.432026010813746808025825885125	7.046087909498152335174836480292
15.065985478350057746865786612034	11.573454316924472351502117817290
12.759236426664790187146536482032	11.478790899358667587648596963845
11.249535061680902003899973351508	5.889669171141169279337646003114
6.313949378805578049878022284247	10.769753864726473224777691939380
13.650655449326389856423702440225	12.548914312141846494341734796762
4.935843428524591125494680454722	8.430967141919419205464691913221
5.730107789749898650200066185789	11.696022460206673798666088259779
9.984569824298068496659652737435	11.223778565527798178891316638328
8.276018956594700881623793975450	5.930410449805163075609470979543
7.237172413713651053512876387686	9.049876830096801327840694284532
10.921522761459538486406017909758	5.196927713811305693525355309248
8.425614818461173882724324357696	9.054549605119984079237838159315
7.991837960302158982983655732824	6.442514661246653062676159606781
7.130317425269444342461611086037	10.140690600792586550937812717166
11.461761997027080539623966615181	9.796831063118768057051966025028
5.407146850772117652184078906430	9.240177470246226931749333743937
4.207119339722763307065633853199	17.066139843581865420674148481339
14.998032305903613803366170031950	6.270436446024066690085874142824
13.713119421042655687870137626305	7.889091123545910910763723222772
12.125587672305289999030719627626	6.183548726238786485964737948962
10.355947604353875846072696731426	11.489164103415788531492580659688
10.630482217687744039835706644226	4.224771500259262069221222191118
8.813485069283528261507854040246	9.586405822257173525713369599544
6.154885449777980355179352045525	10.001773833936089985741091368254
5.721810165873046472029272990767	9.371251353298966080274112755433
10.459409612828737934364653483499	15.217787372269960144421929726377
8.898701411844069042444971273653	4.410757742448700113868653716054
12.765239539328653961547388462350	11.957826172183082746869331458583
9.257819448624498903654966852628	10.742263955045315171332731551956
