40
8.869465564285711423053726321086	9.578309502121667762253309774678
19.535304009117638202042144257575	8.255032144663971394038526341319
8.539330169873236897615242924076	12.929807717775410935701074777171
5.291713188599897144115402625175	8.770591275690836852163556613959
4.304390257064643066087228362449	2.300400459090143900908742580214
6.250716731665765024672509753145	16.208156794144013446157259750180
9.778382477481892820492248574737	2.174258722890292094831465874449
5.368948525147095196530244720634	11.090594033369196580451898626052
8.289038599921916272705857409164	13.845033380372349540721188532189
15.692707821566369119636874529533	8.903558397287984149670592159964
7.960847995147817712791038502473	3.553967727487879812997562112287
4.318707017483582433214905904606	10.626831842197820066076019429602
8.601919433127729774923864169978	6.455371332997109412588088162011
13.020571517773774417037202510983	14.944972817117923469254492374603
10.638731625704030747670003620442	9.030289615895316757132604834624
14.507115482939390460614959010854	8.573949572437262744983854645398
12.237973475508432841252215439454	2.983890673463137410692525008926
6.630879295017058971950518753147	11.357559500441572808426826668438
6.842770220538323400205626967363	7.460688550252225326175903319381
4.170662993607153978814494621474	12.269340215925378601014017476700
14.341415062437452121457681641914	0.819299408831186681823055550922
8.571730265321688690960399981122	11.628555640736248477651315624826
11.375411345018729747380348271690	10.840141608944140472203798708506
16.984566256563333297435747226700	13.296352395645719468575407518074
5.455929913403259945425816113129	10.520811076540702799775317544118
13.133305331177957953059376450256	3.742789963913936368555823719362
4.324921705739804167478723684326	12.052757383311989869412172993179
18.404727442034669593340368010104	8.643600150571201012894562154543
17.277836019001451717258532880805	5.447634510046518663273218407994
5.149601682619041831401318631833	14.571068595430364922549415496178
7.663204462628170787752424075734	16.146518683462605991962846019305
11.771634946355588269284453417640	10.294068678675586170356837101281
7.830635339371140091202505573165	10.262956385771348166713323735166
11.550253234159244541956468310673	4.575505702064810442664111178601
4.156627732045174994368608167861	8.788993168351744600386155070737
7.136034994691878630135306593729	18.032556117846830545659031486139
6.669826909940864467785104352515	6.896927067757416374149670446059
13.980875550520869055048933660146	9.020689840922106128573432215489
7.812848290853886545903606020147	18.186202831589550754642914398573
5.829072168522065666707021591719	14.794389423917845505229706759565
