40
6.226452446132664242384180397494	11.601605982795868854395848757122
6.451892939449344943625419546152	3.797494443287587895241586011252
8.283737201832348517882564920001	12.875968298117902222088559938129
14.614967351173401510777694056742	19.429343883492332878404340590350
9.390829192162186700443271547556	17.826198971443915297641069628298
17.667185714707425603364754351787	6.435223981045518293342411197955
12.991671996238981279248037026264	11.302857359593827979438174224924
7.077439307134692825229649315588	12.363154758889821849265899800230
3.891859242746726010864222189412	13.406413852884227821959939319640
2.845160223470761806652262748685	7.933267085225341297416434827028
9.685388816375464671182271558791	18.661723138486948414538346696645
12.088760175772309324315756384749	9.545625088121671097951548290439
9.435079590490387246859427250456	16.717969394321514187140564899892
7.243834333352517695914229989285	14.583798038912698658009503560606
11.555271603020019099972159892786	10.601303080697261904674633115064
7.898522260160152796970578492619	8.304819219848043942988624621648
11.433358150774946437877588323317	4.417226005377145270358596462756
8.812122822719574699590339150745	10.038395328201668021961268095765
19.791880290808961717630154453218	17.162330734728207914940867340192
14.509254906268973073224515246693	13.168834443517383192556735593826
10.588902281218651069139013998210	4.552887435293455631324377463898
13.721936093753321017629787093028	5.813123294751401992641604010714
11.732625536258542098266843822785	9.279004869256947785061129252426
13.995466167796307033199809666257	12.795776323523368134260635997634
14.155817044618864031235716538504	10.402918800444076907751878025010
11.894009482608510097634280100465	13.390918902388499134303856408224
9.660933030284185818459263828117	11.585302654050874338054200052284
7.889697414597233837696421687724	14.977211812376111765843234024942
6.825973943890250694721544277854	9.256868695422186377186335448641
6.953192340571447083164002833655	13.474839063344450806880558957346
12.297739914787600312706672411878	9.689828660537070703639983548783
7.975125416363519903484302631114	7.977035617437811865215735451784
12.039815868507844243140425533056	19.933089396512475133249608916230
7.019109891969327108540710469242	17.999763369440596960657785530202
7.364767447156292057286464114441	2.370077783202946264395905018318
14.706821225535055219779678736813	5.782809457082987769638293684693
13.612703923126426630574314913247	8.331431421681848803473258158192
5.609059167964408842976808955427	10.521896301100873927225620718673
7.133555239997019015163459698670	9.816065492236601741637969098520
8.419058909633493570368045766372	6.169504061510679093771614134312
