40
13.308623133659912340931441576686	13.134802210258960997180111007765
19.239648971721091896824873401783	13.044066353705904504067802918144
7.545282195594643859237748984015	16.182409998393456618259733659215
5.944073128982894083094379311660	13.842618266416790717698859225493
3.884134061956451500208231664146	6.197203741178694436086971109034
0.787369025401398081598358658084	14.980693924982144693558439030312
6.751677546678289232318093127105	13.274022314951627876666861993726
14.678706300097339010335417697206	2.978193962753402423970783274854
6.055798283750617017062722879928	11.785148070377031714883742097300
12.900037050237509461680929234717	14.327961014513368454004194063600
15.879140072690262286414508707821	15.683399078345001242951184394769
9.660905658572035648035125632305	16.754912213069520277031188015826
8.472636649020540033916404354386	9.133702865701740947201869857963
17.441739847321919398837053449824	16.923362521223953791604799334891
2.538690977399005177517210540827	6.447867705496933332653952675173
6.540700737241712303671192785259	11.475242163092888247888367914129
3.086327736556218059860157154617	8.124678120815808313182060373947
4.844311814311095254481642768951	13.780835343920829316743947856594
3.297137109374845387321784073720	12.581550766365081628350708342623
13.477898848850092150541968294419	6.145567943686144118942138447892
14.974713096965757586076506413519	16.860471076037455873120052274317
12.182804200715549924893821298610	14.670600087505698994050362671260
9.196360323138220493888184137177	1.372932940763374354276038502576
7.666760378520681484815213480033	12.206090823371431142163601180073
13.557648486664255926825717324391	13.421525510262528158023087598849
14.764469594407817254477777169086	12.777309888685437044841819442809
11.685403954771317103222827427089	18.310656398227866503702898626216
2.821525687146093197554819198558	12.907060374288645832052679907065
8.952437591255407056678450317122	13.005431190461584023410068766680
6.311611756601874567707000096561	11.514210065674143734781864623073
2.147089721162276809707236679969	3.219429138244584542860593501246
19.836184899179421847748017171398	16.879274321273765480100337299518
9.990394573045390913534902210813	6.868551418615947312673597480170
19.645776232878027656170161208138	8.112857125399843383206643920857
12.449953710285036834193306276575	10.270585271376285518840631993953
16.476896428245343173557557747699	8.358253499556383303570328280330
14.075791745973145197012854623608	5.395308889771368576759869029047
13.095107120046289850279208621942	12.097751692598638584286163677461
3.610299574716274495500556440675	9.430612867502782492579171957914
7.352527358056999418067789520137	1.170689790465305968325537833152
