40
3.664754994056814929592746921116	7.848269013423511353266803780571
12.137237383735719475907899322920	2.481937248933948403362137469230
9.056262333991938362487417180091	7.003281655826775420337071409449
14.956274860777462265559734078124	6.281652136704174438364134402946
14.591290061976820879863225854933	10.150153258970622260903837741353
7.882247726990634362209675600752	16.126337689178200207607005722821
3.708942048140993819060895475559	5.783384423460989687271194270579
8.795143523713786493090083240531	0.486387677729362977174787374679
8.956841852565982975420411094092	14.999577265487618049633056216408
0.030640506204544948332113563083	11.494948870446979327653025393374
15.595013855109289835354502429254	3.506131740058623158518003037898
10.048284656754763233266203314997	7.311462761241212859886218211614
6.498883026689425079780448868405	5.206358260273625582215117901796
9.540370905196640549661424302030	2.570060376923128941939467040356
15.682687140155156413356962730177	12.365335188513267183907373691909
16.847350774827564379165778518654	5.419492142124014755211192095885
10.147268418599718842187940026633	1.610815596511319114370053284802
1.685757419704918547154193220194	14.080016286207694520271616056561
9.469629259730512060855289746542	17.532790852947783832860295660794
15.901597875297067474775758455507	12.808041826488636871772541780956
16.387845133321270907345024170354	10.306254039911243225446924043354
5.790300781282994968535149382660	17.452948166863446743946042261086
14.646793961256557636829711555038	13.088954131885463638695910049137
14.419123945734330760615193867125	5.201297478272288721257154975319
17.512877888068786091935180593282	19.645430948535512527541868621483
14.028370925884710018749501614366	13.731064500982913756388370529748
18.961390374204697195636981632560	12.774071902902372599442060163710
13.812697588517956148734810994938	4.151572468711171026711781451013
9.865882791576140675715578254312	12.038416571169957336451261653565
18.268936261650281949187046848238	13.718747394990742805021000094712
12.609214060184221750660071847960	11.873935187574884864147861662786
11.824426259702903507786686532199	14.574052638649398261350143002346
13.756193115091210898981444188394	15.400701390736102780465444084257
17.843466563835129079507169080898	12.164406927022358928525136434473
14.086583582235874700927524827421	6.433856228583253233921368519077
4.729905921093742193761499947868	13.833055150399223620638622378465
5.418134791230414748497423715889	16.259733176868834902961680199951
15.426486127541309656407975126058	5.298384766030167725148203317076
16.734782308934384786880400497466	1.253339941611269381382953724824
6.269510542452398027535309665836	14.226253142856524647186233778484
