40
4.036854580761542798938990017632	12.231854152069928431956213898957
5.490127904438995898317443788983	17.154051215355888615476942504756
12.479956885052478909869932977017	9.429789185831220166278399119619
7.838928772376480225148043246008	1.377119637559648834823633478663
14.762201396306457112928001151886	8.491509353518324587639654055238
4.022664031591213884553326352034	12.956413047451926345843276067171
12.550291940165680060204067558516	13.167841824133960315634794824291
0.965518026955196173588547026156	15.610104350597211464446445461363
10.642147712358344335825677262619	9.554927410604923565529134066310
17.958801027876063471921952441335	12.591085988144875784655596362427
4.334104932496596340740779851330	18.947616314585886243548884522170
14.995883179408940222288038057741	2.723013270654160322692405316047
6.046736456374012469439094275003	9.048864373882405942595141823404
12.206037884552829453355116129387	7.533018540435408638700209849048
10.934556285456338287076505366713	1.299092052288862486619791525300
10.264323851127556963547249324620	15.396530105191516213380964472890
1.828182474453761585664324229583	5.689875378480301115757811203366
8.364337307991156933439924614504	19.198403601900032811045093694702
16.560196566187482147824994171970	6.472421368286721765628044522600
4.580481044679381774642479285831	10.741888961991042705790277977940
7.320616301615420873361017584102	7.289055270025637689457198575838
3.060376695388554502130773471436	13.229664551752502887893570004962
8.687433708263540665939217433333	0.843385795598499798941816152364
0.089988327128400769083782506641	3.185395780835053702872983194538
8.365980389856924048785913328175	18.184134892902235947076405864209
11.171251239321987824837378866505	13.421676810235018351136204728391
9.639040071429713307793463172857	0.203388898769829129520303467871
12.563995994911326903320514247753	3.386358945386753305228921817616
7.819547479150037894157776463544	15.472733829509900616017148422543
1.340683868713026916097419416474	4.476694942600802029630813194672
7.360869040122545392534902930493	7.648918309594630038361628976418
9.274566986769281484725979680661	7.698342566719764690219562908169
19.731998380974999918180401436985	5.829196090279111786003340967000
18.956171676827722194502712227404	9.100300729272774447053961921483
12.819202864324935831064067315310	8.678679389526424259315717790741
4.472931876973882836523443984333	7.033804415937279230774947791360
0.139604320226242473168554170115	1.163173887104646198054069827776
8.355756867367173157390425330959	7.335565293375593931557432370028
6.263410119774604822850960772485	12.438072754677479636598036449868
11.116023620763677115519385552034	15.576324444322581896926749323029
