40
10.923214069712852136717629036866	10.128732718327057682472513988614
9.154337914110053375793540908489	12.152428123678529203743892139755
7.758550980557764376044360687956	9.896021726591282430263163405471
9.837839948585534344260850048158	8.372256957880003014338399225380
10.869170689723805622861618758179	7.437469840671585785685238079168
7.532520179860751952105601958465	9.310184716338689270287432009354
9.414647397834608355537966417614	8.087134442327338135214631620329
11.934372803837334231502609327435	9.703663621464665212101863289718
13.644781414004349073820776538923	12.761873329126759202267749060411
10.453711193722341477041481994092	7.835999121726954896871575328987
11.202321606452047220159329299349	9.611412872899796511205749993678
14.352223322005652761390592786483	8.370809203247064900210716587026
10.431896048952431499401427572593	7.690035172659937856565193214919
9.933790821306487828223907854408	11.352204861896941778809377865400
11.119707569439867711480474099517	11.000227866333148085686843842268
9.720867303317824337227648356929	8.491909298326362431907909922302
8.348895647093980798558732203674	11.386918343255675978298313566484
11.396261284154505233345844317228	9.899274422178853782838814368006
13.142617095979080232837077346630	9.992523631782733062323131889571
11.881001090415967524904772290029	4.980595953761304706119972252054
8.626740123169595264585041149985	9.429624750984689995902954251505
10.838125041931450098786626767833	10.364462683752284632987539225724
12.793463835943450490617578907404	10.163952104465842296576738590375
9.654788213870491020429653872270	9.113210980516988968247460434213
7.368373637561764333270275528776	8.356864739196824487521553237457
10.043746873367622285400102555286	10.807124179519691509199219581205
11.161330472311366435178570100106	11.966333244225808130067889578640
7.679301598294237862774025416002	10.517082054467387308704928727821
11.273175159509825959958106977865	12.093593344559819158234859060030
9.136609546892948685581359313801	10.890332321440904905784918810241
9.106176293959702405800271662883	9.279329891289364695694530382752
6.484797595958165850049681466771	11.012823627369897394601139239967
8.869638589303647790984541643411	10.792834891851452283617618377320
10.754062231447125697059163940139	9.212975954472483408608241006732
9.441011000419592846810701303184	7.526436328465943681464977998985
12.424185888282567091778219037224	7.880490667005667582145633787150
8.887882566391740013500566419680	8.564898431520258981208826298825
8.198338067943932827574826660566	10.236513076423079837695695459843
9.789185227791460164326053927653	11.272331691628405536675927578472
9.198053418014216831011253816541	12.922553259533898994959599804133
