40
6.012198685785388185820465878351	15.877291996987379363304171420168
11.106825395615908647073410975281	14.723261152188079847746848827228
14.027390496148964160738614737056	12.407528242239814986191959178541
8.057035103775776363477234554011	5.439355989653588352439328446053
4.319415296998324826915904850466	2.286814645984835081549135793466
11.779432770354043569227542320732	8.043638798012583634999828063883
6.074516189974004554130715405336	2.506355271831170128393750928808
6.416037698936260191828750976129	10.390112066903363086112221935764
4.201497653478077687339009571588	17.731948171876176445493911160156
7.118435715144374675844574085204	15.593060234222221538402664009482
8.255887715866803588937727909070	6.900860582010377441974924295209
2.240930962778767465692908444908	14.711871951942757874576273025014
16.999346486035229020217229845002	13.972500999485873762750998139381
16.218418337142441743026211042888	16.465711853910292461478093173355
18.785788862422283074238293920644	17.174350915612262014064981485717
9.197371838830724399826976878103	15.973846248763592825525847729295
19.536033954730058326276775915176	8.382902684577906882168463198468
8.550798310893142684108170215040	8.405249355948971157204141491093
12.300639337263156392054952448234	9.992078448775288279648520983756
0.023253582006313999741564657597	6.019809507884752441952969093109
17.207592896845191887678083730862	13.736106257065525682037332444452
8.646414370668022542076869285665	12.240594447402637356958621239755
8.682573214011860329719638684765	7.901266261262832379941301041981
15.437306826702215545310536981560	4.147246518975109097482345532626
11.594253764228620084963949921075	14.385778013580420520156621932983
4.787252471208629955867763783317	15.298682649158919844012416433543
8.100697910792224121223625843413	13.535247865828585744907286425587
14.433337995104514206445855961647	16.635635308715837510362689499743
14.185967821628544527357007609680	8.095160773750368576884284266271
0.928670400006554874750008821138	17.489045236717647213708914932795
7.623234773345768822139234544011	3.314533827696183543309871311067
5.665362002291873366743857332040	3.966132318429649306068540681736
1.483038004449133140383310092147	18.860830474969986880751093849540
7.032590925538108272974113788223	0.912098304632693590576764108846
13.988219343341162570482083538081	11.339161920530136384854813513812
15.481629064917935778566970839165	6.336690679627016820063545310404
14.456137346291685119581416074652	14.236301022743592881170116015710
1.532707850719575715103815127804	7.426420048016985298033887374913
5.524397801585212874897479196079	10.824254398995570625174877932295
4.447799651394317876906825404149	10.123207049154284931091751786880
