40
6.949611631491993790632477612235	18.328219617683572550959070213139
15.788879323872411220008871168830	6.009983129343709151726216077805
9.897139375921272019809293851722	8.698675196265243769744301971514
15.678104411089574199422713718377	8.620441615106878785468325077090
13.085721312412649908196726755705	9.366690653967429724957582948264
15.090443584866630288843225571327	9.772445082911831448768680274952
17.126169198159839623940570163541	5.536044232423161126632749073906
11.556295823285987367512461787555	11.038553567300271041062842414249
3.048819886713747706608046428300	9.528187854525025812790772761218
7.321002429703007408079429296777	15.522822481047729326064654742368
7.781938112984277289285728329560	7.454683465523276986175460478989
7.272332394730929294723864586558	5.890961350535190099719784484478
15.867511211503469326089543756098	9.530331268624872009809223527554
10.970131786918447147627375670709	4.677245134811321314316501229769
16.785910828533872063417220488191	4.626786961709072443227341864258
8.021168591264672187435280648060	9.890164703796408218750002561137
9.283258199923366760231147054583	13.874775654924849987992274691351
8.729331961267517314695396635216	11.619368092640161904682827298529
14.800115013873490710238911560737	13.252844437016523926331501570530
7.445683538662999367829797847662	7.192456327180346775662656000350
9.561608769269716034955308714416	3.604205198285739264463245490333
11.089347555395850264403634355403	10.687251592109685560672005522065
8.377520113920224886783216788899	10.615455550679415708259512030054
4.308553383346683141041921771830	10.655566745395535832585665048100
7.976689752039827219221024279250	9.659023033963947568736330140382
8.112928046614015897830540779978	11.701728363612698302631542901509
12.615928207808320138383351149969	14.728369595377795775448248605244
9.026986125234360613944772921968	8.684034680482962897940524271689
6.656299280565058040792791871354	8.777584945434234953154373215511
4.950268055250687027069034229498	10.138385188267601932921024854295
7.454447750652747117783292196691	4.783767663700333905296702141641
9.391165556265701042093496653251	8.926573357226233795813641336281
5.090206601916546169661614840152	4.704860447115899013681428186828
2.364368184351663515485597599763	8.830651610623737823857481998857
5.288392503262125288188144622836	18.386942361966934100792059325613
4.019813151427695352424507291289	10.751149445412226057783300348092
8.538517777751096105021133553237	12.186472563687818393418638152070
13.434376163139859272632747888565	4.647500386977204911431726941373
14.450340055952704432229438680224	10.550764581906877381811682425905
11.728814028192275031869939994067	7.431620067347878944019612390548
