40
11.341358372451647795742246671580	9.435224092953399477323728206102
11.153529151768919902565357915591	9.497773211263643489132846298162
10.209778590183741897590152802877	10.140255186845129387052111269441
10.079301156255317195586940215435	9.465743218698953853618149878457
11.688844931212518218899276689626	9.682154785417754538912049611099
11.378786286361329160854438669048	8.343638431073301831020216923207
9.041889827013159575130885059480	9.656201498516137959882144059520
9.230799689805460062075326277409	8.870634509303064518803694227245
11.244457601374989508258295245469	10.535896581250668191387376282364
10.482489482224682575406404794194	11.235645576946442503185608075000
9.536851148427993862810581049416	10.779194766916614156571085914038
8.788228286356053686745326558594	10.217211896719238239938931656070
10.223789289977650796004127187189	10.517234373211264752967508684378
10.003732283171244077379924419802	10.405559468074983442420489154756
10.438103638546555984589758736547	8.209553037480787907043122686446
10.919430532689222701492326450534	8.885029593795696456481891800649
9.302325589586356358040575287305	9.604194769219763117007460095920
11.136116519469126728836272377521	10.164775146163025354439923830796
9.778199146857023293932797969319	9.290349217968232764519598276820
9.464361241178259831485775066540	9.759659592427057717145544302184
9.341208022365416141497007629368	9.373111159387674362619691237342
8.585802704826649645042380143423	10.876761444607881301749330305029
8.979619900338592586308550380636	10.268154472349559469535051903222
9.364195895612510867067612707615	9.788954242235986313858120411169
9.775411492136719004975020652637	10.481462377856168188827723497525
11.142828376031824078040699532721	10.085290757141907036498196248431
10.679105047330594402410497423261	9.468327594784634371194442792330
11.328992449350883120473554299679	9.365706103515973879325429152232
8.981700461901914067652796802577	9.760027650411544186681567225605
9.339554504781405697144691657741	10.558928071087064992639170668554
9.747502152242468298481981037185	10.543732625564524951755629444961
8.944044616243795431387297867332	10.001413023029112281392372096889
11.682334805037463354437932139263	10.383912009810716270408192940522
9.183277243865852312865172279999	10.323215813493989756466362450738
9.340596365267643363949900958687	8.935163828337135072388264234178
10.168957922450443831507982395124	10.863106092547013759030960500240
10.008253154027984876961454574484	8.060501807603948520863923477009
10.324023121567815763910402893089	10.181252818318798247787526634056
10.128826687493699409969849511981	9.487430895593748303440406743903
8.653209287041562447484466247261	9.315413541364396365906941355206
