40
9.069067981287183499716775259003	12.066637467098290770195490040351
8.763906900580870740213867975399	9.339020690482989550673664780334
9.842480678936063043238391401246	11.196883022275649466337199555710
10.220440467237185799831422627904	9.935775903752888993381020554807
9.967368726430471781441156053916	8.521201182212321256770337640774
9.242754275785800999187813431490	6.966938152441541909354327799520
11.051685191845582068026487831958	10.342672625938989838800807774533
11.714955106252826766422003856860	8.462383219524316046999956597574
7.731926127576389085049868299393	8.825381053661965680134926515166
12.503466084177928152598724409472	8.398015361608827333839144557714
8.328845853977899338360657566227	12.670305359649931986609772138763
11.328168174760127939748599601444	12.137688476278251314965928031597
7.922863401064623722902524605161	9.922113801220319828644278459251
11.059261323169517154951790871564	5.242554840265575499813621718204
9.771550342313208403766111587174	12.090188337905056314980356546585
10.781651232734018819314769643825	6.813608199209836513432492210995
10.801018790338607900025635899510	6.009219319609165665951877599582
8.544215140987889256507514801342	9.198779058027763966265410999767
9.813760545046346095432454603724	6.801501770367254451343796972651
11.801752788398850668727391166613	8.521100466375711945943294267636
6.179261201426241356671198445838	9.224622533608505037250324676279
9.077108633789240599298864253797	11.326233194546118099310660909396
8.609485599354512075365164491814	9.750859110232871884704763942864
7.864347717327822451238716894295	12.413363796879776757009494758677
8.252880938897535045839504164178	8.325358825866720380304286663886
10.408891500132348539864324266091	8.230709719299747817444767861161
12.207406879942183763887442182750	8.117139554075363250262853398453
8.787717836069935728460222890135	9.928736147365324171687461785041
11.962336394029120967275048315059	8.797236917843481052159404498525
7.153282189482958131065970519558	11.599450958709443426641882979311
8.656828849978555950883674086072	11.249876627664374240112010738812
10.500282951902640604657790390775	9.187778458516774549025285523385
9.994833480569354833278339356184	10.471522581621117709005375218112
10.762882251457613236311772197951	8.212858030574508916288323234767
12.079427308728341472487954888493	7.563013592219483882672648178414
12.637303098817177726687077665702	11.806506674888883168250686139800
11.559319537068351024799994775094	8.461656678362141192906165088061
9.908044431112548622309077472892	11.336558011156006031683318724390
10.782926393429004718882424640469	12.560656860846961535571608692408
10.825394805933795439045752573293	11.175304694812879802157112862915
