40
4.030880785597781290618968341732	6.498678389749112049855739314808
15.427307534973270009004409075715	12.247023029059647569738444872200
9.911961321119095558174194593448	10.895300415077525002516267704777
2.478732282005116971390634716954	15.206282224114438861306553008035
15.714496673353192335298444959335	18.448408635088316742667302605696
2.327061046912050734647436911473	4.648302297891504508697835262865
14.119859700132293411911632574629	16.049688949645826596679398790002
5.513016377985604066225278074853	15.211921342807450230338872643188
2.311595301375195088411373944837	6.377467378111027151987855177140
2.990688711512762942845711222617	11.015247910467461878170070121996
19.983744236331876464873857912607	11.085612140317381957288489502389
14.943624581363376790932306903414	4.222580068444543144323688466102
13.608459295380290754451380053069	14.231537896637521001252935093362
11.404235084274887412902899086475	13.276954180762510659974395821337
11.976114059666340239118653698824	16.432311824338253103405804722570
18.665521648153678313519776565954	12.575247516321942597983252198901
8.375735579622110904551846033428	9.040689124282156541312360786833
8.511870803341901492444776522461	16.898698997510575026126389275305
4.641327961035160321046078024665	17.119826252305550440269144019112
2.587770188518181413428465020843	19.535538508294862936054414603859
17.816519697088487816927226958796	14.539219714562470642249536467716
12.254425268091999612352083204314	8.325658718784618272934494598303
9.666147580637744596288030152209	8.510966033411955677934201958124
5.016093794567579422505332331639	6.418758864044509238055979949422
4.649511609537136713754534866894	2.599674262351292064465724251932
7.134756517435961065132232761243	10.245578065076369256303223664872
17.413471915731488337542032240890	16.485538016205460110086278291419
16.841654882207372168068104656413	5.172339873559579359607596416026
10.569029993763217945001997577492	7.567944205697953563571900303941
9.401074920769019627186935395002	15.600939283773890053907962283120
3.776503178398124660475332348142	10.247396140628097782609984278679
4.618174026298510703725241910433	2.732069514266895371434884509654
13.375841502334273158680844062474	18.224223499132573778069854597561
17.231588371521400659958089818247	8.872047632279771889329822442960
10.075746501379896358230325859040	0.246616890739509431185183530033
5.963237145799407556978621869348	2.606675360369998806220337428385
8.849337496155500915051561605651	14.393764297925477180228881479707
5.662464295320561724622621113667	14.560452132564787319779497920536
18.235660354014619599638535873964	12.690550846523134254084652638994
18.360606857475890052455724799074	4.235800210292121725785818853183
