40
4.908885436393505941055082075763	9.711248485808846808708949538413
10.254803583382956944092256890144	5.104919332409993515398127783556
3.737823860901747785590032435721	9.334177862104864331627140927594
14.968833559693454304806436994113	12.565392204504604478643159382045
8.540380507146636546167428605258	13.091665498598086259107731166296
5.366520861093051486534477589885	2.411463813203285511121976014692
12.819938761542255534209289180581	15.777487978748567343245667871088
2.195428390572192967056253110059	5.515931679710127433224897686159
19.168142249944764898827997967601	15.951382676865442533653549617156
11.735883939946246456997869245242	5.358197286954318627749671577476
0.436775682155264632910984801129	9.970460160557172102357981202658
18.581396473531079038821189897135	10.639032414832662709613941842690
13.859054541199629539960369584151	8.944815196429900083785469178110
7.606443528439641887928246433148	12.946088185423851868449673929717
15.202873285720411189458900480531	13.144050390990619447961762489285
16.068225660097830598260770784691	18.120563951448549033784729545005
18.770236062809182442379096755758	7.862128061824174451999169832561
14.969703733394354117081093136221	4.719996985032164360518436296843
7.324617175167843718952553899726	2.057467986162420103823933459353
4.176562057192548138573329197243	13.785039569911202050889187376015
1.904183892674174316539392748382	10.104390768589750493333667691331
9.047313755315000705081729392987	8.893641263916752137674848199822
2.779222239776603764482842962025	11.033612913895616713944036746398
2.934345771938964730907173361629	5.722699856575439447681219462538
5.963879108344626978066571609816	17.189123152812037176317971898243
18.566867277968071903160307556391	3.164849041481236469053328619339
6.122104856213296919520416849991	15.487534331045395674664177931845
1.427416654333205414673102495726	2.814288562047658537323968630517
8.941790765316458333700211369433	2.961356201851221392473689775215
14.048225558264681112063954060432	4.840546394786188422187933610985
16.932079835969314984822631231509	4.748652543504007006447409366956
16.008830686363182849163422361016	12.048694239921822202177281724289
19.828425118373637303648138185963	9.221930135293627373016533965711
10.298549183929278427740428014658	14.715031702406633939972380176187
8.921431844774456720870148274116	3.423698567548895788092977454653
10.545070510432241306375544809271	16.668827828288971915071670082398
1.546066971107245890948433952872	12.681295992553867080232521402650
13.111141098085610678936063777655	13.825498415652205608239455614239
7.032307387234972395617660367861	4.257340282981623147406935459003
7.937059066320111710979290364776	0.665017944506887559441565827001
