40
6.756690624041783443942676967708	9.857700729001471984247473301366
5.410127138630831389320974267321	10.172189702951806467012829671148
8.650187691216160601470619440079	13.703593827786175296523651923053
9.444509466519534157669113483280	6.779397856866018479138347174739
1.948882662629845885504664693144	14.626052273800265624004168785177
8.701388243830505686560172762256	7.929260639424267509411947685294
10.168047766643111273765498481225	9.025394034274432542019894754048
9.276282307313636010803747922182	12.138796112127753445975031354465
10.399684696782534487624616303947	18.059441212421603495386079885066
1.196306139473692464747500707745	11.783719649490675962510977115016
10.071377207327797620450837712269	5.696335442901703238760546810227
16.672222425783871813109726645052	4.417750957698631353309792757500
3.212817332052388064056458460982	6.703344028875505955511471256614
12.048428033494563038630076334812	13.364919624826576693976676324382
5.531198821266023912812670459971	10.836467914021724823214753996581
2.918574506815469149501041101757	15.743458447434516500607060152106
6.069144478660186692309252975974	6.890155784397237859195683995495
9.839920656969255219337355811149	9.452887397340257180644584877882
18.208472147533296237043032306246	8.489414007407805939919853699394
8.038301618622876176800673420075	5.067284266163501804669522243785
13.252996420620975825954701576848	10.855397876339669238632268388756
17.821267095364259347434199298732	10.929361622947123322546758572571
14.195235060453025965898632421158	7.143704367705823621292893221835
11.539970954844047668075290857814	12.262847994682166685720403620508
3.889120033050035729615956370253	17.503375842169191400898853316903
15.535729185819155517833678459283	9.455848166206571647762757493183
3.571122144439368817359081731411	12.261479626843554413540005043615
8.557005228458670842428546166047	12.067709606658306498161437048111
5.905403488204178152898293774342	6.616186973622029121600007783854
12.529375907687061442175036063418	7.457287316622896788942398416111
1.176619734862354160753739051870	12.754664951121071680972818285227
8.956698852517291697949985973537	5.172498750280473345242171490099
19.519436900534021361863779020496	16.643433722714650713214723509736
2.315031648435126321317056863336	4.526819175212495771631893148879
18.743331491178089720506250159815	11.971263683045282988359758746810
16.055490434915412834016024135053	11.816454742559447055327837006189
8.451767703257166530761423928197	8.940172605825756235731205379125
5.932986368379108199633265030570	5.276454947171740350597701763036
15.302288325384386880045894940849	10.030095990514075410260375065263
10.978130406663856533100442902651	18.936905961494311156911862781271
