40
16.231169991396679819217752083205	3.156870940942085645986026065657
7.007722735204266584219112701248	10.335190835237964890325201849919
16.338191212196274904044912545942	8.080132820567937912414890888613
8.118648500617675622947899682913	15.893280964461590443193017563317
10.947846721124454560936101188418	17.483951802271072040184662910178
6.912206114155821090605513745686	3.185368788762996672403460252099
13.564571609244852723463736765552	8.783776437750992371888969501015
12.755103046477580974737975338940	12.192715401081947845796094043180
9.346365816574060403354451409541	18.212220295806169190200307639316
17.470331601297708346010040258989	7.388753434947305187563415529439
5.764997734918134497661412751768	6.200051530319164783122687367722
10.736350167971924207677147933282	8.802233474164486537461016268935
6.646312770034458417001133057056	3.660870053426542369834351120517
10.416595014519261397367699828465	5.745205471759194715275498310803
16.197246825402736192245356505737	6.663026908743735710061173449503
5.538865511487347070840314700035	8.229137865163469456319944583811
8.594642887418464383131322392728	7.431578285137929285042446281295
13.024327915511058506581321125850	8.620631726113458626059582456946
7.063455866046584041839651035843	6.276790458923104054633768100757
9.505126187604648890783209935762	8.159242996072952891495333460625
17.843835156486100856909615686163	10.866993074231446669841716357041
10.430205821605230909199235611595	7.533353626149778214937668963103
8.895151829436382939775285194628	8.119114121756936697238415945321
7.009772510812318557782418793067	8.359908151068783155324126710184
5.071121023303338581911248184042	12.799722505584904652664590685163
7.003767886546304666239848302212	11.138671613631242252040465245955
8.124190268910483680997458577622	11.396283090134247117930499371141
12.089179403990456762585381511599	12.758495365975523583301765029319
4.096785563988449396788382728118	19.904023094748421129907001159154
14.417677157286096445432121981867	8.963820978452897492161355330609
12.077531403969512524554374977015	10.832319038284914824998850235716
9.953532897108511079409254307393	0.378142827956927662924613287032
19.851768540661527850943457451649	11.817327856229201898941028048284
13.524935922050403291905240621418	13.532555183697173362133980845101
12.587734276495577745436094119214	9.970754873198135470602210261859
11.049848042087274890832304663491	10.723655770070596560117337503470
6.899809731491169273454033827875	10.680499710175267225054085429292
8.111375341783732650924321205821	3.204581596983783420284908061149
13.339797787571106013615462870803	6.019992526795834741903945541708
16.669581188627166312699046102352	18.552800948672931724559020949528
