40
11.076223620178351936260696675163	8.007410438833170829298069293145
8.137560037188709571864819736220	9.455548801189491925356378487777
5.705200567899393782056449708762	13.552226557626886105367702839430
4.363548311560238701645175751764	10.997435864746108791223377920687
4.794489239301262806236536562210	8.421835397291888014592586841900
8.797335281171168475111699081026	14.231513777360996542142856924329
15.611455907610510607241849356797	4.683545029562745654061473032925
10.901517875118436506909347372130	6.041803756829650318138646980515
10.100926205820140779678695253097	10.529374558232913017263854271732
8.435646439715860367414279608056	13.631194902078147990209799900185
15.779367591199767062448700016830	11.212659545315524667330464581028
11.292451627836314287378627341241	13.727119747936566085400045267306
8.587108049183067137732905393932	12.718595508282412254175142152235
9.469693031784297332364985777531	11.823499436679092866597784450278
11.131643037627124925847965641879	10.926902638726048166972759645432
7.979046737773602515630955167580	10.982330813910765598961916111875
8.446003672848057419741962803528	14.424614475765158871922722028103
7.402059387841019244547169364523	7.101202524135854510234366898658
12.832145580041954602279474784154	5.394776089791846196419555781176
11.980230006030085476709245995153	6.770578307823777564067313505802
11.939109022130638848580019839574	9.899212854757951873807542142458
8.724307172331370097140279540326	13.070955015942269383799612114672
6.613850399055449358343139465433	9.929144476423912735185695055407
8.559291783158263555719713622238	4.901994461112797907276217301842
7.205353614961220287682408525143	5.795052897191388829867264576023
11.244889812789201855025567056146	5.136686343960703560185265814653
7.443698353372124820737099071266	10.098150291896040187111793784425
11.898338823768703775840549496934	17.946178307277371288819267647341
8.527583595574169450515000789892	5.114714960397830800786778127076
5.611158541507023755912086926401	9.692958124947299580753679038025
12.500015285454594504699343815446	14.017834064770582358505635056645
9.284786906537151551788156211842	12.033359547634342234800897131208
12.567590930106439017777120170649	10.249887851921947401478973915800
5.968924688264465316933637950569	10.418071816091702075368630175944
9.300773978008258779937023064122	6.780318934954363108147390448721
6.972310300881024325292401044862	9.531849702213026631625325535424
12.875496681789989850130950799212	8.427641511720413092234593932517
13.400949718521841802498784090858	8.803206301301345959586797107477
12.741498509555048812558197823819	14.393619304766243516269241808914
9.082768486443010047537427453790	6.546053034244209811731707304716
