40
10.414447374290073611291518318467	13.886052892681995274415385210887
7.950662526276730091012723278254	19.177676017944499164968874538317
19.977388773303943025894113816321	15.571751965526035021980533201713
1.074216917153336670054386559059	12.116917260466252059813996311277
5.395891196416018331660779949743	6.591166790082145787721401575254
4.812982429775732207133387419162	6.190477253381200029025421827100
16.836935974301024288024564157240	8.325934499329752824792194587644
0.925315491404025802779642617679	16.513219962916675598307847394608
8.490478260795867981869378127158	16.284034680287032159640148165636
4.815262484172784240854525705799	8.514278891677161453799271839671
5.439359560955439043539172416786	2.335650295110272445242571848212
16.611630230599079283138053142466	17.134574996464529306194890523329
7.116475785097208905938259704271	0.845517177052031776440799148986
5.354063462191677835733116808115	8.045463084916219642650503374171
0.893514870498420377131765235390	16.166891419915906169535446679220
18.084405938471977748349672765471	18.116945307763309358506376156583
11.204807902856337875618919497356	12.115347007874483153955225134268
6.554071576034650625786071032053	8.536313403373343433599984564353
0.315783507409109098773569712648	6.480802563680441608084947802126
17.791601996926704742918445845135	10.770164662256332732681585184764
10.225290225358582674175522697624	4.455360026078097668289501598338
5.448575240082935700058897054987	7.486600918592110964766561664874
5.989613338844842260755285678897	12.407773199279345632817239675205
1.874532061207171640404567369842	2.661668088690884559355254168622
10.867077761831874127551600395236	18.405952270820403526840891572647
6.360150528114829171499877702445	4.453608618311427846947481157258
8.086775170712378724147129105404	19.829305771660195034655771451071
11.756759673264397747516341041774	12.238826608213022595350594201591
10.013339548860486161174776498228	5.498329997679576308655668981373
14.250819807974565378572151530534	12.778854618350594662956609681714
19.021345161945934165714788832702	16.675267534765502830396144418046
11.451738412884029827409904100932	15.079361919307469719342407188378
13.374549057897151982388095348142	7.851850014000024025051516218809
4.750955953121041908104871254181	4.947359753755253386486856470583
11.229375314693584186898078769445	4.149459964068473283305138465948
19.608802360306693657321375212632	4.007153374718383176400493539404
9.328265191885847684716281946748	13.768621365628444408457653480582
10.739504734253056739134990493767	5.575824551390955896579271211522
15.355404862509917762736222357489	10.603649807862129961222308338620
6.581451110647261515396166942082	2.624421297183157086863047879888
