40
8.546099068156774336557646165602	13.916178506681983861881235498004
18.721326411445680548695236211643	0.967168060743576418758493673522
7.230283987162685832572606159374	11.911003245714477216665727610234
2.986180805999549825457961560460	14.902113618574563957963619031943
11.668201812437320796789208543487	3.953653645662014604056366806617
19.282278992144224361027227132581	1.900537967256546778571646427736
0.455549161418366210796193627175	13.126558245379809974906493152957
15.153783280648774223209329647943	10.817979098309942642686110048089
16.792475233097587050679067033343	14.806374292640239076490615843795
1.690646759162575563095742836595	14.249132510416398389452297124080
15.905708718902737075495679164305	4.267290357032498704370482300874
14.526480794622937509075200068764	1.687297824404414114951578085311
11.250427831205852768903241667431	12.212047549821015479665220482275
19.393789812177402609449927695096	19.194780591195439001239719800651
11.537262341714257019020806183107	4.240204447474059890055286814459
10.325129329282045631543951458298	7.253147972039682755962530791294
15.179001024717852175172083661892	12.999916108003512604796014784370
4.019620136028565049457483837614	0.963668679288668172944198886398
7.213573424045792492620421398897	4.011722319549848592146190640051
0.539068294273018722151391557418	7.813824884376836088506479427451
8.454647615303215957283100578934	11.653517658256859590437670703977
2.524652221414131147980697278399	10.511250400788435754861893656198
4.616955198235986657095963892061	9.380405749641321122567205748055
2.192761949760615003413022350287	7.358220250130797168708340905141
9.459088292908605311026803974528	18.062684151846227109672327060252
9.489311801536560508907314215321	10.207177659922558987659613194410
9.163876468292469823495594027918	7.986722010854018449776958732400
8.991557943880167158567928709090	11.258181307460874975845399603713
10.930346533508036088733206270263	18.072965846510577136996289482340
17.790714563430576333757926477119	0.805106288358347299549677700270
19.517841498549429957165557425469	2.871770205896654104549270414282
11.893716817430291854407187202014	10.611199742795200506861874600872
12.243553885424054428199269750621	7.044936976094477998344700608868
2.017890946688844167056231526658	5.784039870562970087064513791120
2.397910607088713064172225131188	19.991261341432952747254603309557
7.443962483078444769546422321582	3.544872205656345087732006504666
16.107281027240194504202008829452	7.778859912450814206863469735254
17.160806091977470089204871328548	17.136183822638706431007449282333
7.828951630994716026634705485776	16.858463122872912265393097186461
9.097427859433551589063426945359	6.710167004695178682993628171971
