40
5.591537911802426208396354923025	6.172394250480326860497370944358
11.001898245841415402423990599345	14.107054473763568580579885747284
10.754431319851446957613916310947	12.018381737896330463399863219820
18.214814531646684514498701901175	9.419272682506237615029931475874
9.381382560963135830434111994691	15.813284489177537039950038888492
8.687803348087557608891984273214	10.490770857717848230095114558935
10.034765122456843045029017957859	16.335021251784485940561353345402
12.414165965288907145236407814082	6.740377399373654654368692717981
18.006375455453241585246360045858	8.086524286303973241274434258230
10.143975512229685520537714182865	4.703192640603397478571423562244
7.528877031253741414218438876560	11.483348213679127169939420127776
9.263268226198807298032988910563	5.609012313826237772218519239686
7.508773573810241686032895813696	7.577153531257296847911675286014
9.407996706842068235232545703184	14.212996371187589517148808226921
16.032742610079111500454018823802	7.431691875528277257956233370351
13.248063561397465548452601069584	1.495402935444060110725672529952
9.633549786849137319677538471296	12.578490634610409060201163811143
13.184580134124342265522500383668	1.049069600547305469717684900388
9.914906939165204491359872918110	7.946355870290750189610662346240
8.977119537330013443465759337414	16.605918633347251045506709488109
8.226152670022088386758696287870	14.872099847699884023199956573080
17.866879400147993806058366317302	17.937516896679728262142816674896
11.236096786200469921368494397029	10.552247715652104176342618302442
7.303788591152944320583628723398	10.717101436829970850794779835269
12.777438717024793390919512603432	7.293988905281549861570056236815
8.194718345178786833571393799502	17.569617189390083211719684186392
13.510368351465169567404700501356	11.884246309339776104252450750209
9.812036267032778980023977055680	11.531020427741264455789860221557
10.013420677838206884757710213307	9.901510023458749643054943589959
18.640776150771717567522500758059	12.952769318995740022160134685691
9.050119136724426027740264544263	14.516711573689637049255907186307
13.381773266607314809562012669630	19.380213782732223393168169423006
4.771549812683368863019950367743	15.284099928903522425116534577683
14.308575509200352371408371254802	10.379274506498390451270097400993
13.978458532996649310575776326004	12.433395585709867248169757658616
15.550840018975133460799042950384	15.217892080622771544540228205733
3.608475826366777994280710117891	17.471110985426587802749054390006
13.691136561291163076248267316259	17.345121849272377545503331930377
11.543389827924213975052225578111	9.377747081419324004514237458352
8.488790436191189670012136048172	12.735651270793702849459805293009
