38
0.000042245270818988545080685526
0.003202831372189129943706120685
0.052179027318294893267314193963
0.116796633850935638321288934094
0.252295882233174506570350104084
0.323890869421841420816576828656
0.522655882789912595853820675984
0.702222344818962618262503383448
0.796892842518582389388370756933
0.948455867710960909278128383448
1.174339465700607654241593991173
1.513973338958728209746595894103
1.715291381468756926054197720077
1.845674996180416860269701828656
2.019752458852122511956395101151
2.140678656144608726918932006811
2.367300045533646812856432006811
2.616579401485110700775749137392
2.895673859111453474213249137392
3.109030876698528622625872230856
3.335652027668987607000872230856
3.574462874110535537397481675725
3.801084025080994521772481675725
4.031002197804485653875872230856
4.257623587193523739813372230856
4.507366571965252255438372230856
4.880162237093299992807260423433
5.106783388063758977182260423433
5.531788824007362492807260423433
5.990611066171195986385100695770
6.415616502114799502010100695770
7.271570195504692080135100695770
8.020779425775682369703645235859
8.534693230935600283260100695770
9.063974196588670650953645235859
9.545627434667499855436290090438
10.401581604894550636686290090438
12.275710468614336789983099151868
