38
0.000005285020686418562263497734
0.003759520201046911459796806554
0.010226333353702871456492040636
0.026897811288214997643697401486
0.055627819784986154427741666950
0.093380609840496398010856182736
0.124203199436780459263829357042
0.159392686476823336461094982042
0.236237950587641770683333675152
0.295034668521872878166334430716
0.371879942679774311287133059523
0.439377606497755035519503508112
0.516222871804606464607445559523
0.613068163417829548045290266600
0.725424880367436020200955226755
0.856780800897031458163155548391
0.972344575514159648044199002470
1.069189879971891077303780548391
1.166632626134305628085030548391
1.302803192216306360506905548391
1.443652901727109583163155548391
1.715260539132505090975655548391
2.028098292111648603963658388238
2.168947882413162275838658388238
2.440555519818557783651158388238
3.004098362683548018026158388238
3.181358523129715010213658388238
3.409975237607254072713658388238
3.620233721493972822713658388238
3.891841358899368330526158388238
4.334081835507644697713658388238
4.720781988858474775838658388238
5.219589942426154038912500254810
5.633357757062384507662500254810
6.113427202094730006365352892317
6.639900247443851100115352892317
7.413832481694252685144874703838
8.565239252592695251564691716339
