38
0.002011544865547776339553820435
0.119817937508607919028236210579
0.683339200746867492242131447711
1.326139989501189830889416043647
3.094186152243161291863771111821
4.661965532564595449116495728958
6.480591609791626517278473329498
8.564591243580689905456893029623
10.723051860646119592956893029623
13.869274379221360860015010985080
16.558370410187873034146832651459
18.659710704072150377896832651459
21.821373775318971155456893029623
25.140711620167603967956893029623
30.457581789999956356496113585308
33.431875914109205893964826827869
36.751211851609205893964826827869
41.965884584603180940121092135087
45.407364779302483270839729811996
51.155343226679519830213394016027
56.161565989010547639281867304817
62.963781565182422639281867304817
70.448909487563753373251529410481
76.738610069775518240930978208780
80.136795931646233270839729811996
85.404908351191238580213394016027
91.069863490351394830213394016027
96.916741542109207330213394016027
103.730561427363113580213394016027
111.147927455195144830213394016027
120.123702888909264174799318425357
129.006658762448040533854509703815
136.491786684829378373251529410481
149.824519839126253373251529410481
160.838538843800137101425207220018
177.771339984438895953644532710314
200.705954240007542921375716105103
222.685348910461527793813729658723
