38
0.000772498544677091558696702123
0.118001724435916610644881075132
0.357873634271333340706178205437
0.765267694732058245676853402983
1.401625998107076664922487907461
3.270654378870101464116260103765
6.141104745360992822611478914041
7.170589017364166650736478914041
9.552654767772066790598728402983
12.610228500578262611497848411091
15.389054799815523821848728402983
18.092978978892670482991889002733
20.754651571055756420491889002733
23.542121434947357982991889002733
25.761020208140717357991889002733
28.548490072032318920491889002733
31.606062851164200111497848411091
36.127507171842907496284169610590
40.205040893766735621284169610590
43.833191833708141871284169610590
50.939099273893688746284169610590
58.850495300505016871284169610590
66.166294015859079991059843450785
71.400196129199457573122344911098
75.912952476855707573122344911098
82.953487450000238823122344911098
92.747391377344456486753188073635
100.658791218653050236753188073635
106.538369466883722225247765891254
110.656472494227472225247765891254
117.697007467372003475247765891254
125.882957552706017168020480312407
139.706067116561939656094182282686
150.140159398865876028139609843493
163.963261635604908406094182282686
180.397093041580177441574051044881
208.686796410720802441574051044881
239.312063748999975132392137311399
