38
0.000277089328704960280447266996
0.095965947710785926005883084144
0.203811130130892692591260129120
2.426678693497782646204541379120
6.733282394304663576178882067325
9.196617908373266203625462367199
11.985187686875640622474747942761
15.850176013902007809974747942761
18.240841068223296872474747942761
25.150970615342437497474747942761
30.035396726386998977886833017692
33.024881519273101559974747942761
37.178690113023101559974747942761
41.845541156724273434974747942761
46.164167765569921186852297978476
52.877039317083593061852297978476
60.276735667181249311852297978476
69.971400716144529496887116692960
76.393333963801339336896489840001
82.623155554542194067835225723684
90.002491147773710622459475416690
97.402195127265898122459475416690
108.565616758125273122459475416690
115.755077512519804372459475416690
123.320290140559151836896489840001
129.539009101076402430408052168787
139.732910163088121180408052168787
145.423578222999225317835225723684
153.537729223975787817835225723684
160.445740274836481376041774637997
168.559876017023981376041774637997
178.011447408039060746887116692960
182.549066504249225317835225723684
190.663202246436725317835225723684
200.757303658371540677762823179364
208.871439400559040677762823179364
229.734442314186708244960755109787
239.819237931684625664274790324271
