38
0.001363304930187325680890353397
0.180371254399008973390294841010
1.039246081952327038777639245382
2.881306416093734057426445360761
4.497212324039672637354669859633
6.173257967943125201770726562245
8.619155226804647185190333402716
11.346871195890340544565333402716
14.591233678609775381573854247108
17.562135476277934031941185821779
25.639299142419083921140554593876
29.972622990584891766729924711399
33.729849934554621881943603511900
37.474494099593684381943603511900
42.852057576156184381943603511900
48.082123476323062050141743384302
55.489884096440249550141743384302
61.105461794194155800141743384302
67.886544460955136059965298045427
73.264100308123104809965298045427
80.592149014177792309965298045427
86.764830039047666332407970912755
94.304391140642636059965298045427
103.638487265610166332407970912755
116.460001449498733450127474498004
123.691595480942197582407970912755
145.617712424301572582407970912755
161.993742392563291332407970912755
171.816343710922666332407970912755
184.895643637680478832407970912755
193.860517905258603832407970912755
208.727781699203916332407970912755
223.672026083969541332407970912755
234.779295371078916332407970912755
249.723539755844541332407970912755
269.085356162094512910698540508747
297.952502322502482456911820918322
317.314318728752482456911820918322
