38
0.003107514338109851337321742903
0.140420516238748405157821252942
1.233609251892232805403182283044
2.071975240556803044000844238326
3.586662337016901958008929796051
6.885175749492487895508929796051
9.113616235260934672623989172280
13.253218083897314372165965323802
15.296048551121435465915965323802
17.440046745519847348759867600165
23.661554771642894223759867600165
29.367031195734128345975477714092
35.588539221857175220975477714092
39.761774080215339211008540587500
44.939508257445552885656070429832
48.956778007726882151473546400666
52.690603691320632151473546400666
59.791429338988521635656070429832
64.617588141534909595975477714092
70.858707434351529741434205789119
78.354114630792722095975477714092
84.595233923609342241434205789119
98.515378741180001043176162056625
110.745410925562467241434205789119
123.390087134058560991434205789119
134.196186072046856452288920991123
140.169620871828357167032663710415
147.914527056298823026736499741673
156.127188799462885526736499741673
165.127700602290502729374566115439
174.390099381260114341785083524883
184.176339005283551841785083524883
193.535164688877301841785083524883
203.329777914894322066174936480820
217.249928671730259566174936480820
232.873173910988072066174936480820
244.904362875831822066174936480820
278.144200522316168644465506076813
