38
0.000017413553452416685729531309
0.010238071165039663856788365592
0.036440360703526186725298430247
0.064451250591335940143267180247
0.119145043437179715128948487290
0.179879516606029660197307862290
0.298851171083532929362291952202
0.359780958267491957069950103687
0.420515409084600111366825103687
0.583570262762349689644736372429
0.695382742986312529787085168209
0.852042326197632093887079918204
1.035597810015686182083527455688
1.147052427644287275754209076695
1.303712078795440820755402455688
1.521707197541748213254209076695
1.678366729483612207474152455688
1.897648998961456445755402455688
2.139809080824859766067902455688
2.272303768858917383255402455688
2.574858520316137600048023159616
2.751252530162663578749970838544
3.037517664974064945937470838544
3.306574938838811039687470838544
3.728776333873601078749970838544
3.981034873073430180312470838544
4.381078360622258749401680688607
4.671626685207219686901680688607
5.071670172756047811901680688607
5.716553452192048467850327142514
6.206235649762849249100327142514
6.693933727918366827225327142514
7.307630653208168070023020845838
7.952513458905915655350327142514
8.442195656476716436600327142514
8.929894211469392217850327142514
9.990830185590485967850327142514
11.485430481610993780350327142514
