38
0.004038204438778336680115899071
0.260109105533657292141924699536
1.011615359610614994778643449536
2.976378037529396003435522288783
5.198424381031816032816550432472
9.642147666564531149901995377149
13.050514215674470008821117517073
17.864537233557769013714278116822
20.098491187928409829055453883484
29.070588755869209762749960646033
35.361504485917265583339030854404
41.073532370449278516844060504809
50.045628478837187458339030854404
59.078112795215517394353810232133
65.763889578701238747271418105811
72.051781585526640583339030854404
80.350869109940703083339030854404
89.381126669765691872271418105811
96.906044272304754372271418105811
103.875773683098259425605647265911
112.667399659660759425605647265911
125.434257773281316872271418105811
134.406357696366484333339030854404
143.438842012744800058499095030129
155.054588157107360757436254061759
167.197848919319113747405936010182
181.219035236733418514631921425462
187.976738607143232684393296949565
197.440056478236982684393296949565
205.207817708705732684393296949565
214.671135579799482684393296949565
228.371668903725606014631921425462
250.296458332436543514631921425462
259.617546712612011106102727353573
269.080864583705761106102727353573
282.781397907631856014631921425462
317.649623005288106014631921425462
342.051722614663106014631921425462
