38
0.000254691550501895402902619026
0.164795164178015318690029289428
0.494131047140434098707828525221
1.460466123863165321949963981751
2.371306634461524787127473246073
3.165061855773133814295761112589
3.910961533049745142420761112589
5.111063147048158228358261112589
6.459806946584111031484098930378
10.815131214925175484609098930378
12.980380085774784859609098930378
14.946401143132733935203759756405
16.686513640237503608432234614156
19.544992920161490701502771116793
22.039983488870316108432234614156
25.264678868791449417585681658238
28.593526265702717381600450607948
32.213182833044925246213097125292
36.028999153445596448364085517824
40.718513313601846448364085517824
46.342443702732857957471424015239
53.949617223267388510521413991228
61.709629604300069161126884864643
70.334141323050076266554242465645
82.517033122333003802850726060569
93.123741346166141852336295414716
104.297666099447170040548371616751
112.527761009115138790548371616751
121.386212852376857540548371616751
131.897214439290905829693656414747
142.324414756673718329693656414747
154.730969932454968329693656414747
171.517865684408093329693656414747
188.764286336979211000652867369354
208.388234967161537269930704496801
226.897039288450599769930704496801
249.391517322174877335783094167709
269.806674614487292274134233593941
