38
0.007584872206722437226744659711
0.069883255909118702220439445227
0.640302781702515311224033212056
1.073237898380841937040486300248
4.511587176366461449106282088906
5.846506057547571799659635871649
8.776298916405888661529388627969
12.679615414208623036529388627969
16.202505594939804467458088765852
18.001529223174667748708088765852
21.904847628326034936208088765852
24.860374067433767208967765327543
28.009053082778763155147316865623
30.984613035329275021467765327543
34.133292050674270967647316865623
39.953106732681106905147316865623
43.849015088393997530147316865623
49.108784543911575326546881115064
54.928597318569778451546881115064
58.719247366294467838088166899979
63.097874912412038383990875445306
68.434968496665561588088166899979
72.813596042783132133990875445306
90.340424390151810030147316865623
94.123127805630318221119523514062
97.487110959927193221119523514062
103.733590628013217838088166899979
107.097573782310092838088166899979
111.476208957822194633990875445306
119.305012973935475883990875445306
123.754269870908132133990875445306
145.087720188290944633990875445306
150.778821262509694633990875445306
156.705243381650319633990875445306
168.403760227353444633990875445306
197.537686618955007133990875445306
228.498633682735686534215346910059
268.385825455196652455924777314067
