38
0.003961566782344938530968647683
0.324757299997846970995851734187
0.819469591055351997965772170573
1.723396674044096243960666470230
2.592998060547081706772587494925
5.590299857123071092246391344815
9.012353617759401913644978776574
11.384826569123244865977540030144
13.622379451321570797972526634112
15.881289928885959028548313654028
20.085966490665853712016541976482
24.141801020962198265351617010310
28.346477663724609641349161393009
33.655698931424801401135482592508
37.988522797026988087054633069783
43.591271667876597462054633069783
47.795949249663706837054633069783
54.092831891086333939711039420217
59.110810559299224564711039420217
63.340855877902740189711039420217
71.338490765598052689711039420217
76.897410787020689326709543820471
83.420619405184751826709543820471
91.418254292880064326709543820471
98.313506408424501614717883057892
106.311141296119814114717883057892
114.483023925514345364717883057892
122.497107787819032864717883057892
130.410247131080751614717883057892
138.407889648170595364717883057892
152.393210693092470364717883057892
166.123511596412782864717883057892
178.274558349342470364717883057892
192.968360229225282864717883057892
201.536307616920595364717883057892
216.444585717249054823696496896446
234.552896466239815254084533080459
247.494333233817940254084533080459
