38
0.010147179728503541440431945375
0.201227064719509129986363404896
1.152843832943673874069645535201
2.344103706637136852464209368918
3.898844135561697399339209368918
5.671555379814584796349663520232
9.325064209845443485846772091463
13.396521474129169604339040233754
17.173111697405460063237114809453
21.270209677618808541410544421524
23.051619465513905282705309218727
26.765995915098866220205309218727
31.894446447056001403552727424540
36.800960374759199567051837220788
45.204990220950605817051837220788
52.566714276514147741181659512222
57.948729500862590668930351966992
63.795268044563762543930351966992
70.346909997036362938160891644657
74.955001244270619054077542386949
80.498948571255112938160891644657
85.831333975328945484761788975447
89.917420861294175438160891644657
95.643413727949464941957558039576
102.217357819746339941957558039576
109.887391525209608289515017531812
117.255985444258058691957558039576
124.695649581850233289515017531812
128.528619247377577039515017531812
136.911992841312326163460966199636
146.101294340909760194335831329226
154.484655738215394649159861728549
165.049536109309144649159861728549
179.189245581965394649159861728549
199.053198218684144649159861728549
218.642498199359494037707918323576
239.312680138318057743163080886006
261.863293541638370243163080886006
