38
0.003189409776030771581645240076
0.042536935716174895105723408051
0.158494226858268305591082025785
0.548312991555837569990217161831
1.075736134942678390302717161831
1.400680035051015792646467161831
2.636655857998702501276966359001
3.667125105877360180528512501041
4.830986968996559660638467903482
5.793604823491328659201826667413
6.942954755353573759180108027067
8.476821152678105875111214118078
10.066533974310893029269209364429
11.042936676596260880955924221780
12.493271225546456193455924221780
13.811765877714726968861214118078
14.686716493644247805150371277705
15.438411880687260335776045394596
17.090816155299791034849477000535
18.074815003386113687611214118078
19.085808960905644937611214118078
20.683697907438848062611214118078
22.131459832210978788680222351104
23.142453789730510038680222351104
24.463602028641791008567452081479
25.751750086852975840656654327177
28.368271922180124278156654327177
30.886719297750776291877627954818
31.757693199655708582440638565458
33.529942421457469947654317365959
36.146462349435985572654317365959
39.067000147378557528554665623233
42.490207156639677066323201870546
45.976729831200223941323201870546
49.980014428553701577584433835000
54.004641773911984614642278756946
61.760320284912495480966754257679
65.784949088538738237730285618454
