38
0.000651154146233068331639515236
0.022304511256924897111275640782
0.099196268473203730309251113795
0.240995281174840092486277853823
0.706744652546968943340743862791
0.916112520530880991564970372565
1.410070043362703806621993862791
2.074291659364139839283325272845
2.520693978604160889744889573194
9.855475222177052074812309001572
11.316000722536092126802031998523
14.444190993207776330109481932595
16.043376757423189360451942775398
21.614253255518555363323685014620
25.455629767866568613499111961573
29.161696653987348781811306253076
33.741553526545942531811306253076
40.139089636937022476104175439104
46.359551657531667956391174811870
52.509212971769692046564159682021
55.902795065734792956391174811870
61.046518673335960158965463051572
64.699644436275406178538105450571
68.384542812740249928538105450571
73.678999294673843678538105450571
80.076531638000417956391174811870
86.984829268369907140368013642728
95.254673323545688390368013642728
104.879841170225375890368013642728
111.669086775694125890368013642728
122.980404219541782140368013642728
130.458225569639438390368013642728
148.682274483873328563277027569711
159.356906604956918727111769840121
171.616835846826376155149773694575
185.105487963989162381039932370186
210.933002612426662381039932370186
229.598285815551662381039932370186
