38
0.001564194795591333786433096975
0.083667935967792927964836735555
0.528679492803873385398105710919
1.518655213447870577780918210919
2.980684551330865961205063285888
4.430355581375422069356773135951
6.640252685185670245004985190462
8.862532993214564669415267417207
11.220015903370814669415267417207
14.049461742299037325665267417207
16.911184300194385343729663873091
19.016175259361865812479663873091
22.890347681052293893344540265389
26.784123620993700143344540265389
30.711181127067771257088679703884
35.290009938713282622302358504385
37.429738484855860747302358504385
41.333901845451563872302358504385
46.282735311027735747302358504385
49.213166676994532622302358504385
54.544550601301011738542001694441
59.185471974846095122302358504385
64.089059316154688872302358504385
67.982835256096095122302358504385
73.314215365705308613542001694441
81.453390780744371113542001694441
87.626834934101850649312837049365
95.766017978535444399312837049365
104.230776899349336872546700760722
112.728409727442553389664681162685
125.200669248926928389664681162685
134.039330442774570428809965960681
143.938958128321445428809965960681
155.660055941462104556194390170276
165.609015292048042056194390170276
177.524895628321445428809965960681
191.783959349024570428809965960681
212.385765989649570428809965960681
