38
0.005440451401859780489189688524
0.082576115055933207997895806329
0.341443171843875958870739850681
0.704815992574456373631619499065
2.669653645279684184288271353580
6.319528842792081491097633261234
10.254006457448699762835531146266
13.791830121523743102329717657994
16.975114586979053399318217998371
20.682030553845464737605652771890
26.512023352389558539243807899766
33.525830161861854605831467779353
36.218746971779971488558658165857
40.034970116311221488558658165857
44.291853763233838492396898800507
49.787012912403760367396898800507
53.616070580178408988558658165857
57.872954227101025992396898800507
65.155141648134929255320457741618
71.496747982569445412082131952047
75.930212485860479887378460261971
80.376875388692511137378460261971
86.294241416524542387378460261971
92.842759903750163630320457741618
99.184362423487414162082131952047
105.937088722329761480978049803525
112.948240292139757912082131952047
119.700966590982105230978049803525
129.660551968999584460107143968344
140.798018399663646960107143968344
155.746301032672533892764477059245
163.902968979783423719709389843047
173.088979733057726662082131952047
179.841698402505528520123334601521
189.801283780523021960107143968344
200.938750211187084460107143968344
221.907740619873237619685824029148
243.126952444804516062504262663424
