38
0.003544736813140048070636112243
0.274264941740455903129713988164
0.598786992024194830719352466986
2.338510604569652429063353338279
3.653490338502013656807321240194
4.995285450766002277589450386586
9.083960711309824631598530686460
11.528779208013926194098530686460
15.075436770269785569098530686460
20.265224634954844162848530686460
24.124778946467824169985760818236
28.536346613714609787848530686460
33.725343882391371153062209486961
40.641184052058648035199439618737
45.775694071600355528062209486961
50.241750895330824278062209486961
60.326455170717075304764875909314
73.057522828187785535192233510315
86.504242951478801160192233510315
103.560885862016277769726002588868
116.455530288284322182335017714649
128.450049143742347723673447035253
137.073459737206661657182849012315
144.597134915105385744027444161475
153.346051541081948244027444161475
161.407208767644448244027444161475
170.156125393621010744027444161475
179.291119900456948244027444161475
189.842306468929223228769842535257
198.591223094905785728769842535257
207.726217601741723228769842535257
218.292517040218285728769842535257
228.857519481624535728769842535257
240.480030651953256892738863825798
253.658924694922006892738863825798
267.105641003515756892738863825798
284.112049694922006892738863825798
309.889027233984506892738863825798
