38
0.004952437961565081536718935240
0.101538677856048309422476449981
0.286844071636318864726433730539
1.323763635645031744303423693054
3.219082926797604216062609339133
4.690364414287913064072199631482
8.204586416730453635182129801251
11.447441630105652521365300344769
13.719242624978699396365300344769
18.890361361245791016472139745019
22.957931642495310597951174713671
26.379858140908396535451174713671
30.632452642951587762354392907582
34.695568893435734025842975825071
38.599423937539732776258460944518
41.873405617800834477293392410502
46.676510018435600102293392410502
51.837345284548881352293392410502
55.933483932498234025842975825071
60.736588333132999650842975825071
67.251515243533390275842975825071
73.128499214127401728546828962862
78.149491839151068006685818545520
83.441209368447943006685818545520
88.713150018314507860850426368415
94.004867547611382860850426368415
100.519790643314507860850426368415
108.191788629646268304895784240216
118.298887964006169681852043140680
129.122900720353840142706758342683
135.667456384416340142706758342683
144.208621353642286067042732611299
152.161395401493848567042732611299
162.186074974288885641726665198803
174.377328636398260641726665198803
189.845010521163885641726665198803
218.060357811202948141726665198803
240.645623924484198141726665198803
