38
0.000110438836501636217235500226
0.032874296731437713248169529834
0.495586115738300136968064180110
1.929212978809328404850020888261
3.055721871999452776691441613366
5.148599493760409373521724774037
7.315421539995597299821383785456
10.273390365668017665257139015011
11.495120219526141269739127892535
13.860827616987078769739127892535
16.030301265058366055882288492285
18.396006755170670743382288492285
21.182923487958756680882288492285
23.755608729657975430882288492285
26.121316127118912930882288492285
29.973712138471451993382288492285
38.496922663984150858595967292786
43.912408046064228983595967292786
57.095297035299992671752988826483
66.875802211103291483595967292786
72.197884730634541483595967292786
75.025323085126728983595967292786
79.225892237958760233595967292786
85.372864894208760233595967292786
98.555757698141789546752988826483
113.694522290068306347166071645916
121.090779300320704692239814903587
130.535428358954078476017457433045
140.610675107472076206249766983092
152.664488283128093826235271990299
168.655705763739234726017457433045
178.730944882862701206249766983092
190.784765687913250076235271990299
215.211066880151719260538811795413
229.730062929124187576235271990299
246.158303992431910955929197371006
270.584604041260035955929197371006
313.473593889075914376007858663797
