38
0.000067409110409033523581001646
0.007611961086434138046286079771
0.018152470911282816978804532937
0.036156795901399862991354439146
0.096568485066044873477153487329
0.168851233833135716544404658634
0.225588308253566349748098218697
0.410265980557793341620964611138
0.547451074175713481295701967611
0.677005703501580180514451967611
0.844875092558739604342576967611
1.047938092680148924884520056366
1.247344798909166607714382735139
1.409636890620743709945372756920
1.553355252475296932601622756920
1.743850554326630275525644719892
1.908925719560348621683942837990
2.052643913407995679420992019004
2.243139236280786263932895963080
2.425639426440751034164122756920
2.593640397105845707415028300602
2.778317938957268751209994661622
3.015057767728424487074789794860
3.151313508847809252699789794860
3.388498033383942065199789794860
3.689359868863678393324789794860
3.894380534986114916762289794860
4.300495113233185229262289794860
4.541254485944366869887289794860
4.694282497266388354262289794860
4.931467021802521166762289794860
5.232328857282257494887289794860
5.437349761823273119887289794860
5.788440669873810229262289794860
6.347794021466827807387289794860
6.917812789777374682387289794860
7.934102890598194512961072177859
9.313346741306201437282652477734
