38
0.002299388363769305776429519028
0.156366906845861519670393136039
0.551170645458095576074697419244
0.980009138136490043358151069697
1.469627836588785374516419324209
2.740270308072013882849660149077
3.950117028657493367660435978905
5.781540788117942142321226128843
7.038992322389182376696226128843
9.044186994846343807807897974271
10.701898023899078182807897974271
13.887781432724821684132621157914
16.231275432772775957346311770380
19.001681202120920488596311770380
23.534309927475998591717143426649
29.524919150182505234170093899593
33.304785614852299602262064581737
39.147939444210685167035990161821
42.247199690068548250110325170681
47.119178449834173250110325170681
51.755480466059538002809858880937
56.945494775952596455681486986578
61.581796157158038340639905072749
68.722328290250501936498039867729
80.360743207085036488024343270808
85.345730267447507344513724092394
99.974346600455319844513724092394
112.508213482779538594513724092394
124.579685650748288594513724092394
134.409870251920438022352755069733
141.278240643424055633659008890390
151.033276043814680633659008890390
163.693905316275618133659008890390
181.608834083393134051220840774477
191.363854224994696551220840774477
204.024498756244696551220840774477
225.908455665424384051220840774477
240.705574806049384051220840774477
