38
0.000879186746392424112173102912
0.156538010318597820003105880460
0.645533620944448660594616740127
1.892454087367483328563366740127
3.525021150801784131090244045481
5.468619898055202099840244045481
7.638516977522975537340244045481
11.351364711123231643341568997130
16.716704007946212584556633373722
19.742739315443444070297118742019
23.027149792128014382797118742019
26.101766403582669084926237701438
30.667476471331692522426237701438
34.939901169207665532212558900937
41.556176956561181157212558900937
48.234025502257459550037310691550
53.569005513243787675037310691550
61.330723214660046949120442150161
68.636827286151032012639916501939
75.890937343559784267199574969709
81.661208644829315517199574969709
88.877786992911637753422837704420
95.254294979038590440723055507988
100.181701198540253017199574969709
110.413320088439107280464668292552
116.814137959532857280464668292552
124.413693928771138530464668292552
132.802028720429490249443915672600
138.466918575230010901577770709991
148.179412471714385901577770709991
159.625411617222198401577770709991
165.888831630669159267199574969709
176.344024288120635901577770709991
184.566092983208221767199574969709
200.437129724014710063784150406718
210.793128505669159267199574969709
226.664165246475647563784150406718
256.558009850967835063784150406718
