38
0.005650350962810968269423028687
0.139702397282752244223047455307
0.840776184158361417075866484083
2.358592714151529712296451180009
4.744278739463936744868988171220
7.362830655824129877373707131483
11.295711321089214607127360068262
17.789630301622544550355087267235
20.746880585559733134459747816436
26.209034161713194777121316292323
30.463738495715983134459747816436
35.071313254567115791360265575349
40.485313560435081114974309457466
48.595174352947765328281093388796
56.652397819340613693839259212837
63.140007682621863693839259212837
69.890551847307335719960974529386
77.695352919725564788677729666233
82.304907040741511536907637491822
88.267344429868188626642222516239
97.878847487596658538677729666233
102.488401608612605286907637491822
108.450838997739282376642222516239
114.938448861020532376642222516239
127.311814710781050052901264280081
141.526067264605330819904338568449
151.734095381149103332063532434404
158.424855263090591961372410878539
166.199803383207779461372410878539
171.917597578414728332063532434404
178.405207441695978332063532434404
185.095967323637466961372410878539
192.870915443754654461372410878539
205.295067841419097476318711414933
214.392212208020765729088452644646
242.098175342786390729088452644646
254.077453907239515729088452644646
266.928222950208237307379022240639
