38
0.005244350714871170993092164281
0.058451511598738736807945315377
0.344420870967943493212715111440
0.604999443718035045947090111440
1.219884416290361706103340111440
2.727314428652929834129281516653
3.830799719520647350634590111440
5.319116776172852389947820483940
6.398974865773253917211604857584
7.596556210450315482773930853000
9.485936928841130821865590405650
12.241258113196026968694241077174
13.984490705174437152891186997294
16.613307737318216084076993865892
17.786992383641234027891186997294
21.783680471413049417606089264154
24.880098259636039159659048891626
28.188969657962243076099184690975
32.897852296578307118579687085003
37.556901691561392908624839037657
42.587217090731314783624839037657
47.166475055819205408624839037657
51.877443073397330408624839037657
56.907754657869986658624839037657
62.618015580810926223875867435709
67.701320939697652079303225036711
75.052303605713277079303225036711
82.707760148682027079303225036711
90.835439534686926776885229628533
96.369584401504923221182252746075
104.025033315079141971182252746075
112.068597157852579471182252746075
119.798294984351031189362402074039
127.841858827124468689362402074039
138.387581788550249939362402074039
155.964730580704156182036967948079
165.630410157690874939362402074039
190.947747193823687439362402074039
