38
0.000179857755300105726092851910
0.003090979996244969107976885425
0.025394949116013434964322925680
0.046036123358277038219998900104
0.074319340348807522156349136822
0.104756929040518947937599136822
0.149192251738472170252691739734
0.218127005275650209803472989734
0.297466172774445813953292372389
0.414568754442208198263131180283
0.498118416035919830964218135705
0.608183078819465094966290052980
0.845839418194672343354056920361
1.022923674240599156703979133454
1.257681064659308844966290052980
1.399312965923499518794415052980
1.553183667713355475825665052980
1.743677728229712897700665052980
1.879044607842712988343691904447
2.045378044808655371156191904447
2.167947128976135839906191904447
2.335162036472510749263165052980
2.646966059867529974525268698926
2.814180930320410833900268698926
3.116342471709764527787456245278
3.283557342162645387162456245278
3.475553209784290054074062936706
3.829880291315269857932435115799
4.230907017084312826682435115799
4.841633373590660482932435115799
5.312090450617027670432435115799
5.922817283960533529807435115799
6.636666351648521811057435115799
7.279086643549156576682435115799
7.979416244197117258352136559552
8.690255828569874552158580627292
10.214532561968312052158580627292
11.180941291521534708408580627292
