38
0.002950304409049864240444094321
0.098889281896438530061743676924
0.335905432266251080530850003925
1.093959094721276947836940962588
5.205752587900404293463907379191
10.625847724965339580194267909974
15.176501003111200205353270575870
19.474272727107795333267858950421
21.645960227782531148932321229950
27.601226456817009591304667992517
35.553838235613731910689239157364
42.100949766977457500161108328030
47.353470056391174125565157737583
53.749679773188049125565157737583
58.649666040277892875565157737583
67.096496338731853370518365409225
72.352500672227947120518365409225
80.217292542345134620518365409225
88.351187620736922667674662079662
91.785285706407634620518365409225
104.491821045763103370518365409225
110.155380992071130208387330640107
119.125495667345134620518365409225
127.441360230333415870518365409225
134.595481629259211331373080611229
144.063865418321711331373080611229
152.965569285528175669242045842111
162.433953074590675669242045842111
175.535301951543800669242045842111
183.884270457403175669242045842111
191.094123597032648831373080611229
202.310112742559425669242045842111
209.464226512090675669242045842111
222.565575389043800669242045842111
249.940026072637550669242045842111
264.845436839239084747532615438104
277.946785716192209747532615438104
292.797651038704714210325619205832
