38
0.000400146122833899831050530338
0.045013587543990318806663708529
0.860338749555567883220419389545
1.696497520911033785040444854531
2.790118392972621208514283352997
4.413546874962306354461816226831
5.649322423099835788207201403566
7.258732358010435703477014612872
9.424034001127452597756928298622
13.130822296365474599610934092198
17.463742000650700703090478782542
24.315052016807843671131195151247
28.647970763873900068574585020542
37.124459230124784880899824202061
43.761331501187264336749649373814
46.103650989712654961749649373814
51.160386256366003010498388903216
54.038911036639440510498388903216
60.096844844012487385498388903216
62.439164332537878010498388903216
73.612282923846478865925746504217
78.235463460944970393029507249594
86.358582323856296625308459624648
93.785220110793858339093276299536
104.958338702102452089093276299536
115.153719866653233339093276299536
122.957321947879734125308459624648
134.511810102944423306325916200876
141.907394209389735806325916200876
154.331769937759077038208488374949
161.727361673598920788208488374949
176.349557183212255040416494011879
185.421972269302045788208488374949
208.349415474540819559479132294655
218.448621319567934051519841887057
245.098187969958559051519841887057
272.464211548279081398504786193371
303.326457849722146420390345156193
