38
0.001524595319622790157154668123
0.176176930882332855032856855360
0.784563513654886302006730147696
1.800214322466074046147355147696
2.779952027528804769929138274165
4.768694278936006725189145072363
5.635889693715115278394023334840
7.955163041202062856882548658177
9.379335136147679108375996293034
13.469586144106937553033276344649
18.216056595461918021783276344649
28.793160287773524430576799204573
35.158976682034719374314590822905
41.941750748020965033902029972523
50.144289252013898305904149310663
60.434206003258722716964257415384
69.330923074791925841964257415384
75.815893167565363341964257415384
83.961862065972439950201078318059
88.708337285699002450201078318059
95.384891317110401587342494167387
101.579631612520557837342494167387
115.779590413790089087342494167387
124.465648458223682837342494167387
133.412822530489307837342494167387
141.972217366915089087342494167387
154.676957585991971200201078318059
161.353503988008839087342494167387
167.548251912813526587342494167387
181.822574422579151587342494167387
188.301135823946339087342494167387
200.378635213594776587342494167387
206.857196614961964087342494167387
216.110843465547901587342494167387
223.320239827852589087342494167387
244.885560312947688998974626883864
252.442780771932063998974626883864
269.610914514103001238254364579916
