38
0.001928700071357924983317388978
0.045820707392477233454997076478
0.451402843154031785388724529184
1.189813990301448853870169841684
2.287452862205258341532498889137
5.574607119502774210673123889137
7.629540976761974846453995269258
10.042900141953625237078995269258
12.573296603440441643328995269258
15.278186128629229756370477844030
18.641751573575518818870477844030
22.560720727933428975120477844030
27.066522882474444600120477844030
31.015209482205889912620477844030
36.512453363431475850120477844030
42.592283550824618032493162900209
47.065569225873446157493162900209
51.213159863080477407493162900209
56.754629437055086782493162900209
67.232477606322234464641951490194
71.956813195947248118500283453614
76.184329370263654368500283453614
80.577685693505841868500283453614
86.119151452783185618500283453614
93.742971722211336782493162900209
102.465444371686217550632136408240
106.938726232037780050632136408240
111.086316869244811300632136408240
115.779723166567649172975507099181
122.754149436098899172975507099181
135.717580920767460384013247676194
149.416808459020273858186556026340
157.876491301766066044365288689733
166.520413241880959276386420242488
187.396069369810646776386420242488
207.264096103209084276386420242488
234.959225497740334276386420242488
268.479367099302805854676989838481
