38
0.000140797541437913398265635578
0.010944643117238361806897728457
0.026604184683998610694288800005
0.080347002601880976313530879906
0.138367088314732100684523175005
0.227827051457603957373976300005
0.346795538243492629248976300005
0.427207439591812121459923901057
0.517479180743621758331585169799
0.625853001525329522003460169799
0.744538604667114189972210169799
0.903651177337097100128460169799
1.064103185584472699432012632315
1.224092413723716132878394091676
1.328664425476820065696870187821
1.447350147827894284446870187821
1.606462720497877194603120187821
1.849707487686903073509370187821
2.074166714599059879731157707283
2.269879509747275481146289166645
2.428991963207968840521289166645
2.613226059540540546777265262790
2.874437931641370624902265262790
3.179173743751866787476956233149
3.425479057892591328027265262790
3.681819323166639179589765262790
3.986555434609667880607730694464
4.418394258129405116619636828545
4.868279149639414882244636828545
5.414424897745042208896393276518
5.864309789255051974521393276518
6.389409543588548068271393276518
6.805459178542469622641419846332
7.237297536447434787021393276518
7.687182427957444552646393276518
8.467600969374842634351807646453
9.002649719347171952676944783889
9.620068962206058671426944783889
