38
0.007153285244944296294988816953
0.156101211226030045509105548263
1.082873903778140078912883836892
1.826684188910624229151835606899
3.162999096069831317379339452600
5.107275996314853294677504891297
7.725897514585494008088062400930
11.094116819491468106662068748847
15.813583829704436212182372401003
20.489573839601124660703135305084
25.918344766775685883430924150161
28.063366373680864285233838018030
30.448101481102739285233838018030
36.999544950641499951871082885191
41.299824177947044745451421476901
48.104497139643328296187974046916
58.940006693505083035233838018030
64.446449717186723660233838018030
72.928050195562974522545118816197
76.463249643944536160233838018030
81.969696482323442410233838018030
90.176193674706254910233838018030
98.477867563866411160233838018030
107.027677807333674309120397083461
117.897798982367035591778403613716
124.330233064398285591778403613716
132.536730256781112302633118815720
142.038149324163924802633118815720
152.097724855090547180225257761776
160.304222047473359680225257761776
172.617851197863984680225257761776
186.000221192981172180225257761776
199.768363893176484680225257761776
210.070289552356172180225257761776
229.536094606067109680225257761776
244.806222146124042637893580831587
258.257348244756826716184150427580
277.723168557256826716184150427580
