38
0.002404853722428157425383687951
0.093577769092766160952123755123
0.800785209987491697347650188021
2.386222982272009573989635100588
5.667068567809870671680982923135
8.221441590651373587661510100588
11.197543746258176611263479571790
14.626204643764310731057776138186
21.143052856523269156241440214217
25.355070766522374015039531514049
28.550283537180391135734680574387
32.719251952899426783005765173584
36.697317443622083033005765173584
41.029384163882468783413060009480
47.958998046649426783005765173584
54.775638131167625033413060009480
59.433528521129858290805714204907
62.768561937877905165805714204907
73.256290056774389540805714204907
78.743991472790014540805714204907
84.389682390758764540805714204907
92.274547197887670790805714204907
98.313102273013328158413060009480
105.996512917544578158413060009480
113.633124856021140658413060009480
121.983142473766577040805714204907
131.451429707038556671250262297690
139.140477199273760788855724968016
148.214086415111665928634465672076
159.215782618455023111891932785511
174.864072775735508002981077879667
183.299650168313633002981077879667
192.480553401732748852737131528556
202.571572078490561352737131528556
216.049926045304573563043959438801
233.435057881242073563043959438801
248.863524678117073563043959438801
266.248641255265511063043959438801
