38
0.010809663665632740503497188911
0.143125607468964410884382232325
0.875674757157283600861319428077
1.392716823927708347241605224553
4.048959301733802362832648213953
8.267128963122306828381624654867
12.246401746686359501836705021560
17.009987849841056828381624654867
22.358526588415589486658063833602
25.300537997653588462299012462609
28.329561193402668095586705021560
36.166202505048175908086705021560
41.588362488386117377103801118210
46.561138071198655552507261745632
52.529304422517014927507261745632
58.368658659754188988699752371758
64.570648111481858677507261745632
71.715908010419269658086705021560
80.786624868329425908086705021560
88.679500539716144658086705021560
95.989871938641925908086705021560
103.839823657443631077512691263109
110.041812856610675908086705021560
122.025331514394011378499271813780
132.322839754140090917644556611776
137.215768831288528417644556611776
149.740481614883378824742976576090
157.660364168202590917644556611776
164.786584871327590917644556611776
177.311282396133378824742976576090
189.614435213124465917644556611776
201.572535863371626874140929430723
210.944169422407810543518280610442
221.331925770064060543518280610442
232.658601185103123043518280610442
249.566636463423435543518280610442
260.893311878462498043518280610442
284.640336414595310543518280610442
