38
0.008906659051218568379226780962
0.074430563201119070981803815812
0.485335941356269895408104275702
1.615518777075573675361397363304
2.726171476029072948676912346855
4.208751623530904595327228889801
8.884258882237062948661332484335
10.884082023997823540639728889801
15.204298708536725825979374349117
17.712428782084089107229374349117
20.738733572558842865873884875327
25.958054491892006865327857667580
28.481911608591225615327857667580
34.792815074376093775754270609468
40.156396264490780367850675247610
49.953330834972945240224362351000
62.119805695845727200321562122554
68.430707337691430325321562122554
73.794293763472680325321562122554
80.590916993453149075321562122554
86.434247049760713821342505980283
93.552662882280245071342505980283
111.328160645796899075321562122554
117.625905396773461575321562122554
123.002644898726586575321562122554
130.574795755815387110487790778279
137.007000956010699610487790778279
149.862866434526324610487790778279
172.748669657182574610487790778279
183.043713602495074610487790778279
193.854123148393512110487790778279
221.243603739213824610487790778279
233.566632303666949610487790778279
250.860241922807574610487790778279
269.806149515581012110487790778279
280.616543802690387110487790778279
294.851529154252887110487790778279
322.240994486284137110487790778279
