38
0.000128257975738677032495616004
0.138738562136114768064132363179
0.435697660333714875680044542605
0.833269562839286770383750990732
1.653337514493925075598212970363
3.628088510129911181678608045331
6.250064777173719221536885015666
8.197361078270285261737626569811
10.776414957054464949237626569811
14.790379971187659791098667483311
18.198579281490395942455506883562
22.510701468337259711915976367891
25.851991534808284711743908701465
29.517673373797542524243908701465
33.165551528920147461576561909169
37.384100534192931775123724946752
41.228208457077180071337352273986
44.409002219284211321337352273986
48.074685965622101946337352273986
53.029914095798410755833174334839
56.899861926657230526416242355481
62.023309344870121151416242355481
66.159734363180660920988884754479
71.283181781393551545988884754479
75.653795576490949770231964066625
79.319483137526106020231964066625
83.428102827467512270231964066625
87.498567915358137270231964066625
92.687975263990949770231964066625
96.758440351881574770231964066625
103.539440662706610396526230033487
112.528904468858954146526230033487
125.818899403716429219457495491952
137.648641835357068430312210693955
154.531498352762469039589632302523
174.599890004302380930312210693955
191.482756725246048290500766597688
218.277286926981219039589632302523
