38
0.000053376801239513049779361609
0.011719263066784169069478593883
0.047365855257504245467981007778
0.070200723672114093143470370251
0.137807758723164197611765757756
0.199380697880650159525828257756
0.421023000663869773063652246492
0.636461397966329833764120849082
0.708200713952963134545370849082
0.800453973248684169661260057183
0.945494343950473603577222547756
1.240098289266015063603276757931
1.596681950579515785193507326767
1.794887336451047366026045892795
1.962818912282372485478276757931
2.134869626775170114996171832900
2.463072351231957224371171832900
2.613857657555256341908034301014
2.847158820274982904408034301014
3.073145777825031732533034301014
3.446111345986351714998363604536
3.771149864754599789762323780451
4.277636677864705028184744151076
4.515355788481100418607638857793
4.748656951200826981107638857793
5.120523177397116043607638857793
5.523939334165914871732638857793
6.120630465757711746732638857793
6.568799697172506668607638857793
6.940665923368795731107638857793
7.336922370207174637357638857793
7.951355181944235184232638857793
8.805168830168112137357638857793
9.561574660551412918607638857793
10.501607619535787918607638857793
11.854286872160299637357638857793
13.269388877165182449857638857793
15.466790338910794133653325843625
