38
0.001280830164972712736926041543
0.027994827820231549253549019340
0.424323505326000827153620775789
1.293839894863397788071779359598
1.926820208263152256478178969701
3.315691346681403306462243563146
4.910366021724970053696779359598
6.843320333095819663071779359598
9.840382888722329468578209343832
12.253430406516219619561525178142
18.212326362538245660971369943582
20.367104570334578994561525178142
24.255494157736922744561525178142
27.847390214865828994561525178142
33.070414583151965359775203978643
37.186532134568977880917373113334
42.935025329149056005917373113334
48.599469704042540740829281276092
53.104796028836318555477191694081
62.068050459707677646292722783983
67.772825029620435088872909545898
75.045341355504035618650959804654
81.377946717442512181150959804654
87.406736946805068555477191694081
94.501012254894092734502919483930
100.529799080594131055477191694081
108.502408769854810088872909545898
115.197820451983716338872909545898
123.062741686046436484502919483930
131.615201738604810088872909545898
137.064145830401685088872909545898
147.057723446068052908231038600206
165.002150936302427908231038600206
184.925979061302427908231038600206
197.773069170245435088872909545898
207.766646785911802908231038600206
231.495142389358818491018610075116
261.326609064163505991018610075116
