38
0.000096977011645349442403585272
0.031496596106031393702551213210
0.199157370157029056656483589904
0.420498502309456789749475547069
0.751982606536716335909886765876
1.042426290136075683889771426038
1.646277429681516357717896426038
2.184671873175136447287059127120
3.805488992847230633742583449930
4.974047828830507000930083449930
6.036932932763763304251369845588
7.046350466638275023001369845588
7.911344038873382444876369845588
8.696543204217620726126369845588
9.838179098993011351126369845588
11.378899084954925413626369845588
12.520535933404632444876369845588
13.802135053788886054348949983250
16.848986136346528752483209245838
18.399468961869942518205789383501
20.075591627275215955705789383501
22.286609235917794080705789383501
24.220729414140450330705789383501
25.869374815141426893205789383501
27.011010709916817518205789383501
28.866155210649239393205789383501
31.745467725908028455705789383501
35.076089445268380018205789383501
38.477296415483223768205789383501
39.618936124955880018205789383501
45.042665067826973768205789383501
50.477349821244942518205789383501
54.348283353959786268205789383501
59.357579771196114393205789383501
64.964768949662911268205789383501
74.309701505815255018205789383501
89.319179110812370936400839127600
102.016850096013143911477527581155
