38
0.001035621778150419558528483321
0.036147524733223690418526530266
0.924404348800221598025927960407
1.886882807681599771854052960407
3.761892177878928933409952151123
5.997984967408012124678862164728
9.115540514913629266402494977228
11.422502766576837274214994977228
17.471797902961831994161912007257
24.155132989222746431323685101233
28.468397836024504243823685101233
34.517693261439546859037363901734
40.257687310511812484037363901734
46.306984643275484359037363901734
55.329055599691066902323655085638
60.823097042562160652323655085638
69.261627908256230057304492220283
73.618309731986698807304492220283
83.169075723197636307304492220283
93.597740884330448807304492220283
102.409645791557011307304492220283
109.126198525932011307304492220283
114.025208230521855057304492220283
123.575966592338261307304492220283
133.716408486869511307304492220283
143.267189736869511307304492220283
152.650765176322636307304492220283
157.007454629447636307304492220283
166.558220620658573807304492220283
179.389931436088261307304492220283
193.649117227103886307304492220283
199.007805581596073807304492220283
208.568169351127323807304492220283
228.588005776908573807304492220283
241.391152139213261307304492220283
267.984001870658573807304492220283
298.397911782767948807304492220283
336.012963052299198807304492220283
