38
0.001441542190217859342737938277
0.083836021380676584158209152520
0.562147069383286179800052195787
1.479669322240905415810630074702
2.797069946003968077263834857149
5.209087151094298206999155809171
8.264328259034972035124155809171
11.127477901979307972624155809171
13.937244083725330412448784045409
16.325996515023362576357612852007
19.679928956237397130735189421102
22.547355767953050076357612852007
25.901290116515717443235189421102
31.345538973361158241459634155035
39.305924592223725255735189421102
46.931859193053803380735189421102
52.820443330016694005735189421102
57.414895234313569005735189421102
62.565125642028412755735189421102
68.624074158874122986162547022104
75.856106934753029236162547022104
85.573697266784279236162547022104
93.179221808372687974042491987348
103.905759034362404236162547022104
112.992901978698341736162547022104
119.030148682799904236162547022104
131.494079470187330116459634155035
141.043136298118781724042491987348
154.273770508971779236162547022104
163.860076605735969224042491987348
171.596877753196906724042491987348
184.974898993431281724042491987348
196.572295844017219224042491987348
207.260818182884406724042491987348
220.873367011009406724042491987348
236.764497040817474271534592844546
261.038296347506104666535975411534
296.510891562349854666535975411534
