38
0.000860879415782056511829978263
0.045328160604922729248755786102
0.465031829116596406858974432907
1.309911066200191376296402268053
3.479392164852077584669132193085
5.798795374109086075975483254297
8.502169995671653879298901301809
10.542854736342702537399418361019
14.133360336318288474899418361019
18.129726837172782438756257761270
22.960375259413993376256257761270
29.055403663355715337957008159719
34.313642735756630486321228090674
42.086718507000767885983805172145
49.175364606778060760916559956968
53.296065716822688784759520785883
57.438245114390568346607324201614
61.378178891246037096607324201614
66.208829220835880846607324201614
72.048594861109791054332163184881
79.575073756783794465263781603426
88.052582301705669465263781603426
97.388634913044356267164403107017
104.946642939799488658536574803293
111.148286972350007317800191231072
119.625795517271882317800191231072
127.307561244176014270124142058194
132.722447718785389270124142058194
139.518147792027576770124142058194
150.082417811558826770124142058194
160.301370773619538567800191231072
169.241488520854176158536574803293
175.443124924010163567800191231072
185.634373988316639270124142058194
195.361226405308826770124142058194
200.776128138707264270124142058194
211.340398158238514270124142058194
226.581227626011951770124142058194
