38
0.000633740480669331418539513834
0.141903909518160897818006560556
1.440857806003863039734369522193
2.639596579522901720338268205523
4.932071478225932281702625914477
7.841640785150318038176919799298
11.908232220689143332492676563561
15.786946857404863919782656012103
20.464593796680265569420953397639
24.343307404468351506920953397639
27.866244084670526603986218106002
31.744959599807245353986218106002
35.416010773557758284368901513517
39.294726288694477034368901513517
44.779395074736385140568017959595
52.589182824980525765568017959595
60.156996698271541390568017959595
66.288616371692612005972478073090
69.977077675403549505972478073090
75.254275440163951316208112984896
80.195351021766782650956884026527
89.183501401074934733514965046197
94.035607501908046401695173699409
107.562550931945864363115106243640
112.192614718383580907357099931687
126.241107150024205907357099931687
137.343676730102316696502384729683
150.835345431274191696502384729683
158.769778414672629196502384729683
164.817736788696066696502384729683
180.224078341430441696502384729683
190.909411593383566696502384729683
197.569964571899191696502384729683
205.157138033813254196502384729683
215.311328097289816696502384729683
225.502566500610129196502384729683
262.692217989867970118211815133691
280.657916232055470118211815133691
