38
0.004435507907562197260631364770
0.068369145524179053552416007733
0.336592274737035346277025382733
0.598687469493824675481619124184
1.218828040194188666589525382733
1.710262971949254584558275382733
5.600115614962255072839525382733
9.213065825533043096129404148087
11.990824651308969350793631747365
15.880677175112680288293631747365
24.329453473808246855014658649452
28.640005450552159516064421040937
32.539894726782023326450143940747
36.291315256225161078873497899622
39.985758005248598578873497899622
43.956219209469921338495623786002
48.295834077633983838495623786002
53.719711793698436963495623786002
60.020554078854686963495623786002
66.106482174902140513950143940747
72.407324460058390513950143940747
83.725779832825850235167308710515
88.510501207337568985167308710515
99.956752122864912735167308710515
107.044467271790693985167308710515
115.058085741028975235167308710515
124.373629869446943985167308710515
132.361947674583888101551565341651
143.885507244896388101551565341651
152.704736370872950601551565341651
169.911630291771388101551565341651
179.152627606224513101551565341651
191.139047283958888101551565341651
203.814553875755763101551565341651
209.881251634583662735167308710515
221.638743700013350235167308710515
229.393106121849513101551565341651
241.150598187279200601551565341651
