38
0.000260242272438926391942004557
0.075301086220021851147521374514
0.428008827962635507446975680068
1.556797414328071837985589809250
2.735772019299274049330961133819
4.645142189911744878827448701486
6.988696474700409666525047214236
8.217298829025278195103965117596
11.051260886030847885308503464330
13.982320311295380221849882218521
16.923583510147917507993042818271
19.891155908107936767237333697267
23.689599731577771990487235598266
26.729243429325485692515940172598
30.488422864418396329710958525538
34.319088452797302579710958525538
38.148432248573669767210958525538
41.981956910501502022725617280230
47.994442414651892647725617280230
54.161732148538611397725617280230
61.084921723889557654274540254846
67.097414857434472423847182653844
71.587740843634293241848354227841
77.600222533087418241848354227841
86.616618101935074491848354227841
98.814997618536636991848354227841
107.436427061896011991848354227841
114.103312437872574491848354227841
119.991579954962418241848354227841
129.007975523810074491848354227841
141.958631767210079033247893676162
152.002192442755386991848354227841
157.890467589239761991848354227841
177.172373717169449491848354227841
185.652476256231949491848354227841
204.934382384161636991848354227841
223.941462462286636991848354227841
243.223368590216324491848354227841
