38
0.000386516610448195407911953225
0.006769924166184715375038649654
0.081560324904497744080700272207
0.136098142740305544373669022207
0.299990981332293848993231222266
0.669248928632116379944250184053
1.069958835355273585321356222266
1.329205154769026009375920693856
1.690023153535357813836981222266
2.158954794137029953304818263859
2.493546984304319646952308175969
2.929139202316941137382855231408
3.263731351117176160414601326920
3.660563013662229803202308175969
4.143692753423582786354018026032
4.513408018168135527048434596509
4.849731943715941184791518026032
5.328996203054320091041518026032
5.964142820943724387916518026032
6.514181635488402122291518026032
7.193767569173704856666518026032
7.815016768087279075416518026032
8.265495798696409934791518026032
9.105513117421995872291518026032
9.569010279287230247291518026032
10.666486284841429466041518026032
11.583338282216917747291518026032
13.079063913930784934791518026032
14.589057467092406028541518026032
16.282123343881430344026739476249
17.792116897043051437776739476249
20.303536193307699875276739476249
22.883431212838949875276739476249
26.193478362497153000276739476249
29.601431624826254562776739476249
36.107215437278163960854726610705
39.515170606955898335854726610705
52.217952469626595757290488108993
