38
0.000436759161043465127249874058
0.085284402620736193822992277092
0.329028151674251034819462802261
1.221354512334535735718077376077
2.081178729655031922618491080357
3.216092502990181678512726648478
4.002671836145368366999264253536
5.420276528414218475404595665168
7.025287257174094968092958879424
9.275566716098072816976127796806
11.638356483328518464759326889180
14.128218196725875088759494246915
16.370656439859221364940822240897
18.921415612971333786163086188026
21.628778884012053396190822240897
24.179537103449849411163086188026
27.134369322854826833690822240897
29.167208144265959646190822240897
31.717966363703755661163086188026
34.094046065408534218477143440396
36.644804284846330233449407387525
43.357088372981095858449407387525
52.415479944026017733449407387525
58.065321394998377968477143440396
61.864168593484706093477143440396
67.941641137873673983449407387525
77.289186904031581093477143440396
79.733011672097987343477143440396
83.279749342996424843477143440396
90.523550317561173983449407387525
99.769117695217715890976251102984
103.909732082126751606665493454784
113.045674765980493248207494616508
122.909543479359399498207494616508
130.813482693742344054044224321842
140.677359036515781554044224321842
153.778952054093906554044224321842
182.738668850968906554044224321842
