38
0.006840799535333008662973952596
0.063776034074372878190928304321
0.158386398270248918151992256753
0.719103743506594561551992228488
1.168764221115159429587038175669
1.887239246481000387589688216394
3.197377463380934869974225875922
4.506577941550069965614966349676
5.824771901480795932570799777750
7.526019538170305445134999899892
9.139732381217124057570799777750
10.680190106742026401320799777750
12.211876889578940463820799777750
14.145931519539599818813258025330
16.675221718819383198706418625079
19.419547356636766011206418625079
22.688342370064500386206418625079
27.062409676583055073706418625079
31.125155724556687886206418625079
35.933055238201099257366877282038
39.448241509468800813920097425580
42.606478966744191438920097425580
47.180983819039113313920097425580
53.484053887398488313920097425580
56.146617211373097688920097425580
63.291223602987301433131506200880
69.604894697219449994918250013143
75.640704469158123401939519681036
82.785310822225582683131506200880
89.098974287063199994918250013143
96.734921912364328022704285103828
104.758946875743234272704285103828
114.651082495860421772704285103828
128.085233191661188811849569901824
141.324361304454157561849569901824
158.236039250079414841820835135877
180.107505961266411986798630096018
204.106857462731255736798630096018
