38
0.000009497213429576767396156356
0.002862614566621846101668324991
0.020504079457484003512490744470
0.044995588295759086916447699878
0.058322032027543907473088324878
0.197821327530444984743596137378
0.272360839926303777147609253007
0.419982660729125434340147648982
0.499478540060896258889755472410
0.573554369834441635234156819934
0.695071730044860336406031819934
0.948672744658965561015406819934
1.189932397244352735299344203668
1.327901574996489975077906819934
1.530502012608427442330594203668
1.625621131298918164986844203668
1.825053027508634961861844203668
2.121695455601414703750151602435
2.282831004498381055611844203668
2.520736717582671371218339118059
2.692878375133497481641597914859
2.877828176449709562945145080448
3.067972476910524992632645080448
3.365465063777642207298868015641
3.742302317348198847923868015641
3.932446617809014277611368015641
4.324498314586358027611368015641
4.976492837945478697747603291646
5.287573532722211311352111806627
5.679625229499555061352111806627
6.242778275366044127281384135131
6.680739447397874286593832948711
7.492770716471360614718832948711
8.312416050787186705406384135131
9.314356778021073424156384135131
11.496279690618729674156384135131
12.919953320379471861656384135131
15.586940739507889830406384135131
