38
0.000333933421110543804388726130
0.057755838793223546190347406082
0.347608588156363418342209570255
1.093318398829833393293142762559
2.093901371052985904697152363951
2.764555429509406803134652363951
3.426970877336332765850102077820
5.466961617576868270873546862276
8.213776430595272515233773447108
10.826664978710988762600209156517
15.320658005771623066948450286873
21.712732344381134197419669362716
27.202000562614287559881631750613
31.322482053703154747381631750613
37.066039361057271150912129087374
43.458114653341098687633348163217
48.947380964225615684881631750613
53.067864362663115684881631750613
60.189373914665068809881631750613
65.810750208687522899708710610867
72.202832423042991649708710610867
77.391223587715927578756236471236
81.812579788887802578756236471236
89.517673352559867794298043008894
98.804180005391899044298043008894
108.726497510274711544298043008894
122.687396863302055294298043008894
133.385684827169257005152758210897
142.156154492696600755152758210897
151.442653516134100755152758210897
168.133647778829413255152758210897
177.420162061055975755152758210897
195.915536557956073693276266567409
206.984833153019792462146142497659
221.893045102877948693276266567409
237.400802815015595115255564451218
263.649369839760367995040724053979
302.058946255775992995040724053979
