38
0.001293263431858093781556817703
0.042863903776169554049602083978
0.171560419488226756357107660733
0.378880659988335644072776631219
0.684245750278532405275200289907
1.023776858876217277227738122747
1.366873062223732837594525335589
1.953460392886991137118002370698
2.756342049906350233356988610467
3.304870209445439854789583478123
3.840493568549323555316732381471
4.711309799323249336566732381471
5.751465341774058437351868633414
6.622281095710826015476868633414
7.557649104111710869347007246688
8.781102625840226494347007246688
11.793391031998510243283817544580
14.783902189460825127298448933288
17.015122143026150780542593565769
18.958381674018930596048448933288
20.973697683540414971048448933288
23.189803531752723131376114906743
25.278097511869138003248735913076
27.548544377228271429203232401051
31.548087528334754381376114906743
34.483010700331824693876114906743
37.644036763225244612840469926596
39.914482563873775688989553600550
43.968426619751795669799321331084
47.983723002269805135711067123339
52.838471328003748794799321331084
56.682899922272213188989553600550
59.521358937164791313989553600550
63.835732375367030044799321331084
69.694217997386999741138424724340
74.034298258617468491138424724340
81.524534832535522355101420544088
91.535907322454136192391160875559
