38
0.001114902134806250444398756372
0.112819057192533322986349730854
0.445429943203873079937693546526
1.153909880138078491995656804647
1.775365358062405363170910277404
3.252838070050296792601329798345
6.528838051784673801591907249531
9.547146714591317362419431447051
13.218179000843207404614076949656
18.672310471689616662160915439017
22.747658238568504884824506007135
26.253279905486404999237493029796
30.577866773772537811737493029796
42.785538117615949715855094837025
51.123587546747586429773946292698
57.656561610303484144424146506935
63.728255198780978219019743846729
69.044520668441862198960734531283
79.187566375968145848673884756863
82.463559723136114598673884756863
92.663228607413458348673884756863
100.355290576005288016858685296029
106.092196754867643448960734531283
113.774335479972052098673884756863
119.511243438956427098673884756863
127.242772674796270848673884756863
135.889958954093145848673884756863
145.483144378897833348673884756863
153.558919525382208348673884756863
159.295812225577520848673884756863
167.027349090811895848673884756863
177.227025604483770848673884756863
185.267720794913458348673884756863
201.829717254874395848673884756863
214.007375335929083348673884756863
222.048085785147833348673884756863
245.404332733390020848673884756863
253.445027923819708348673884756863
