38
0.004320323241109536027693138749
0.200218682548353399397456087172
0.641465920607434014755199314095
1.292779942482656707625210401602
2.607451468871383681857878400479
5.083513424261122182201688701753
7.697911169198450309636427846272
11.900706212822621310465365240816
14.751452367607777560465365240816
17.469463270012560940358525840566
20.822860216189464921399121521972
24.743648092510920122322204406373
28.278227467687266027951409341767
32.132604162457212737535883206874
36.889678518536314300035883206874
40.881075739559527448818698758259
45.588471381247117619750497397035
51.195284723934527448818698758259
55.637060999569293073818698758259
60.344456641256883244750497397035
66.614948891213558113122417125851
71.473253891602340104327595327049
78.920763657227340104327595327049
84.495777748635433113122417125851
89.354082749024215104327595327049
96.971808376025194320391165092587
106.576308192919725570391165092587
115.267218532275194320391165092587
124.871718349169725570391165092587
134.273329677294725570391165092587
143.766409816454881820391165092587
155.611080465974396247474942356348
165.104137716950958747474942356348
179.427425680818146247474942356348
191.565524056543154074461199343204
205.888812020410341574461199343204
226.515116754610659199897781945765
240.838404718477846699897781945765
