38
0.004460547356264221718902263092
0.072835043526392695412141620182
0.957892297043191787153659788601
2.166755721789270783261827091337
3.687205042376435315532035019714
5.250029467457629550608544377610
8.882702826464225154268206097186
11.883487128132678378733544377610
15.516160487139273982393206097186
20.273480795735217441233544377610
23.906154154741813044893206097186
27.733802317583609919893206097186
33.310670374834586482393206097186
37.064551829302359919893206097186
41.838759898150016169893206097186
47.725092840789756110098096542060
57.063662481903037360098096542060
63.505633307098349860098096542060
72.829498167498655902818427421153
81.452476832451637278609268832952
88.568156954672858205412921961397
96.932746925480756772230961360037
105.555725135929975522230961360037
113.905273475773725522230961360037
121.065673866398725522230961360037
129.688644447453413022230961360037
136.639755287297163022230961360037
145.509506263859663022230961360037
153.709823646672163022230961360037
160.772674598820600522230961360037
170.050674476750288022230961360037
179.478454628117475522230961360037
190.930831947453413022230961360037
206.647369423039350522230961360037
217.043655433781538022230961360037
228.496032753117475522230961360037
247.040181215588290797313675284386
262.749760356730064358998788520694
