38
0.000563735059740055888255483296
0.048349371790092021683449274860
0.811757627591120467513974290341
1.336730311019637795766357157845
2.406999120815017434438232157845
3.477042446239211770375732157845
7.438331845394088759348960593343
11.032179603679397317250732157845
15.124949804220158000589435687289
18.162253621211959853098960593343
22.205569353235638629939785460010
24.801424191739052105276641668752
28.226648495938270855276641668752
32.040833030417559257330140098929
36.546303306296465507330140098929
42.115084379837774974930653115734
47.092130907516015270175557816401
51.025015123824609020175557816401
56.475901335404181224930653115734
63.392303772579566611966583877802
68.558082493442469740330125205219
75.948032522671141464343236293644
81.816137704974650546319026034325
88.476727595033480611164122819901
96.413678278627230611164122819901
104.762958066930693235008220653981
111.610309141149443235008220653981
120.841900934877230611164122819901
127.139126887025668111164122819901
135.076085200013949361164122819901
143.425361702607801817066501826048
150.272728035615614317066501826048
161.780693123506239317066501826048
168.528144905732801817066501826048
181.828682015107801817066501826048
193.626396248506239317066501826048
218.300997011482905918455799110234
230.098711244881343418455799110234
