38
0.003939025779970961593789979815
0.166796215738560960062386584468
1.122141890579538170413798070513
3.518897148426483489913607627386
5.797341769475101713737785757985
7.317549174565433744987785757985
10.043777166870793138286899193190
12.879575344379851742360187927261
16.601409534303957826750774984248
20.822486530129211246276099700481
25.106408164870394728040992049500
31.073470161330355665540992049500
36.693835244918822979798278538510
43.006545053268432354798278538510
48.792743656764699267114337999374
53.811204467778196658400702290237
63.381528411869993533400702290237
71.503938232426634158400702290237
76.913432680640667626903450582176
86.056453310523480126903450582176
95.110203839432855943414324428886
101.732284262511370798165444284678
110.063728049132464548165444284678
119.142249777648089548165444284678
125.306228354308245798165444284678
134.449248984191058298165444284678
148.078262045714495798165444284678
155.777785971495745798165444284678
163.267715170714495798165444284678
173.470519736144183298165444284678
182.382049277159808298165444284678
188.070968344542620798165444284678
198.307616904112933298165444284678
208.666138375602088217419805005193
220.932250693175433298165444284678
231.168899252745745798165444284678
241.527420724234900717419805005193
273.084747994742713217419805005193
