38
0.000104202899993886127782971585
0.007654088105039064116041913621
0.088122720642490381948164213100
0.325318261060775770765474135260
0.507199277636305456695708926418
0.860251238104597693023833926418
1.249105086085096960601958926418
1.672481884714857702789458926418
2.267422788382529308393031897140
2.825429876865008793629385763779
3.577899262457131968062640225980
4.330709740667581186812640225980
5.302901743869814055187816848047
6.125713824253114836437816848047
6.795046191897805343273830658291
7.436630248050722258312816848047
8.136716364841493742687816848047
9.328364848117860930187816848047
10.142377684561607154023477050941
10.842463324515220435273477050941
12.034111807791587622773477050941
13.250012497311409731537423795089
14.260382172693169877675245516002
15.262106496995606619293539552018
16.368975545734006260545356781222
17.560624029010373448045356781222
18.766847591809838746712557622232
19.958496075086205934212557622232
21.262675671624098328038598992862
22.837640427427384537395482766442
24.029290818052384537395482766442
25.333470671616108660373356542550
27.655375807724507097873356542550
30.598293671550280237170227337629
35.089094529094225549670227337629
40.063364396037584924670227337629
45.463278183879381799670227337629
52.698647763079520700557623058558
