38
0.001835272682554567325041716686
0.119637606156480114094620148535
0.785043222140050955815127053938
1.491225723256449420262015337357
2.767523709763865191746390337357
4.470022858183859248981661949074
6.542291344206808467731661949074
8.220180455674508834817970637232
10.093679372300485397317970637232
13.860067223663408597644774999935
16.497273169137507409232057398185
19.314672577908599038210013532080
21.394210812475467520243910257705
24.000390049841190176493910257705
27.160511967565799551493910257705
30.991483047852820931211681454442
35.871225365092612946682493202388
40.509813621888469015175360254943
45.099563911805461202675360254943
49.979307182719566071682493202388
55.251464523751131707740569254383
60.606096651975711608884012093768
67.951872256223751378456654492766
78.494219210569454503456654492766
87.247138657051905852313211653382
92.575402674312243789245258085430
99.921174463863025039245258085430
105.285229513176830096199410036206
112.631001302727611346199410036206
123.173352071770580096199410036206
131.691525289544017596199410036206
137.280911275872142596199410036206
146.771649190911205096199410036206
158.179613704121322825812967494130
163.813006266404983080064994283020
173.303744181444045580064994283020
186.035357340623733080064994283020
214.780382975389358080064994283020
