38
0.000598990092008477859053527936
0.185910979533407072494810563512
0.790584216640795034436450805515
2.824121325948468097521981690079
4.374586000053971801548868825193
7.469532081534809186962320382008
10.806851718283523311470162298065
17.735043856955400087827001698315
20.326028201437821962827001698315
24.922362658835282900327001698315
33.439868649375156905989570077509
37.364405782061119509762647794560
42.305720479326744509762647794560
47.823424489336510134762647794560
59.447898061113853884762647794560
63.667994649248619509762647794560
69.999076039629471779335290193558
74.936423451738846779335290193558
80.462538869219315529335290193558
92.868788869219315529335290193558
100.078592925627859244741557631642
105.238459258635671744741557631642
110.291597991545827994741557631642
116.214664181601719405989570077509
122.702777584922031905989570077509
130.014098317461503029335290193558
136.641486317949784279335290193558
144.270468861895096779335290193558
155.049582631426346779335290193558
160.965756263087484967400087043643
165.704661040862248455596272833645
175.799784331877873455596272833645
187.285088425285636049011372961104
197.380211716301261049011372961104
209.519219284660636049011372961104
222.738503342277823549011372961104
241.391884689934073549011372961104
272.848793869621601970720803365111
