38
0.002377432773988275016563420650
0.272352360193125697662708262214
0.906948208064704886055551469326
1.607243518349222632934925059089
3.559336356800242739950590475928
5.143748931568309146200590475928
7.422721318570850712603714782745
10.940342769311548920541099505499
13.540659276730789173370794742368
16.901983406461891235039729508571
19.657132642640700481706517166458
21.637500303163161419206517166458
27.405632058711240972570521989837
33.367961423768626616492838365957
36.605056302919017241492838365957
41.377856748475657866492838365957
46.299811857118235991492838365957
52.067945520014951910070521989837
56.926177518739329741492838365957
62.694311181636045660070521989837
70.122198144526663554643164388835
78.067792932124319804643164388835
87.386734245541944687829527538270
95.832920167506699726800434291363
102.585491273463730976800434291363
113.871486756862168476800434291363
121.226751367182913554643164388835
128.759189698756699726800434291363
140.371082398952012226800434291363
147.346546266139512226800434291363
157.030429933131699726800434291363
166.825885865748887226800434291363
182.437336061061387226800434291363
199.134894199995613917053560726345
217.734640577615721213078359141946
233.346090772928221213078359141946
254.620060311190343327325535938144
281.614048348299718327325535938144
