75
13.543342630978520091389327717479	6.712923942697826440451080998173
3.884946300119956674734567059204	2.955844673896951491087747854181
6.350675865166298450503745698370	15.249707883715958089965170074720
11.963006458060721826086592045613	14.569374185463109583338336960878
3.770068702189596443474783882266	15.185279470571796167632783181034
8.192191392577377939687721664086	4.069740562217374346687392971944
0.393662484928781752913096170232	15.185363465472184074656070151832
13.825524926183224039277774863876	14.025016250523814065331862366293
10.820088085225316731907696521375	14.116198614353010043487302027643
8.628482339237546483445839839987	6.807635194260169164692797494354
18.830567970185899895341208321042	7.231750413129057974970237410162
1.728509550548427142757645924576	4.729960545717313280533744546119
15.923881765832666346227597387042	9.516190798881575929613063635770
15.425473138641249803981736476999	5.408901071012261141390808916185
0.351337491097640786108513566433	15.364844738745587093831090896856
15.952135849883067209020737209357	10.589312783468558976096574042458
17.207229743481892825229806476273	10.861214867466816968999410164542
11.502334719770420434770130668767	0.736406033122334324758639922948
4.214491533888780061545276112156	7.480817911878585135809771600179
11.808307264912029310721663932782	14.873821169700910616029432276264
13.023991781294112612954450014513	1.047127138767726117762890680751
16.573088147817646387238710303791	16.072152979766926250704273115844
14.022125224547503208327725587878	11.879243531944069900418980978429
11.717165111659987530856597004458	1.240085749390394953550753598392
9.693230272105827438622327463236	9.724677256115455747931264340878
8.580867433030338276012116693892	16.519611831951085179071014863439
0.293593808162130320837945873791	9.407329606018359768881964555476
9.776927567281921582775794377085	19.176273178698899357641494134441
6.289867051480935167262487084372	14.286921734716468534998057293706
7.978328793547651009987475845264	7.681786484688513994001368700992
4.051156318022959723634812689852	7.810380183420600808119615976466
6.044862186917670854313655581791	18.540372728777217758988626883365
12.269018826493892859730294730980	6.707910395055316499224318249617
14.245279196059399851037596818060	3.928710045753336377316600191989
11.537279015277579929943385650404	10.671820816950820187685167184100
1.320172119695159906882508948911	9.815142537677099099369115720037
11.970010809206165447449166094884	2.365581965385292750880807943759
15.503797175733081914472677453887	12.657724891981180448397026339080
7.380392238545399941074265370844	9.805473388198707951346477784682
12.162943723632997361505658773240	3.224744305948805678241342320689
4.942966936957903456573149014730	15.150405573006883841458147799131
3.532306831449809614298374071950	12.385025198267159751708277326543
2.525790048667508891355737432605	4.803819893256509487855510087684
6.800245639522066731785798765486	19.957778192428111907474885811098
11.370461981399241579993031336926	19.919801897080468222611671080813
19.391397851358270543187245493755	0.826599981389937177311821869807
10.817664532961881462824749178253	5.087020275089686904834707092959
5.780551283375972460021330334712	9.667856316698577145984927483369
2.817349644499969052446886053076	18.251806806418077400167021551169
2.471097048593194678289819421479	11.339315637019325322398799471557
9.387021472611779771000328764785	17.204787038332792548089855699800
15.108033543431545808743976522237	15.676008268270278378508919558953
13.916536427657856478390385746025	6.035454000845292377164241770515
15.739304906574432152410736307502	19.251211500303920587384709506296
1.382800466357674284978429568582	12.996303339025907064296916360036
10.763425123790764104114714427851	6.759707495015922162906463199761
3.450030425853523929902166855754	7.262383789003568956843537307577
12.990385492828856683900085045025	5.710669715174329752471749088727
9.440168291023574909104354446754	10.152659474992429267103943857364
12.431304719661845581413217587397	5.135354009447952172706663986901
7.189811489957128820549314696109	14.388155194569964834272468579002
7.125116852929391342286180588417	10.874141577879544939833067473955
5.737486083521786461858482653042	19.350620486271733255989602184854
18.027498466733359094860134064220	11.811965625266097390522190835327
2.493656135049795441460673828260	0.959722459689333895482832303969
10.409535001687906685674533946440	3.644417681453516522083191375714
17.161888658324137679755949648097	18.805448560623759135523869190365
3.494602644871199537135453283554	12.712327534746783896935085067526
19.851387679520186679837934207171	15.541268409310562859104720700998
11.264344431803152701832004822791	4.743995037754079824310338153737
3.853837287980454107128025498241	17.518738200318590969573051552288
0.303162005379107313274289481342	11.463558390915858709036001528148
17.924611010410217204480431973934	19.517322015325419215514557436109
18.560732102111671792954439297318	13.088337722484753911089683242608
14.722011548402146985381477861665	11.633121178720845279030982055701
11.486542051693072963303166034166	14.864029484798910729637100303080
2.576905710935331050848162703915	12.285586292279532472093706019223
9.094888768768424114341542008333	18.905184375565539767194422893226
18.806618473518142309330869466066	14.388967642814789016370013996493
0.909054415044808772350393155648	11.986052604254901154945400776342
19.934561676528090856663766317070	2.845723993682213404099456965923
6.704645919879207660585507255746	14.903065495150796593293307523709
16.192443768231804313018074026331	5.900110862270810940799492527731
11.322360195756706602310259768274	5.488378367516376421519908035407
10.016800326574173851668092538603	14.942922561883550613970328413416
4.279736043646600762713205767795	6.065027255463766309162565448787
6.798371248931093013823101500748	2.774359653616324195013476128224
3.525653790063065784465834440198	1.131573292484963078052828677755
14.080497944762937478913045197260	0.578459314779973254871947574429
8.446993046281560779675601224881	6.938650474576435911444605153520
14.720662108493959507882209436502	10.780648868397310735645078239031
17.419784210475739882895140908659	10.045692432018562101347924908623
11.207410136108308051916537806392	15.776743493018665631666408444289
7.603944572737697527031741628889	2.642651163586122731175009903382
19.989503530381636409174461732619	8.516721358971137689763963862788
6.784519626173725725948315812275	1.313652216682481554954620150966
4.041803701184633723642036784440	6.923837767740696591545201954432
7.369720372929924323557315801736	13.740270612623350032777125306893
6.533063347801689069171970913885	11.581277576794024142259331711102
0.625448175034465370103475834185	2.077247819531562456063511490356
3.315976172088854756481168806204	0.638789948146568642428633211239
3.074632291403049944022995987325	7.535131113501492450268415268511
12.783777899680446310526349407155	9.405294115960016299027302011382
10.548510104784073249106768344063	17.708240194325707506095568533055
12.540226408393673196428608207498	3.959563358381354980508604057832
12.913375375805356881642182997894	11.515873607849128390512305486482
5.914736741488807680866557348054	12.169636896911576684487954480574
3.858209261218067176457680034218	0.525393639243381116443742939737
15.402661432161723453759805124719	4.187825854498533395542381185805
6.831787744248631000232307997067	12.673149498702528603644168470055
0.709467175599958199683214843390	17.139409525734631500881732790731
5.316277287735680090463574742898	3.662882647942546920916129238321
16.793515610925517478335677878931	7.657521452133626560510037961649
9.288440618182145058767673617695	4.051429455055287398579366708873
17.790132709178198666677417350002	16.961734699344560794997960329056
16.073236024836386803826826508157	12.626086281022690371855787816457
14.926632518848279573830950539559	17.417113299599183307009298005141
19.019165861750131796270579798147	16.836581130065354727776139043272
7.920248592962752631763123645214	14.492557206126361890596854209434
9.962412291593997437644247838762	9.131000584788020901783056615386
9.801306611740084662187655339949	3.166233504342605087344963976648
2.302716577661418906330936806626	12.761487709285134428682795260102
7.611310151567085569013215717860	1.723038761595149237493274085864
1.868440811460330142068642089725	6.491314292401439089985615282785
18.088646904735941944863952812739	5.396078377618575672158840461634
5.245218276130062307061052706558	16.252958826347072118778669391759
17.380749267013797521030937787145	13.528539126372155720900991582312
4.278238462422374155380566662643	7.531871893302341192111271084286
19.616161729316761608288288698532	16.455687244307373617857592762448
13.949011499253449741786425875034	2.420685923782630588618758338271
0.111896051246448413607481597865	10.112007256524139009457030624617
11.881923629242157502972077054437	6.492947616623361284382554003969
7.255945406390848617661504249554	1.246295263985329748734898203111
16.318054076959644049793496378697	7.065013527223376499364349001553
12.788152435992177657908541732468	11.313365607924641409454125096090
4.130201502328118223772435158025	5.598441371407608890820029046154
1.310515991341062447261833767698	13.982472285534884193225479975808
2.355067872672682582901870773640	9.149823963673703985932661453262
16.848149215440770376517320983112	12.141573953553589149123581591994
6.032647095537716275259754183935	0.044437513822924712414419445849
3.281768487280343205014787599794	2.868971697220554784024670880171
7.058292351573977718715013907058	9.379385563174395201713196001947
7.637542865592766183624462428270	12.101552948893443684141857374925
17.712178407043989381008941563778	3.319575703207448214016039855778
7.956606694304165117159755027387	8.577845215003172540946252411231
12.815159671809228214556242164690	10.359733567060647629887171206065
14.115671633870251255871153261978	2.551250375447534857187292800518
14.844367899721270021018426632509	9.855318833248837506744166603312
14.153474487505304679757500707638	19.091688718459234763713538995944
13.071390256320741585227551695425	9.182756237887170769340627884958
15.766941766657437185017442971002	6.560601778317191268286023841938
15.853343759311343319495790638030	16.431232155099653624574784771539
8.112134235807850757282722042874	5.723902049137040037862789176870
0.001884317188871609261013873038	4.283340479148299628775475866860
13.584530792008099098211459931917	8.385408252355723845994361909106
13.946748610334335438665220863186	14.687683496107974079336599970702
1.165577003417104240412527360604	18.376331123579166870740664307959
19.254381107467921196985116694123	4.646203595893237725533708726289
9.168223890585169399969345249701	8.532736564149598024187071132474
11.374596270721864854635896335822	10.186288203208560432244667026680
10.869928745185635676762103685178	6.434163644962673345162329496816
9.173584710914507667212092201225	6.620939629919501356880573439412
8.836767775769681421138557197992	1.396468558738879206515548503376
13.736880356465658081788205890916	8.003528844600518610263861774001
10.910724284969829156466403219383	13.836368116761722291130354278721
14.503621204295598090538987889886	11.160192996628843786766083212569
6.173589680522024281117410282604	6.339512350708282895084266783670
7.282599714048796357701576198451	0.144649932668589054074459454569
3.041689351457273815526605176274	2.055112583315713337128727289382
12.248698796494590368411081726663	8.138380047394536020988198288251
14.663413096757155429372687649447	10.667248239921249819417425896972
1.944575538868645869783335911052	5.287084277267256382515370205510
7.231176828726028738003606122220	1.241972764196758172161594302452
0.257920614787152668867520333151	12.771745747476904497830219042953
9.605334579375318426741614530329	8.386847542351379303227076889016
13.366423123594683985970732464921	12.047299327267102952987443131860
18.549064097503602965844038408250	9.387187688260949514074127364438
9.155182778920469388594938209280	13.382369916638399587327512563206
13.127967487712700389579367765691	8.868536378193235591993470734451
6.580038925010951444960483058821	13.343289489329910324499905982520
0.912665195618973523750128151732	8.855938427230514164989472192246
6.516632758661157431845367682399	5.292954335160731105247577943373
16.839342408615085133760658209212	3.586446683645002408979962638114
17.080413382205861694274062756449	6.584184040886879252241214999231
11.530517198927206834468961460516	1.432622826972040908088956712163
4.563583677730172816211506869877	14.220785448458299171647922776174
15.771374794367188698629433929455	7.754299602674149305414630362066
11.226758208522385373839824751485	6.618011578687668539089372643502
11.701045196017874516769552428741	3.087711514776814158977913393755
8.892612364836384841737526585348	12.527893776954767801612433686387
10.195717280719666320010219351389	6.908350571320061028757208987372
11.216610168397490809866212657653	10.736567778377846593684807885438
17.373052979387370697850201395340	7.628960539957532205335155595094
6.881185729848192877966539526824	6.544820880426898135340252338210
16.728847881315761725318225217052	16.021182104492098119408183265477
15.866779068805822561216700705700	11.075409891664241612829755467828
6.582920240602033068455511966022	17.507574952578973892514113686047
12.695254938458868210204855131451	1.113744608012471326574654995056
10.773408822873832946243055630475	3.625914684708085644615493947640
17.057458338764575955792679451406	1.129142427841839380064925535407
1.771466943804944627061104256427	16.955296865377185611123422859237
18.044341790919325774211756652221	9.523892456762466096620300959330
16.186912292756453268793848110363	8.375781478537543733864367823116
8.451313955309220915523837902583	11.885138597354943712502972630318
13.040439043725191581302169652190	11.963711017453562135415268130600
5.297111448018803514514729613438	16.529677691188943811084754997864
14.788858054121048368756419222336	17.005577749276181265258856001310
10.179002297571217994232029013801	10.188568081281834665219321323093
12.696547300953627157582559448201	11.449025116254208711552564636804
5.529954175896128809597485087579	14.681621568135547306610533269122
10.709964843272716805699928954709	12.462472006334275320682536403183
5.960887631436879274815510143526	1.652222911660780058085151722480
3.723679021449817216904421002255	17.497177101622085615417745430022
11.765267662865063869048753986135	7.592304501874867384003664483316
8.368017173718952150807126599830	13.982389513083923304748168447986
13.281096315561521592485405562911	12.822250681632919366848000208847
9.062169873844226231085485778749	19.304897653735206830560855451040
7.438648386202533657751700957306	12.627191992023151456692175997887
0.181867082378218691829374620283	17.145938194549110278330772416666
19.767190009277449291857919888571	8.180489405484630438536441943143
19.725455991007212475096821435727	15.771417439259655779437707678881
12.540900524404335669714782852679	12.664929742849331262277701171115
2.093353232965111665464519319357	19.185072890850211280167059157975
19.292295033216682043075707042590	10.963177405310499779034216771834
6.707142294926558889756051939912	8.599409389783152946051814069506
3.386809489268286732510659930995	9.832137866921115687546262051910
2.149415958186178254862852554652	19.597490584325921503250356181525
6.990191673747268019667444605147	15.441074511595148877063365944196
5.983188152168195550473228649935	3.354363428724185247631339734653
12.633336219116184651056755683385	5.286384270001838636687807593262
17.043238806445582866899712826125	19.945731628285852110593623365276
17.130764304678329779108025832102	19.660483885897839684275822946802
1.002890540757515047687320475234	14.560240614650311385958048049361
15.195512457472997169816153473221	11.361137077222615232585667399690
7.330383121302141091746307210997	8.597289914455807036119949771091
19.249346417581840285038197180256	5.936099624928611540042311389698
4.424101015745987020011398271890	6.778288535307714468558515363839
15.784283628442713265371821762528	14.441988021910741935016631032340
19.551408515616952144000606494956	15.728316631860606022996762476396
6.984536154995281798107953363797	0.672236668772950851646896808234
7.471096333536187295010222442215	13.300977743182901491536540561356
8.021245055225316278324498853181	6.647221993968505771022137196269
11.943167922821915638564860273618	10.277666066279266487981658428907
17.341038614819026975055749062449	12.504271674351274512559939466882
12.039247195770437670603314472828	2.845807938898631483937151642749
17.545321510063061509754334110767	3.303061038622356893057485649479
5.138210950967891044172120018629	10.401436447803623863705979601946
17.887623939676473128201905637980	1.489582936196746087986753082077
6.763573379008120056710140488576	8.520431141960633780740863585379
3.263063104875212339095469360473	6.594203943451911520412522804691
16.553093359007544194128058734350	4.099936471720275754648810107028
8.397441045264539383197188726626	11.857279117260535628020079457201
14.479996574332924197392458154354	12.252698423735230548459185229149
12.270835481258536958648619474843	18.702125772039885021058580605313
14.893887439304176467658180627041	14.353610283527679314374836394563
2.578655544627595830320387904067	4.561451980629854574544879142195
17.319598076023488886221457505599	15.845181824120755820217709697317
1.212562299084133377036209822109	16.717054807709288866135466378182
4.242509713413099348144896794111	13.987743604768029470619694620837
8.563723703041599577545639476739	4.689673886044721129451318120118
13.315220562437831475222083099652	19.328235596944079333070476423018
15.560087551022737883954505377915	16.876247493944624977757484884933
0.409665149155865604413406799722	6.345143609832149422800284810364
12.997782656052493166498607024550	16.508862752818803443233264260925
0.880125149647082993809021900233	9.224405075828871147791687690187
11.650507536779278083827193768229	15.858994494117341744754412502516
12.417297623563959163561776222195	9.404174205080597204187142779119
9.657069559854910778540215687826	7.365643569136174129141636512941
10.462134558363894498711488267872	8.548444899995180534801875182893
6.750354094753595823874547932064	13.281699996065514213228198059369
11.858015097475794519255032355431	15.004748691299385043862457678188
13.476292019194570315221426426433	3.943468410318584638218908366980
7.919362000255283362548652803525	8.262755983319079788884664594661
6.242848357359634725582964165369	17.436326275854614920035601244308
15.810560109742434420354584290180	13.867156612287990569143403263297
17.312433685177591513593142735772	5.694788499641004975160285539459
19.774175649294779333331462112255	8.803784295919044211586879100651
17.606082947981086306299403076991	6.043961152894925525913549790857
8.565777151628108043723841547035	17.836166429924851684063469292596
13.430546509158556744978341157548	13.074730469083551298581369337626
4.442039211230655482154361379799	7.284645657929517348350145766744
17.751208377160018869744817493483	10.728715296894318242948429542594
2.820592399770320835017400895595	0.273222463797375691996194291278
6.677838399458446261292010603938	3.412399302287927316257309939829
14.154015195863399512177238648292	3.451711986706161638949197367765
8.920295774410364586515242990572	14.002006703578981472446685074829
15.225546616136639954675047192723	9.753025783696093853336606116500
11.874575258764325624838420480955	8.256514077457980604890508402605
2.798826953056674504694001370808	17.797209828009773247003977303393
7.046228955734002319388764590258	8.144281978140847755298636911903
15.892797410495173693334436393343	18.914794001578723481316046672873
15.747702026815858289410243742168	7.001593281191170525801226176554
15.083673466778055427539584343322	13.599428773486641475187752803322
17.352428473878553916165401460603	13.467180263387856342660597874783
13.543729489411914457264174416196	10.565971828507619179049470403697
19.344656988162267197139954078011	5.181216291268463614017036888981
4.927068196802133925871203246061	9.388891719832225035702322202269
8.194968796146335776597879885230	12.578768036761236004394959309138
10.532065849460751749688824929763	9.172247397618578546030221332330
16.712531870398038336134050041437	4.874078062083034623697130882647
