75
9.736669085792152955605160968844	10.382361776593031166271430265624
8.938718859683094208889997389633	10.890514358557412677441789128352
10.278771731872723194101126864552	7.044662375703518719660678470973
10.499793113970159907921697595157	10.357897652973999669256954803132
10.518961738607258027400348510128	10.316511001232228750268404837698
10.171382371521749732323769421782	12.003239018301147922329619177617
10.544481186813035478166966640856	8.489998912385724239015871717129
11.658331276610923055159219074994	10.410213330986390900534388492815
12.282785917518646456869646499399	8.582962227187218573476457095239
11.067270310764806495740231184755	8.915112114216052319193295261357
9.056208993228352710502804256976	9.223181338669832030063844285905
9.273674265380835279870552767534	11.137602645917967336686160706449
10.166967738344602878441946813837	10.190860168032340737909180461429
11.609513404525879209927552437875	11.141156668144459374047983146738
9.804003610911250277126782748383	11.845790123501837243225054407958
12.718073957059123912927134369966	10.089903797323085399284536833875
9.528583675555001519796860520728	11.549019907823579345063080836553
9.905992649791546256210494902916	9.384398303134465990638091170695
9.160234994492309823499454068951	8.414617199335763686462996702176
10.678823374342970353723103471566	7.953021142129031773038150276989
8.959557722892355968724587000906	10.647871497513037297721893992275
9.440708688794222425144653243478	10.740638103633793676294772012625
9.379076668662680305033063632436	8.230993321663852668734762119129
9.625571626333867314428971440066	10.527570394489671912197081837803
10.190665578591914908201943035237	10.169594439364006532855455589015
9.851544672893581378048111218959	9.450082716007656813417270313948
10.652049059520711793425107316580	10.147393902954563671414689451922
9.147194236823239066325186286122	9.356014741190753269961533078458
9.790442051181431182271808211226	9.876056720242873510073877696414
10.336150141395981094660783128347	10.224506672497980730440758634359
11.966192239737912572650202491786	9.933514798340182139213538903277
10.486076872473384824502318224404	9.861309612044800942953770572785
10.953602243574410479709513310809	11.093762731890059569650475168601
10.119459268090594150635297410190	9.361259646874678708172723418102
9.445123816905022451351214840543	9.454891615963298079350352054462
11.489456881471429738894585170783	9.255684355304616417470242595300
10.737555146341128065046177653130	10.306742701965507791328491293825
7.957226661897126795963686163304	9.572842409354491266526565595996
8.618394685903041363417287357152	9.445095609411632509022638259921
8.458708581639855950129458506126	10.964694548543862495648681942839
11.017551095325062604501908936072	10.828723170414289000973440124653
9.341133765341197658926830627024	9.196590862981022240774109377526
8.960141115438581493890524143353	9.800964731463020385149320645723
9.767803332982557762420583458152	9.137375521327440353047677490395
10.790241763168205935130572470371	10.595729296997559387705223343801
10.027738705141507224993802083191	9.902122485610680868717281555291
8.286991756221055993592017330229	10.765147980408141137331767822616
10.619003922824479246855844394304	8.117650293386237336790145491250
7.110418078040829925612342776731	9.697863596252254581031593261287
10.638462086172165044217763352208	11.129316939597812208262439526152
10.837212382702833934899899759330	11.861600672640911113830952672288
8.653413542780796774422924499959	9.033372488764351615486702939961
9.182494717020432517529116012156	7.738937063914439029588265839266
11.190688822484279540958596044220	9.189536927255295140071211790200
10.031735440865322317449681577273	9.798018945706758131564129143953
12.250244638382065787141073087696	9.774085694348348951621119340416
9.798650426489645681726869952399	9.581656510804249293755674443673
8.248947384042672581472288584337	12.294512534321127006364804401528
9.240573965761502250870762509294	10.362300302558118403339904034510
10.245183349018065044333525293041	9.446516662588724244642435223795
10.876578788198351332994207041338	8.708648657438624596238696540240
8.495714566608951301418528601062	10.712140942928133569012061343528
8.955401129102934731918139732443	9.053126698633613855804469494615
11.069225046620271513120314921252	10.265846095691737005495269841049
9.491784116451436048578216286842	12.386861394169216055161086842418
10.320539970695328690908354474232	8.946952381249943186958262231201
11.860285472531991501909942599013	11.812827620935328454265800246503
10.625953298390227175218569755089	9.234354985475219379509326245170
10.398516929227834992843781947158	10.386706094546962475533291581087
9.812712290261455194695372483693	10.422061374935220001702873560134
10.891758484379323590474086813629	8.584425045229234996213563135825
8.797807193211145460054467548616	12.240973650660428972969384631142
11.156251777757484333619686367456	10.353639365982541420407869736664
8.291999713250396197850022872444	11.542420075756620434503929573111
10.960078684638496326897438848391	9.912721412566700252000373438932
