75
10.335067976058583738563356746454	10.953721345068865744565300701652
9.033104613573078367494417761918	11.675170376791024651197403727565
9.356912166015673548713493801188	10.318806802031154745691310381517
9.609373104762873651907284511253	8.728935216137692520987911848351
10.338832075767403040345016052015	8.819241830840889306841745565180
10.960890935081936348183262452949	7.910018955129017648175704380265
10.710930501097880807037654449232	9.079544402455237417370881303214
9.085537332584431524651336076204	9.313136160203704605464736232534
9.836490759164600916619747295044	8.239841182648179440661806438584
10.176465814622295269487040059175	10.166704347187813795017063966952
8.412782133125340067181241465732	9.963375253639945583472581347451
11.008067938077712000222163624130	10.442200640336762873516818217468
7.523224533386907886267636058619	9.095461712769196793715309468098
9.230214874716937245580083981622	9.841404324589234420272987335920
9.763214733606540463028977683280	11.175480278272104328607383649796
8.868398659735399647274789458606	11.763054868168474342837725998834
10.280096161881155936157483665738	9.371133504693005988883669488132
8.769765735925302507780543237459	10.326260935630280357599986018613
10.266015458752390188124081760179	9.946965000824617320063225633930
9.540182250902855543017722084187	11.669360430836047015645817737095
9.883970594987442126466703484766	10.471510902764455508417995588388
10.912764539152298937096929876134	11.628109436892216876913153100759
10.966076935562085736819426529109	11.789858723802606021990868612193
11.607749589818757485204514523502	9.035259835937862860077984805685
11.125309783134905927681757020764	8.741697345904185567633248865604
10.828802691663273805033895769157	9.725681232936985054493561619893
9.592913116184799804386784671806	11.438314974549266267445091216359
9.270999295292337905038948520087	10.134499741992108567956165643409
9.832598051293636842729029012844	9.637160637408872077003252343275
9.545915621683178642342681996524	10.629655079545836215970666671637
8.141483323273437378020389587618	9.888224717285600817717750032898
9.822117987421611573495283664670	12.408634335181153218741201271769
10.175303108345479685681311821099	9.504915195328958787968076649122
7.757398324517726706517350976355	8.554773459975793414855615992565
9.755152043347337098566640634090	9.819189761838220675826960359700
9.771110358693379183137039944995	12.153692406965298289378551999107
8.618644583826641891732833755668	10.214769546605241501424643502105
9.980352005107333113187451090198	10.024412232641440212432826228905
9.103193586010879911896154226270	9.317135651330188395036202564370
9.831587380530038444703677669168	8.998836597762172928582913300488
9.224820586364852914584844256751	8.860570564471844434706326865125
9.111356131093311105928478355054	8.150518057633613366874669736717
10.186266971776223755341561627574	10.381581831360010781395430967677
8.787530979961958976787173014600	10.413155281379685490605879749637
11.200299239106634274776297388598	11.594621726243696357983026246075
9.454209371803401040779135655612	10.412824087038648812608698790427
10.278688716325474317159205384087	10.246187628959511073389876401052
8.654927674601250231489757425152	8.822344832827999638880100974347
8.793876548317953734112961683422	10.202990694603693455633219855372
8.577600472829438160715653793886	10.577770181444488883926169364713
11.663422177761837872367323143408	9.712994012987461900365815381519
10.241275927740314699576629209332	10.377552437263855011906343861483
9.068515459682418011766458221246	10.676804273146350610090848931577
9.574729758840748061743397556711	9.252954447626819955985411070287
10.280271948364415379728598054498	9.453557176787139582074814825319
10.681383697855293846146196301561	10.728675630827272158285268233158
9.459036217573640215050545521080	9.294157012866909539638982096221
9.891573789906141556116381252650	12.053352579532212729418461094610
11.214778445492285641194030176848	10.135931980463514179291451000609
11.050375894761792494591645663604	11.061358653233371640567384019960
9.785560128671185964321921346709	10.192092218260908609295256610494
8.965456122162445140588715730701	9.496319397828465014299581525847
11.615098824498415908124115958344	11.678644697484529046960233245045
9.533695207618228195656229218002	11.068196695052174405304867832456
8.627839493489101840850707958452	10.184342383205953197489179729018
9.446808337742931271918678248767	9.167899412447980012075277045369
8.925736617388956517515907762572	10.325198873914294139808589534368
9.216747143241216022602202428970	10.755580040079552262000106566120
9.868602191447802596258043195121	9.968576236577176175046588468831
10.537321852825273893472513009328	9.269339294781365978792564419564
10.620205389727432887525537807960	11.904310567682950150469878281001
9.512401114507804678055435942952	10.236715656923172090841944736894
9.592333924180877602339023724198	11.000410247940244801156950416043
10.351243617776075822689563210588	11.255704362343033508864209579770
9.487157833598290679333331354428	9.538872286028837521598688908853
