75
9.427477978040295525374858698342	9.175063386902099438202640158124
9.691420495319597705474734539166	10.520404696030215774271709960885
8.709729281430240277472876186948	12.225084755564186167475781985559
8.697470033637294761774683138356	9.454666869374323212582567066420
10.472070704626128545555729942862	9.387731583576956140291258634534
9.382480833054430036099802237004	11.190738275825488301506993593648
9.397281906677889651291479822248	9.850223006165073513784591341391
10.347513437049419948721151740756	10.069681624872860226105331094004
10.437289819945839042247826000676	10.633378265443651500277155719232
9.809633172935285472249233862385	9.476129253507492578023629903328
9.759213769218126444116023776587	8.242474478104867330330307595432
10.617524793950209982540400233120	10.411753475892384201983986713458
10.572571400056894219687819713727	9.846288818167169054618170775939
9.731423245606794836248809588142	9.869744231796149236402015958447
10.691612966513780236255115596578	8.233815424924628700864559505135
8.761576948556182742322562262416	8.464658451645888703751552384347
9.145574303044245567662073881365	10.894800638304465323358272144105
9.103170676177715137100676656701	10.458762114552504485232020670082
9.342932216879614060189851443283	9.354437700672990629868763790000
9.635241212054131310082993877586	10.658291999039072095456504030153
10.015101988387572262695357494522	10.614309664115044284926625550725
9.515099285445824506268763798289	9.977522329872043016507632273715
10.855664482074773857789296016563	12.159645521745030549709554179572
12.091236257404339937693293904886	10.686484650030623200223089952487
11.900079511485136762871661630925	10.353513355990656918947934173048
9.511231237010118633179445168935	10.229675088451765319064179493580
11.774178356950262269720042240806	10.820028852338737124227918684483
7.642948248014612033784942468628	9.387859957556621282037667697296
11.124412875812463852298606070690	8.068705602033420021257370535750
10.282355109259789571751753101125	10.226651877613111452092198305763
12.087890757318254131291723751929	8.273761696500171680668245244306
10.378872350106467692398837243672	11.046286771730285281023498100694
8.787317075328500592945601965766	8.488326351543669545662851305678
11.852946754240408111513715994079	9.859555939765790810724865878001
9.861381357058585095387570618186	9.272585783747722132375201908872
9.070803955109408178714147652499	9.269932965794078327803617867175
10.560398273569084892642422346398	10.385143633760792525322358414996
9.801074939540351138589358015452	13.147648823519094918310656794347
8.545449599625271730474196374416	10.222675624660503501672792481259
10.631831149033040162521501770243	9.496565208279916348033111717086
7.939477446156587348013999871910	9.759495471361361751405638642609
10.732449143948079139931905956473	10.260850817847794402837280358654
11.173285426047966595319849147927	10.361521768234313256584755436052
11.191045176593371834883328119759	11.125813517053069645612595195416
10.823638941668367152715291013010	9.833817651999551046060332737397
12.045070801793446690908240270801	10.146745411991682672692149935756
7.619038909345286825214316195343	10.437381626555460201188907376491
8.546860285406966184496013738681	10.858859149774541918986869859509
9.842942240598191006029082927853	11.003904460938418452542464365251
10.220794800097886323442253342364	11.085764427871167114858508284669
12.334904404024916502180531097110	9.546159424527465020560157427099
8.944306889060566589932932402007	9.886428753373213140775987994857
8.666126793984959775229981460143	12.014705528709997750524962611962
10.574392155472848386921214114409	9.959374145336829187158400600310
11.063623258956550188258916023187	9.226038356342218804684307542630
9.525556430512773786745128745679	10.662928761739827621113363420591
10.659392514593667655731223931070	10.238910926945198553994487156160
10.324454399823411065995060198475	7.506036849949850875418633222580
10.237691077236114267634548014030	10.240182175954506860193760076072
10.171485273993187803398541291244	8.331996389526816315651558397803
9.774529549434321396006453142036	10.115854015584766045776632381603
8.410979321074323777907011390198	9.911325026237928881300831562839
10.808425361264431430186050420161	10.294164216508670861571772547904
9.775338514245635934685196843930	9.309702774211929821035482746083
9.051390803804082452188595198095	10.186425838967952728353338898160
11.374417736151563929070107406005	11.285697217376315037995482271072
10.024269949436350302107712195721	10.716575973138787958305329084396
9.226100082844299166140444867779	8.498390001553527639543972327374
11.369446813063362355933350045234	9.459392593805709736898279516026
9.404411434188139295997643785086	10.831055982949308713614300359040
10.775846292793717751123949710745	10.033239201178695054750278359279
10.059720543214920596142292197328	10.700934586295931083554933138657
9.878536912634650946074543753639	8.773444761041272244028732529841
10.955165253478391207409003982320	9.017468582538269217252491216641
9.941154558129348117745394119993	11.347460637704218200383365910966
