61
350
inf
60
inf
inf
inf
0.000021103552417134352481298265
0.012741932466738603579869959503
0.203905326244674389712940865138
0.399667242533639610613249715243
1.061175522048562802623905554356
1.799169954497903622936405554356
4.077312525947183630137260479387
5.058960017402261755137260479387
6.879588796892038615737874351908
9.334569358355249590886160149239
10.950890207509310414479841711000
13.069548273305208851979841711000
16.526052111772582264848097111098
22.966572236542063478736963588744
27.863974046234446291236963588744
31.469869534285649592675326857716
33.887515942366704280175326857716
36.799353442240388289974362123758
41.202860487888578688853158382699
44.977814330051664626353158382699
50.229597888041169539974362123758
53.602082735847780270432849647477
57.377034670662233395432849647477
62.018092780028929666968906531110
66.874880204852757970002130605280
71.741678605731664220002130605280
75.620294938739476720002130605280
80.487093339618382970002130605280
85.486429564932521429909684229642
89.441759459952052679909684229642
94.615948997182911739400879014283
99.121877036733692989400879014283
103.186059793205757273426570463926
109.776460489006538523426570463926
115.984975181264942989400879014283
120.049157937737007273426570463926
126.583382271900362070482515264302
130.538712166919879109627800062299
136.631607630335508929420029744506
142.340805672779254109627800062299
145.584808924280821429420029744506
149.540131189905821429420029744506
157.565552332483946429420029744506
162.030078759723835446493467316031
166.403244593226133929420029744506
174.428665735804258929420029744506
178.893176904255085446493467316031
188.063617578083210446493467316031
193.453052333995742628758307546377
198.893982646003252057198551483452
204.682554790186998161516385152936
209.354017311446540361430379562080
214.210813576094977861430379562080
218.284758159327623161516385152936
222.956220680587165361430379562080
231.073942238204352861430379562080
235.147886821436998161516385152936
239.819349342696540361430379562080
