46
200
inf
45
inf
inf
inf
0.000079644220981833768746582791
0.030927793218893384619150310755
0.072640820820025098214500758331
0.304106055003135367087452323176
1.076888562077787270254702889360
2.750887654373476820524047070649
3.424109112771629881422086327802
4.527418714032807933733693062095
5.200517265918616516273687011562
6.430404751422766906898687011562
8.261081983825633301421476062387
9.528676321289012207671476062387
10.325368215820262207671476062387
12.551211902561869138139627466444
15.982645580235208981889627466444
19.849958385184756082253443310037
21.964206559283951492034248076379
24.253493030027492238787090172991
26.185850720045635853239218704402
28.409107882932765676287090172991
31.929926593259914113787090172991
34.847947476363827945533557794988
38.171516995070049915739218704402
40.491400439695460988787090172991
43.421829189017763894753443310037
45.866321529105654519753443310037
47.577442134574404519753443310037
50.248325313285342019753443310037
53.769145930961123269753443310037
60.311904872611513894753443310037
65.199633621577731901197694242001
70.297100762141781160607933998108
73.145752561554729709314415231347
75.973556515305503467061498668045
79.292129513352378467061498668045
83.420884265764271958687459118664
86.688527924640396804534248076379
89.976911408527115554534248076379
93.246557099445084304534248076379
95.917440278156021804534248076379
101.243429047687271804534248076379
103.920224735203476029710145667195
108.260465485675553054534248076379
