75
12.764234664815436559592853882350	13.257573241522726092966877331492
10.205185510985570473962980031502	7.715623843942196913303632754833
10.392508855420592439600113721099	8.022099568558287430164455145132
11.329983036999220047391645493917	10.070915830648727862239866226446
8.743529160758354734639397065621	12.408733779307269173841632436961
12.405613793607329853330156765878	11.656012985651791780128405662253
14.635872475805014047978147573303	7.986292430621421800651660305448
9.672159685948777507746854098514	13.725421258734236573673115344718
7.992558274317074662462800915819	9.069357583015351664812442322727
9.954772929645113066499106935225	10.739170246135627095895870297682
11.528816451989913005604648787994	7.532017448315687424553743767319
10.253862857972626088098877517041	10.094988182807641763361061748583
11.734326850325567548338767664973	10.107875613994632857384203816764
8.733591853356582390688345185481	9.467346896824412993964870111085
10.744445071921330026043506222777	11.094437907308597246469616948161
12.316809019767633870401368767489	10.982051086569107667401112848893
7.373015417087257716843851085287	12.317529179246996307028894079849
6.498541489233186752016990794800	11.963158529112350336731651623268
10.675750164299131483858218416572	6.269266930147965766195738979150
12.924253920685016439051651104819	8.809855436079663704163067450281
10.775880869030002529029843572062	8.813668083647566930949324159883
12.706428200164330277743829356041	10.958860924464266517475152795669
11.703084937762543660255687427707	10.968293781135081133015773957595
10.064687785148338505791798525024	11.516068284542848587648222746793
12.822374886664498205846030032262	10.033340426032129499844813835807
10.036952971082829577653683372773	11.600716290254323936892433266621
7.487016996641656874089676421136	7.804617597371333204137044958770
9.766725625450023429152679455001	10.343573038375319939063956553582
12.393049687138654846307872503530	9.321310326655773081938605173491
11.276047157108255447610645205714	12.507735240821748590178685844876
11.698984169582084646776820591185	7.281637230200540322755387023790
12.036005515552968603287808946334	7.517806282673934248350633424707
11.506830272500623735254521307070	12.486073710446445872435106139164
8.618822876329636173409198818263	14.838125982903344279861812538002
11.689754093783434996112191583961	10.187977353671442415361525490880
10.466238154050218511770253826398	7.793068260960748006027642986737
7.577515816744936572035840072203	11.451342125574242913899070117623
10.011502697985109833211936347652	10.987642999233155904903469490819
9.383492350224438283134986704681	7.027436964551147191571089933859
11.755710031737072185364922916051	13.282050410220982428199931746349
11.557619808415546813762375677470	12.936037236013849138771547586657
9.588511245242873570759911672212	11.342110589805347586889183730818
10.987297288364064939969466649927	11.181898602919892127260936831590
10.883945734175307862301451677922	9.851289871553344568155807792209
5.965345555946509392697407747619	11.850751576998538538987304491457
8.265539815080213514875140390359	11.482976153138880093251827929635
14.481763819636015000469342339784	8.684261667972467790832524769939
9.953900140716250177774782059714	8.790984818112523413446979247965
8.654170741469492611486202804372	6.169530050642772600610896915896
8.247017551022260306581301847473	11.260105581150202880280630779453
10.613128121824409788587217917666	11.884928233981057132950809318572
11.054543234168944465523054532241	8.517517083064646499224181752652
12.782629831523452779151739377994	11.470036912952249252839465043508
11.528304726578712191553677257616	12.181206352890372457409284834284
6.772105872278789462370696128346	10.792355074578448892452797736041
7.776338925808553348417717643315	10.510049699866689465466151887085
10.723014595039780161300768668298	10.712877245023673111745665664785
11.963917355501257233640899357852	12.666290647982348716027445334475
8.099604904658814774620623211376	12.633023952976774495482459315099
12.664506629786989932995311392006	9.578204969598273166297985881101
8.376551775010295131096427212469	10.539539885047290113107010256499
12.483598360688436201826334581710	10.033921242973622867111771483906
13.929968346713462068464650656097	9.997434268450037464504021045286
9.913464759586108954181327135302	10.223834814837340800863785261754
8.837775300033989367420872440562	6.078133913617376649085599638056
11.316893147524989871044454048388	8.672181898672230104807567840908
7.221141803892437316392260981956	4.294019213655752231773021776462
13.074474984352297823875233007129	8.944018047888500078101969847921
5.804634670592527356802747817710	9.408545324576918389425372879487
10.696847481464651252736075548455	6.646083060020552046864850126440
9.735408692690846521600178675726	7.568073438520141138496910571121
12.496807431428866408396061160602	12.009054970268568496294392389245
9.462793025548625891474330273923	4.910432688167668757728279160801
9.511985891139790538773013395257	7.461542605060872190847476304043
6.217799763362718223902447789442	7.913414642310156565940815198701
11.897546933151742720724541868549	6.134827436266949263199421693571
9.317316273685449345975939650089	11.322666952316682298373962112237
9.497806295267304577123468334321	10.133902781464666276178832049482
8.718621222636187440002686344087	9.412896715586519746921112528071
8.562143616576861404610099270940	10.340659605583152114149925182573
11.918590697007759970915685698856	13.725640812422158276717709668446
6.619759949506248020156817801762	11.550755500456528324093596893363
11.776823733420251016923430142924	8.502295472147348931457599974237
8.639132858251512558922513562720	10.377207375102310393799598386977
13.661623691520635048846088466235	12.253950466077235148532054154202
9.641306605064212220668196096085	8.878508403842491958357641124167
10.688758921095020681946152762976	15.714380574791768196973862359300
8.195605703110526718546680058353	11.251809313919187260921717097517
11.170681875993057730056534637697	14.597967573171235500240072724409
12.620879706628208793972589774057	9.918797073840506683950479782652
7.117236422549174434948326961603	13.899516407582870769488181394991
15.448801792751568839889841910917	7.071758260287704267454955697758
9.037403694074951587822397414129	11.889860804051522791269235312939
12.294319877236326021829881938174	9.634403846975962082410660514142
11.871241079741595925156616431195	13.430886310146274098542562569492
10.909014340079631111279923061375	10.886289519537335479526518611237
7.560380208835173476700219907798	8.461340408817260794194226036780
8.046888449255533259929507039487	9.701473446831915481425312464125
5.396114928748992234375236876076	9.648892471588382591107801999897
7.340797434348663941250379139092	11.847878196102280767831871344242
7.953721491037565982651358353905	8.043725491525497872657979314681
7.373236621306118010465979750734	7.880758352175186942645268572960
6.860725531423966572219796944410	9.045606904728618502531389822252
8.171840288555573650342012115289	11.992111774437354654310183832422
12.569383482247774352913438633550	15.439160194300530548616734449752
10.465451087651334916017731302418	12.427586597334167706208063464146
12.353497263522196902840732946061	12.040651454192525804387514654081
9.649813040855507395576751150656	9.201456710527304849733809533063
11.392716825663185886696737725288	8.791266355707383794992892944720
10.379896587154636478089742013253	11.370240001277222674502809240948
8.699778235506551382627549173776	12.163556877802362166107741359156
9.651347990403019494465297611896	5.408554597788755913256864005234
8.798905422249402974443910352420	8.504982703988059000721477787010
8.452508702408461971344877383672	9.997325482957535314199049025774
8.466552262566874986760012689047	10.209640801970207846238736237865
4.509545104106479129768558777869	11.813824675132670094512832292821
12.079509830450554375147476093844	10.401610568824454006175983522553
11.122576411225312043029589403886	6.994599078868011687859507219400
9.852552886521074526626762235537	13.346864171523300512944842921570
7.316353269384447521872516517760	8.147901927572203106819870299660
9.362273257447979446510544221383	10.855042968462372598992260464001
11.460082774122646753767185145989	7.966813331872606873673703375971
13.091884720063864833150546473917	11.656512010990759620199241908267
9.240769232186037740461870271247	7.814048703550897201353109267075
6.413287979086701895425903785508	9.985686522450722080179730255622
10.416667451573919933593970199581	11.140109295296197089442102878820
9.254954508479150021571513207164	13.841564914550977150042854191270
10.280437458186518995262304088101	10.428419312823764997233411122579
10.084333852305032763752024038695	9.649020785055856919143479899503
9.179901289434017286339440033771	10.767442140722129906293957901653
11.241043180700243553360451187473	7.949094027162148634602090169210
10.277998129053486309203435666859	9.345216025090723022117344953585
10.661901708904224506113678216934	7.163744584021713102117701055249
11.514300176615337889529655512888	7.267293912241248321493003459182
10.702377172060648646834124519955	12.105738201580328095019467582460
11.952288703337062614195929199923	9.385827124961799938773765461519
11.049067963018991633816767716780	9.334247138110539410149613104295
10.821819402610980631607162649743	9.563064054005854686124621366616
12.269577160981921082338885753416	12.073528517360486489451432134956
10.189965312309901435128267621621	11.452669102388687960569768620189
11.522136039590645140151536907069	9.930101274446727188660588581115
7.009163283967588142786553362384	8.477627335142210895924108626787
6.407934947928900726310530444607	11.242308742830410039914568187669
7.660772574377476828999533609021	9.222972063248992213857491151430
10.522593318418731911378927179612	12.168183622745406324838768341579
7.712448627846306692390498938039	7.064719088424748605348213459365
10.224063923733277547967190912459	9.851680193903078475159418303519
10.547944622011193871458090143278	6.891137441304357125204660405871
9.550298807889836538720373937394	10.721685983522881713270180625841
11.583088357756611941340452176519	13.054950395323416501014435198158
7.344328414572840912910578481387	12.077093606577133044766014791094
8.813766669923451146928528032731	7.431573648203398718692369584460
12.645893159600840149892064800952	10.966719089835327949344900844153
12.257670460949000812433951068670	10.112045482927120687577371427324
8.660769492225181664935007574968	9.932809330915915779769420623779
8.499022805503358313217177055776	11.869243425007876879817558801733
8.314540519080773961491104273591	8.433963088413648279129120055586
7.303696815368067696283560508164	12.849395524548718583446316188201
10.512148079703569791831796464976	10.400684261304483868570969207212
11.418000134805284417893744830508	7.645656750137332480221630248707
10.493128330027776229371738736518	9.010104131769779201022174675018
11.243925431746722765069534943905	9.827178690703284758001245791093
10.065604953248293185197326238267	11.306342901780675802569930965547
6.798932507356481025340144697111	9.194057333112352736748107417952
7.893516662870529110307415976422	6.711859881749347778168157674372
11.943603646300093856780222267844	13.123996285755207935608268599026
12.167681024433282033214709372260	7.617115938227993154896466876380
13.966325925185504530645630438812	9.121202297659442237431903777178
9.826459649099144044726017455105	11.020587651182747634948100312613
8.465725070895784298841135750990	6.254477208776259011813181132311
7.368718431974278004759071336593	8.522065650681879489525272219907
8.206619104551879928521884721704	9.296053635269368342619600298349
8.364130592687416765329544432461	7.800507543090889228665218979586
10.708276275472142557987353939097	13.531869463946197384984770906158
8.331995688204592909187340410426	9.210780336667633960701095929835
8.742399444590210677574759756681	6.476544061899419446604042605031
8.360047115602144529589168087114	11.343495116925296883891860488802
10.263971121037608114079375809524	10.235324943208778947223436261993
5.095135444954740577827578817960	10.033861358479297720691647555213
9.744618855879123131558117165696	8.468555504594794669515067653265
7.866007503146922985592937038746	12.482486123745815120855695568025
12.563266591231521118743330589496	11.304743914310527941324835410342
10.605604536259839676404226338491	7.048632153079534390371918561868
10.532745618758596606312494259328	9.887438501008585234330894309096
10.948258778783685585267448914237	14.121219581849398849726640037261
10.585924590392732369537043268792	8.844354990768025004399532917887
10.723178073775700980263536621351	10.747247764231472544338430452626
10.575148628862951483142751385458	11.781743742211812531195391784422
13.019041936036023443534759280737	12.675537125037557473206106806174
12.068313932161871093740046489984	11.707041547244578794106928398833
9.827867720606441537256614537910	8.826428597284737165296064631548
9.582443998566953169415683078114	10.048015555318100311410489666741
11.346522123837063489304455288220	6.601865180802028554296612128383
8.211715675896451571702527871821	8.846800436804150180591932439711
11.016621834432360316213816986419	12.749118465970523672581293794792
11.012675248296648788937091012485	11.194988877622829903657475369982
11.728231428192000151966567500494	11.001694544855157076312934805173
11.043299890249713257617258932441	11.827308156525230486977307009511
10.288653852634283225597755517811	11.750527103355311808741134882439
11.514178212292526026772065961268	8.029622170423115434800820366945
10.016211836265204837559394945856	14.189045936602015629546258423943
10.013273036722997844094606989529	8.663340198156337379487013095059
7.775695997888754540383615676546	11.127040871808095090500501100905
10.390951996884455255099055648316	10.405826325979495194928858836647
8.233734590533922315103154687677	8.392843598549237782435739063658
12.251325487684766812890302389860	8.072766860570679270381333481055
10.422727018102484919381822692230	10.287980601684820314289936504792
12.866643875423569909344223560765	8.059613181719072372288792394102
8.727305572170923397834485513158	10.136916257980088218459968629759
8.476328746536147207280009752139	6.676530148472299863726675539510
8.706071038713430354505362629425	8.512321595553627773256266664248
10.413063432122088514120150648523	12.331464724682192013460735324770
9.705264308693068997513364593033	11.914490667200160700645028555300
10.760005264694219917487316706683	12.688701177130051078734140901361
12.491949567101977791594435984734	12.299266167095966650890659366269
11.313531286874201953196461545303	6.193932859291232162490814516786
10.520833703548291282459103967994	8.564119167624818729223079571966
12.314881626651999368959877756424	11.461848084631956368184546590783
8.323864399829007609810105350334	8.865108436532041835675954644103
7.922699979422112903648667270318	10.284447725837532416903741250280
8.857114768448060004857325111516	12.018861244011178612822732247878
9.924447060504924422730255173519	9.626166101178558420770059456117
7.419067652795746425908873789012	12.733124766929016402627894422039
11.007821070851814937441304209642	12.466553262531459012052437174134
8.585129332714753758182268938981	9.728367402887689863177911320236
9.665064465556419293079670751467	4.854093628470804056007636972936
6.334163079243888105906989949290	8.734638792196159684522172028664
11.108402335063088273159337404650	6.828381471765744059609914984321
11.389205614936095400935300858691	12.563381909361922339485317934304
9.977656689664508249393293226603	10.841288500402221472995734075084
7.589937010166835307245492003858	8.053346944033016541197866899893
13.679037988634306088897574227303	9.357154342601729624107065319549
8.861285176546378039574847207405	6.619086953122336858257312997011
12.465697352395880059816590801347	12.703205454480464453581589623354
14.979750755685479646217572735623	8.045243179587840742783555469941
15.892236772975188330292439786717	9.052643209892282882833569601644
11.459596384284166603606536227744	8.428163305656781290053913835436
10.677772218228426481800852343440	12.827215833732326544236457266379
7.978707411987734587910381378606	8.483077317650302262563855038024
8.225746538179386391220759833232	8.214962632568234113250582595356
12.725609379851437807928959955461	11.751123371896989411311551521067
13.366084412150115667827776633203	10.919511757480220737193121749442
10.401439711924497899531161237974	9.243470231390606528520947904326
6.857649208826723352672161126975	9.467631471189998038084922882263
13.895833246380707493017325759865	12.154590751348427701827858982142
12.337549039891701596616258029826	6.367912331688219573777587356744
11.064480530776837241546672885306	9.229033947201777721147664124146
13.710428033923324875331672956236	9.738794157257432360097482160199
7.174871975573915428014970530057	10.603699386191282272307034872938
8.543663363945244171304693736602	10.000242528679406106562055356335
12.697934074182585462153838307131	11.182994312206126608089107321575
5.963162012294664471312444220530	6.362232206735668249564241705230
7.247270129778740965775796212256	10.222668401394880532961906283163
12.106710561374535828349507937673	10.878685347635055791215563658625
11.431711365048201400895777624100	7.386042183194088117659248382552
12.112367609669997037258326599840	12.898372696693696681791152514052
12.270685604161677417778264498338	12.172633160272063435058953473344
11.011784450550800684709429333452	9.752069116170709150992479408160
8.111935924369515049647816340439	11.337521157271773120100988307968
12.282663115635124029267899459228	10.009774805766889826941223873291
10.315842624355266110569573356770	10.218472610012607759699676535092
7.704956650488401947995953378268	9.401958048535929535205468710046
10.347835605876966269534023012966	10.691111216114260074050434923265
13.374164455230026504750640015118	9.582161020515252758400492893998
9.248995890597871749605474178679	9.228697573653752428413099551108
11.829204488017820651180045388173	9.988807110299619651527791575063
7.448286196612516008030979719479	7.133007614200963075745676178485
9.440364665399476606921780330595	8.899352586353161953525159333367
11.482789305575366256562119815499	8.193511725297344838736535166390
7.235266093564928446824069396826	9.171993980493114761998185713310
9.465452400757417450449793250300	6.428890593024487287721058237366
8.534935229700245429285132559016	5.800277168437487418373166292440
10.349106245636610523774834291544	10.888782048585522232997391256504
11.475944735992744227814910118468	11.407397398036209779093042016029
8.224303492810644655719443107955	14.188461832066556311815475055482
12.176766219097718391140006133355	9.315536496496514828891122306231
8.812109642762619543532309762668	6.073611639236364823091207654215
11.297911374192674216487830562983	7.503372459337168898230174818309
12.240358030967080082973552634940	6.786985347187331818474831379717
12.959074394167796384635948925279	11.067416816974878557289230229799
10.308798787605969238256875541992	10.094849008823802094525490247179
11.025203280471400191231623466592	7.980473402618134315389397670515
10.254043203050095200978830689564	9.392090226022780541370593709871
11.423795387454038774421860580333	10.874157923458357188906120427419
11.001039693804040453528614307288	8.512826877475214715218498895410
12.043009070917445768600373412482	13.920606913580011010367343260441
9.076497158814351706723755341955	8.068515436012077657323970925063
10.628589110976763620897145301569	7.814812364518829213011485990137
11.282513211096702576696770847775	7.406462472695102050579407659825
8.237385650049732888078324322123	10.828455601325829960046576161403
11.640984304573786189962447679136	8.601003574297259035574825247750
9.288524079723851301082504505757	8.660471392924652178635369637050
13.245865698902683504911692580208	9.966512276730043140560155734420
10.090426815855517261866225453559	11.662292154596343607408925890923
10.373357253583559867138319532387	9.954113118888113120874550077133
9.222721327949024328063387656584	10.915759784719170966127421706915
8.508034687901906423235232068691	11.299597172325309912821467150934
13.666426347316106060247875575442	10.728667103319763143076670530718
11.351239942835924523478752234951	12.244326133703184567025346041191
10.665619977686910502256978361402	6.198646561810942756665099295788
