75
8.908108169556438582503687939607	8.795745828242457875489890284371
11.083194458257484171781470649876	11.536574432889901586918313114438
10.664028215667686438905548129696	9.814837615670027659575680445414
11.379666968701414475617639254779	11.147572071159741469159598636907
5.792557863486944569331171805970	9.901730984729899986973578052130
6.149633810145786583234439603984	9.444853434495072974641516339034
10.931303916320462832345583592542	10.729890191668101095956444623880
8.616112221412299376765986380633	9.979022417327074734316738613416
15.133967984200038969788693066221	8.865721267101008606914547272027
9.080548849171753644782256742474	10.723777749277484616641231696121
9.032334000899984616239635215607	9.890332190793111877269438991789
10.417964865673104313259500486311	11.905953835325636447350916569121
5.539294837675013738476081925910	9.155877080729387884616699011531
10.625255246369382788884649926331	10.891333363204573458915547234938
8.691273989727928750426144688390	10.020073036248749787091583129950
10.672270955097722833215811988339	10.975349241256012078338244464248
5.347944265874428282359076547436	9.359111332310106945442385040224
8.274721919400853664683381794021	11.622774994149576599511419772170
9.175865476260844033618013781961	11.793967063585334642539237393066
8.043795172829662831759378605057	6.672583800387267061182683391962
10.974937095144177590100298402831	11.042719024029846508483387879096
11.263517918361291236806209781207	9.615776912108538354573283868376
10.861455280448170768181626044679	11.647939457623776249306501995306
11.257946286570332361520740960259	9.644418817768148244340409291908
9.242961744541617008508183062077	11.814986016830097526053577894345
9.149849656757066185264193336479	6.594945912807781418507602211321
8.711929675287812813166965497658	11.069876310197814817115613550413
5.159393578665958379758649243740	7.303603059392519192272175132530
8.257883694341591862553286773618	9.970431015784145145630645856727
8.856769945295736690127341717016	11.468564933523737181531032547355
13.434823962484591319821447541472	8.967444353715686489181280194316
11.417662261068741713643248658627	10.024852033254228800274177046958
10.514360068401193970544227340724	10.298782542051135635574610205367
8.227977028385499380647161160596	9.852090029791064296205149730667
9.537348039858388304423897352535	10.319324297287954195212478225585
8.240558924859177736266246938612	12.325225125942552040214650332928
9.128952893306015781149653776083	8.409371761445264326084725325927
11.623504181389906264598721463699	11.790478524014000427655446401332
8.101291712139049749907826480921	7.916547974413298938145544525469
13.546981854442460502241374342702	8.268376714611843425473125535063
14.029383941744287156438986130524	9.133313181495893218198034446687
7.300088303807354073171609343262	8.364049740405070210158555710223
10.679317020876872845747129758820	10.448917965054020484672037127893
10.674141261086937504387606168166	12.218897290117954668176025734283
11.304787671649831892750626138877	8.522388608809240650998617638834
8.586836247593007342970850004349	11.241478959284878058610956941266
10.357138628326039153648707724642	12.031183633914002584219815616962
6.680601689617195582115982688265	14.930516710991437179245622246526
6.860399824691858938763289188500	8.950329324847418277499855321366
13.685123682368637076933737262152	10.757030207095803930883448629174
6.902199361438623448350426770048	12.664312449138408922522103239316
12.247996575448189204848858935293	9.742529205945023917934122437146
9.742938332835043624413629004266	11.768739303368599635746249987278
13.821934714162772195322759216651	12.162125211595419926879912964068
12.626462014505952069498562195804	8.543873008734863105928525328636
10.228132860519098201734777831007	12.649902550560856440142742940225
10.720129046100575820332778675947	8.727320459443085098882875172421
8.199892389276639548256753187161	9.197492895915749144819528737571
11.241841189418673607747223286424	9.342881163820596412961094756611
9.245422911894021211764993495308	13.502369658114631079115497414023
7.784324521401460472702638071496	12.728195420746709842774180287961
13.206800171065086857424830668606	9.828179659926792766100334119983
9.178817320185121531039840192534	6.663102035870792860805522650480
10.875113487782673615811290801503	11.290138554790472014133229095023
10.608934550235881388857706042472	10.233647752603170388852049654815
9.781517008542133240212024247739	8.353833647025735942293067637365
11.277309438401477592606170219369	9.636363065185848952864944294561
8.952940762136993413378149853088	9.673120065389186450488523405511
12.204825083797775420180187211372	11.390886521912294782055141695309
10.032003159142202974862811970524	8.631019575416388533994904719293
8.037421845376861995191575260833	9.163674211610677744488384632859
10.430771592211296905361450626515	10.371742576460686535710919997655
7.515634977649396475385401572566	7.424243414906213089921038772445
8.978734672313606779425754211843	8.969368626034624369935954746325
6.859452944180155498088424792513	12.397768662516867266276676673442
12.287554033888291371567902388051	6.277880807573517074615665478632
9.159336405055963581389733008109	7.251105209014458097271926817484
9.012420792682998893496915115975	7.180908139836332360061987856170
6.744603190583953633563396579120	11.317981107755322511820850195363
6.999091851692089250036588055082	8.416158365038437949579019914381
15.522249134687672977861438994296	8.319692360973053979478208930232
7.291080934833159332697505305987	11.896645278912297172269063594285
7.183438593777621505864772188943	9.493460912067831714011845178902
6.497371507924612821227583481232	10.060027823763405763202172238380
9.231795759163070158592745428905	8.983637957525180794959851482417
10.603570254531723193736070243176	9.529564262136030805550035438500
12.809110587089538313421144266613	9.639369893684371248809839016758
9.775662480650757046873877698090	10.308354393706370188965593115427
6.859425494709508797086527920328	9.321760827595472420625810627826
9.984306233579822276169579708949	9.576315198924994831486401380971
8.331739303702525134553980024066	15.343058279360441531480319099501
10.482998992197323673281061928719	10.398184169592415315719335922040
7.603306968331787984993752615992	10.193223605743524373679065320175
10.103702446703795914118018117733	12.709897244901130264338462438900
9.817191250448594530553236836568	10.817904923312058329543106083293
9.262076861559741303153714397922	10.155793660655399790471165033523
13.037841608036963236827432410792	5.609952998432718551669040607521
7.946551876749566645230515860021	9.293194555619423979919702105690
10.565132333423923327586635423359	9.848321120307881315625309071038
8.294480820301599166555206466001	9.295759690407345843254915962461
6.246633154374152674392917106161	14.108458003001974390144823701121
8.155537537770529254999019030947	12.862022167290296792430126515683
13.268441298388314208978044916876	9.468902146356848348318635544274
9.803780769382811399736965540797	8.809162146516673175256073591299
10.855884150337804072705694125034	11.007883163374231116904411464930
9.971013733272947376917727524415	9.194153069906931818877637851983
8.927622368189668478066778334323	7.252368645181473283400919171982
10.334443524613442733084411884192	8.905194484102171514905421645381
8.538827991530300920430818223394	8.599125391841150545246819092426
9.532835623259733992540532199200	9.938318950097908555108006112278
10.020357675762072702241312072147	7.096740364985552496079890261171
11.445647627675162638638539647218	9.725753789921453673628093383741
10.196342568237950487741727556568	10.772201889887305981119425268844
10.400630527224587140722178446595	8.930924744562521055968318250962
11.685953016061182196949630451854	6.801579004737288158821684191935
9.959135225452618200847609841730	8.235226083118060813603733549826
9.450661426097271444746183988173	11.502179360082944725718334666453
9.018929691312283836168717243709	9.358246627644698278913892863784
11.743193736193902054765203502029	8.376159172179628242815851990599
8.880873685208198864415862772148	9.683772184535893501333703170530
10.175817738684235891355456260499	12.529876221556270010637490486261
9.376332930005487398261720954906	9.074461164945585522900728392415
7.533426871924604029118199832737	10.700679228983045021550424280576
5.115178240242319596120523783611	10.163386236307371035536561976187
12.324449171849122919297769840341	8.159530412315845637749589513987
9.858466095448369159726098587271	12.678418616945329233658412704244
11.405867327452201109849738713820	10.341224067076099757400697853882
8.359728791744000631069866358303	7.819410279179502154534020519350
10.553411092145513094919806462713	8.756640684024672438567904464435
9.010701889830597721697813540231	11.303384390130361225601518526673
7.489540559223348381578944099601	8.619661011235947967179527040571
7.721104686227657332153739844216	7.979607129573414781020801456179
8.474240744200320918366742262151	9.556382620903891123020912345964
9.897185953965490057271381374449	9.865846830782905030332585738506
6.015571541800041721614888956537	9.257951083389494684183773642872
9.970666341284083245000147144310	10.416445567454976739441008248832
9.875037792412610926362503960263	12.231756420877749391706856840756
13.303734930021906990305069484748	9.009603955147991172225374612026
13.520007711121856175395805621520	10.034867080636344027766426734161
7.632482692261986834125764289638	10.218707874684174186086238478310
13.343353205897036772853425645735	8.782149568684413765140561736189
8.691736885745266150138377270196	9.935756334390847044346628536005
13.612458886156971971104212570935	8.044310703142039997715073695872
9.871200721974728864438475284260	11.849663866632443642856742371805
11.505867017122715978416636062320	11.100802945562442403115710476413
11.423670475148641756391043600161	8.864629206074660316971858264878
8.669907452261748304067623394076	7.294955696352630525325366761535
8.829782638254405569000482500996	7.782499512173005840054429427255
10.000254140595600915730756241828	12.023380012337955946577494614758
7.932707119143620921875026397174	8.113532321629060461987137387041
11.591334352811351493528491118923	12.352301314939470699982848600484
9.141667988931956756459840107709	8.527667192220466318985927500762
13.924447999255624708325740357395	11.679241272927150419036479433998
13.817992689398725048022242845036	12.145086658335632279204219230451
9.187186489844469505783308704849	8.839841862951638873369120119605
8.872050273790549113073211628944	11.074843547586095127144290017895
9.326535887735717622604170173872	13.022606752279973107988553238101
11.617029070645815025386582419742	9.511501889761033723402761097532
7.766466151519022531601876835339	13.725953246636942495229050109629
10.050508944796670007804095803294	12.649746708158367880514560965821
10.392084403654941127115307608619	9.983207700919848548437585122883
9.589746077269877488902238837909	7.971798826960490913506873766892
8.040326962712583735992666333914	13.331824167162039884715341031551
9.390858101747756592203586478718	10.483302983927719864709615649190
9.802260238308473816459809313528	8.414734269823894052819923672359
11.878429428024974257027679414023	13.278467168193333947101564262994
11.176264880966433779008184501436	7.155230602029600817104437737726
8.409886252472151824122192920186	14.574924789516439105341305548791
7.831346186842325529653408011654	8.412501468815520411226316355169
8.480206011462023241165297804400	12.399243119846298455399846716318
10.222965437170175917458436742891	9.360962473206013712001549720298
11.678729268728531565102457534522	5.863115101069184653681531926850
8.180459458787836979354324284941	6.444113224180046728406523470767
9.406748203509259553811716614291	9.321830720156947691634741204325
7.698357079232732047557874466293	11.610678495567100299012963660061
9.931094586065297491472847468685	10.793533182844516460363593068905
10.543204975456747618522967968602	11.053120942119887715193726762664
14.421474903924124788545668707229	12.849292725994905239872423408087
13.433113469965990205423622683156	7.298986949634986842738726409152
8.504946988549544784063982660882	13.632135602106778549114096676931
8.023611852794967802537939860485	12.372215458525960940505683538504
9.338099999994769362388069566805	8.343368970434850595552234153729
9.149497665000659196721244370565	11.727175929970746537378545326646
9.331135196759198890958941774443	8.163222834868955501974596700165
8.716586358875252571465352957603	8.609834101990641030965889513027
10.246143296277647749548123101704	7.000875977276317385644688329194
6.681019259018610156886097684037	12.780651275657866960955288959667
8.742841435304187669430575624574	8.466578647197142259983593248762
11.486869628779510676963582227472	11.077078796977211538887786446139
10.653896344322927092207464738749	10.201620902717019490069105813745
11.535229331275155928437925467733	10.631044457272116332546829653438
11.784212822293504530080099357292	11.543725950013309144992490473669
11.733821108034259594887771527283	13.135135256590807273369136964902
9.275712726252415052385913440958	11.699510085761938071868826227728
10.500698949197344589379099488724	9.072419370801259930203741532750
8.263414598872449445821075642016	12.558821669049239133642004162539
10.957516333091840365909774845932	12.084658370253638537406004616059
9.772579846369440659259453241248	10.930713438661150860298221232370
11.056795301063473857539065647870	11.882410824586479236586455954239
11.098917248491570575197329162620	11.828400957746199040343526576180
9.244350266415644057360623264685	10.251359838979400507241734885611
12.419295595358061490287582273595	12.380614088292562158244436432142
11.551094557158732456514371733647	8.475671074840477103862212970853
11.793932997476222368504750193097	7.402672581537430573916935827583
8.445674885627827421785696060397	8.066509127796814837552119570319
9.921091583201155472693244519178	12.319656852653002587771879916545
12.990980466959465289278341515455	8.323902475053724714371128357016
12.682822244361785735122793994378	12.015894871461648918398168461863
7.456543257494845811095274257241	9.107769927476299542945525899995
6.902290451266701154509064508602	9.451577354416974330320044828113
10.674251503271388941129771410488	10.781085529301099867893753980752
13.479410230090749678311112802476	7.465031655284121825388865545392
9.813572092013242098573755356483	11.727896261735152094729528471362
11.051276566991679928264602494892	6.538474363545892842353168816771
8.812799154294703285472678544465	12.398245183975173944190828478895
9.849817032239124969805743603501	11.086840774544832299852714641020
9.226159844534549847594462335110	8.187008352910766006971243768930
12.366459715950377074022981105372	9.327859402055509008278022520244
12.764363443425695621158411086071	9.409596006340287033253844128922
7.432460658913256246194123377791	10.643025169791345163616824720521
10.388000573641718915496312547475	9.587261978881251422990317223594
10.119017029934616047626150248107	9.596911602396001939041525474750
13.603267151811479607204091735184	10.554536286246163356850047421176
7.450038207082514851720134174684	10.955359223523926104348902299535
10.453572955612077777232116204686	11.158356499062589861637206922751
12.785758155893219623067125212401	7.329415799045142065892832761165
10.012647834509657229773438302800	6.593861526111905568825477530481
10.685340789530588523348342278041	9.287709051523572512110149546061
7.114368228593928478176167118363	8.844543803727610509213263867423
10.847644672270295274074669578113	7.816906726981247999219704070129
10.127929995206734758994571166113	12.773266370355118581869646732230
7.622512812295617834479344310239	11.897324925480926793852631817572
7.235318595145404430013513774611	9.980831445172174909430395928212
12.062998479564337017677644325886	11.685944308583431805459440511186
10.708954822928342665022682922427	9.276986265342181070536753395572
9.644404996089852133422937185969	8.589108916338176413773908279836
10.921546185611219925704062916338	8.139106692999627412632435152773
7.135340492800906098125324206194	11.547740580005239507954684086144
12.162098496843748662854522990528	8.480083810822780066018822253682
11.867196560674615923858254973311	11.478562520952166892129753250629
10.688372499685344862996316805948	13.816190829945906415332501637749
9.631631182070591989941021893173	8.771451683839023516497945820447
11.757520426306442118402628693730	9.329010104707565531612090126146
11.375797323498650470696702541318	11.524459928115797779923923371825
10.586301170243373803714348468930	8.864634387837071471949457190931
7.723362331566243632607893232489	7.174565211116002316771300684195
10.411739626160185778758204833139	10.688711838299234102578338934109
10.707696582771944804335362277925	8.102858205754703391221482888795
12.890739851518649317085873917677	8.626690662773501827587097068317
11.265626535620933523773601336870	7.687148970649801960064451122889
8.404234491425524922192380472552	12.226715373820827181816639495082
11.692258468866778997607980272733	7.471615838101079987154662376270
11.675863468031394631907460279763	10.133487680853887624721210158896
9.329762845199979892640840262175	7.713159379000644300106159789721
10.839329706732028668625389400404	9.357365541187245838727903901599
12.516035000353880946022400166839	12.416406724751617218771571060643
9.195124202453662576317583443597	11.238663324508049612404647632502
11.052386897882813698856807604898	5.986044171331426078097592835547
7.947568133663944323075156717096	11.123174613597742066417595196981
7.576311202727345595064889494097	11.057893308559377132382905983832
12.257788570814197370850706647616	10.052808253604576194106812181417
9.692215956675630295080736686941	12.436088525881004329676216002554
10.530972233129856974187532614451	11.579236152966277728637578547932
11.500586638208101675218131276779	9.671325522591216028445160191040
11.757622181194948396409927227069	10.087575226218810087175370426849
10.913558162567374765217209642287	8.910248653005163887996786797885
12.417320497858240102573290641885	12.056533650661876322374155279249
10.545465793257925213310954859480	8.802908250532649248043526313268
11.748874805475443494628962071147	10.969688707341559208430226135533
7.402242769214271156386075745104	10.749945479877501597343325556722
11.854008424130354271142095967662	12.058555214146625900184517377056
12.357262454999329293059417977929	10.837622300163799238248429901432
6.752375663244071013480152032571	11.936610340391558438000174646731
12.199078600964718077648285543546	8.924730442700038679504359606653
10.653489613086703613475947349798	12.770977577391924739913520170376
12.235065115692883352949138497934	9.950598730958324367179557157215
11.273124695546130169532261788845	11.923268049962326031732118281070
11.339496707097246996909234439954	9.490700760375510469657456269488
9.231499441229892966020997846499	5.287636148623787946121410641354
8.786864205922729098574563977309	13.553988582318677202920298441313
8.563232446894286198357804096304	10.357189889110536284988484112546
10.881487701082676267105853185058	8.208758634414182964178507972974
8.608817805668218525738666357938	8.804148218443307527536489942577
8.431529807148995914189981704112	11.307553555011628176885096763726
10.554791700761057882118620909750	11.262395095029928526741969108116
9.016479433694847500646574189886	9.665776140637627023011191340629
9.789801867511888744388670602348	11.616608472574608157401598873548
6.901339232916204657897196739214	9.164831195410361175390789867379
9.843055481673172124601478572004	9.560996583807799709120445186272
7.701495209026177235500654205680	8.385485454209630873378955584485
7.196314665844652402881820307812	8.143598078648105698107428906951
9.873286616292991979548787639942	10.886738913694118835451263294090
11.141552431013838742046573315747	11.072467227844096981925758882426
9.572366803569913429328153142706	11.033299454154084529022838978563
8.644381160625398408114961057436	10.529006591462421127403104037512
9.957130543549547851966963207815	10.269064196780394837560379528441
10.550430785775910536017363483552	10.287509329277240155420258815866
12.248864037214026723177084932104	6.952739574846782844019799085800
11.795257324228867190640812623315	10.234389352988207733119452313986
8.914346217347549838905251817778	8.779785401358607188626592687797
