75
3.427139919602388840047524354304	19.459903198712495964173285756260
9.542275663207428593182157783303	15.679732626034221354416331450921
15.099135787404113884235812292900	13.715060917393604000835694023408
14.042823737995679067580567789264	4.651107581045098804395365732489
13.492692414091461472480659722351	8.660636519760995355454724631272
3.570083645232108082723243569490	19.939193624107783620047484873794
14.680831080766482799049299501348	2.677797802737499566205769951921
5.239974050977588504451887274627	16.478094932386131432622278225608
2.720291636605897345191351632820	16.798743924164035945523210102692
1.808350644387641814603284728946	6.215646780159206130633720022161
11.460120460336099768028361722827	12.964850360830480369145334407222
11.844951318831887121518775529694	0.860175510998913983584657216852
5.479671027094445534544320253190	3.442049837958606417487317230552
3.071910061354290455426507833181	8.840513212294293765580732724629
19.406765631900942281617972184904	10.373122930415593856423583929427
7.177209736752781843449611187680	14.734993917388869988371880026534
8.480027553248978833266846777406	7.260399840278586758302026282763
19.454634271080720964164356701076	2.499865407686194807013180252397
10.647622901945767992515357036609	0.162424228649242774480399020831
4.574289336644197234704734000843	1.256111123563116160894992390240
13.066690950201550691645024926402	4.011222234100298322800881578587
1.354947356201985364521078736288	11.235119786699454991207858256530
6.275510039791488914318051683949	1.879913160643239544711491362250
2.205104563199191680666899628704	4.298179727686298079447624331806
14.839097693573981118220217467751	7.719623595650025649206327216234
6.172377080867180509926583908964	8.477798937377656329772435128689
7.904430880552875571254389797105	4.340015092637789173579676571535
9.584117088135137407789443386719	6.987520709763474613396283530165
1.506598592455455909444594908564	14.485759215777346042841600137763
5.234567294343046128801688610110	8.700577352506218886674105306156
14.599592634231722598769920296036	5.161994026916843836261250544339
12.333604373981929214210140344221	15.138185161575487214236090949271
5.284501428218575824757863301784	13.528545011959524302369572978932
9.763150825731095494575129123405	18.786232129952392000404870486818
2.300081571707707439600198995322	7.176987789139006146399424324045
16.900506649067501996341889025643	16.228882538486409714550973149016
15.268678285782671721904080186505	4.291636550155304874465400644112
12.193026017777686575982443173416	2.446870504225699072264887945494
13.771584549976060074527595133986	6.314657612361619598573270195629
19.278397029473890000872415839694	6.683164384145335645825980463997
17.858811013340133655447061755694	19.529678452775392827334144385532
9.020613694134423710124792705756	11.664833035996826637870071863290
0.514981453101702735253297760210	15.506864624408585484616196481511
9.061091307846458775543396768626	18.466118107447890395178546896204
6.181793844631363832320403162157	15.777928532325210753128885698970
15.156395795640005275117800920270	19.811271803620979170545979286544
15.231404428250813865020063531119	2.062223746419495906678776009358
5.450355200591352478056705876952	1.277162335501462742115563742118
17.104591482224549281454528681934	10.500821535412358187500103667844
3.552239789242630507715148269199	7.912054893119983667304495611461
7.273698691811102179372028331272	1.102052502139775347345107547881
12.894581836481998848853436356876	2.128085834542730037100000117789
2.034097991622884293860806792509	8.451737032289766915482687181793
6.411784873670419493407734989887	4.982623436948440343030597432517
11.757642300368786436592927202582	6.612491966130480847141370759346
15.856996620758280869267764501274	18.560745018442805331915224087425
18.874302050904045557899735285901	5.163325538311810625202724622795
3.785285197075756169482474433607	19.725107845853091959043013048358
6.423144904745699435011374589521	8.766940688501444256530703569297
11.233962250222788270548335276544	3.729575569332868045790974065312
10.034730952411582194372385856695	7.202113618814443896098964614794
7.299961633933545357422190136276	12.401792443541365784653862647247
8.738427126881530782043228100520	11.441253830142265712765947682783
14.657593591832576152000910951756	4.888334527656285288799153931905
6.658026009082259832894123974256	2.001056029135114044947840739042
0.449398737360162670029239961877	8.181160304939888661124314239714
7.950314818761410329273076058598	6.744139490621901877887012233259
17.815104534966302196608012309298	8.812617233949490369582235871349
8.382871756228338355754203803372	15.899067281096133541495873942040
4.042353450817529392224969342351	8.414385442900286449230407015420
15.649899902757633540772985725198	14.206883083098727382775905425660
1.986556898734664899919266645156	10.089916425245286646372733230237
7.735698583032440289741771266563	10.516939518591053470686347282026
10.666773285095308310133077611681	8.456626115475366134432988474146
11.746063965006944940228095219936	19.573402481613118908398973871954
10.726887606389531981676555005834	17.874741283398041247210130677558
10.453140437741044621589026064612	13.027937134509251393410522723570
15.604845445408599857728404458612	4.449034412363820578661943727639
9.314673553688907148284670256544	8.696063867842095618243547505699
8.864721006909340061952207179274	14.184872040276083282606123248115
4.690562535236514563052878656890	10.836790026645642726066398608964
0.427218567589114917026904549857	8.031141042176011879405450599734
15.241058744363634502860804786906	4.718596204043606689992884639651
2.519433637965116101753437760635	2.625959452582763198336124332855
6.996434298501987392171486135339	16.010373614289321153592027258128
10.930437174897162933007166429888	16.945172148078263774095830740407
8.311988535761724250505722011440	8.581282432464220732981630135328
14.789608694878888073276357317809	7.210055114600024239734921138734
17.457997041312122377121340832673	11.497135471259745997940626693889
18.334314159755994211309371166863	17.483850522440192776230105664581
2.857506447300316665405262028798	1.192425784974369129542992595816
3.975856590361161124747013673186	13.761777344703743253262473444920
1.873812298445929336310200596927	6.681402476656867150950347422622
17.812273112538697716900060186163	13.607327585330176944466984423343
8.096824871368504261681664502248	6.485863762093492468352451396640
1.539791784177749756068465103453	9.426944577448796991347990115173
10.135269838682990695133412373252	14.446757593872190383876841224264
14.530320131251079018852578883525	6.142185151789393060539623547811
9.377503516240484060517701436765	4.171717665932592744582052546320
12.047228864980008111729148367886	18.257744388978625948993794736452
5.316536814051545434267609380186	16.817170239884923432782670715824
6.263225156176163821442059997935	9.610809955446363517239660723135
14.240794423183103845076402649283	13.337498083686163852235040394589
10.868597691759724455096147721633	6.629995317817255262582420982653
3.811905079195106793576997006312	5.818547591530281337668384367134
5.711585665539602452156486833701	18.859411990407942028014076640829
10.901529705357065225257429119665	12.415094478544302702971435792278
2.218622782042483088105200295104	4.506570129477602826284510229016
10.758287254541286870335170533508	18.321993886331316758742104866542
1.651749585855705193537801278580	16.148153018687732895841691060923
18.227735016309818405488840653561	2.527112625550249624950538418489
12.801708747331128179780534992460	10.697003908646783187919027113821
1.770261779601838281195114177535	15.784476038709177814212125667837
9.595907972856467793576484837104	0.258304399248541205480478311074
6.442567592133435994128376478329	12.343525052809262376740662148222
14.111995942186400299078741227277	13.143320712962397678325032757130
19.599107369751795459933418896981	6.748137679281562384403514442965
11.143811096256021286876602971461	7.377339373133081856792614416918
10.340067447130541822275517915841	18.307724490161561448076099622995
12.246222046058321097916632425040	11.818544734160189690896913816687
18.544929569761123389071144629270	18.028959939158671232917185989209
10.381292480756458829205257643480	14.604488858773896353682175686117
3.170768787343120287403053225717	6.553279265689833543717668362660
10.280527492661999389156335382722	12.278738442303399835964228259400
12.762964413808850494547186826821	2.557441873164068901758128049551
12.440163198629964114161339239217	15.911603997144901256888260832056
0.816381803737307176760396032478	15.799374977519299534378660609946
13.939141697077996440157221513800	2.178106737330984810085965364124
8.534298679894398276246647583321	0.714863959841224305691298468446
5.471175267711952727722746203654	14.155498107456306655649314052425
10.679833643583371838303719414398	7.984088153170235457878334273119
3.756766412882842409715067333309	7.867664284898467030870961025357
6.523401450358983666433232428972	13.286259097532465034419146832079
1.979053899500928803689703272539	12.985916803094218252567770832684
19.296355798752813370811054483056	5.883629451958894307495029352140
1.580759095611895537203395178949	8.592425052141832608754157263320
13.895522980483065111911855638027	0.134790441142864647616761430982
15.337656354147100046247942373157	4.738631893359426250356136733899
10.828543563971432917014681152068	4.409569770410418421136000688421
4.839679391949372799786033283453	2.398566493359042262056846084306
13.731885002238644943872714065947	7.539260072065772533278504852206
11.053399354543264720973638759460	10.680429605229036837954481597990
19.880704381671861824543157126755	19.076542517758461769972200272605
2.442035566717088101995614124462	7.496536243981981151307536492823
6.786825666681645330413630290423	16.406827562643783835483191069216
10.598272853078777089308459835593	10.458521046626499284570854797494
17.743129467093801565624744398519	18.564312410395007901797725935467
9.054021164286211842409102246165	9.462054372197112428466425626539
8.452776505773245574459906492848	8.011189086147766147405491210520
12.840671587600521519334506592713	8.339504885625768082491049426608
16.391944471883221012831199914217	13.679573406763346099523914745077
0.450816547941891299089434141933	15.220716362287941336717267404310
4.152764736018029978481536090840	8.612577775593786455488043429796
15.481973643910659887978908955120	10.709679769130858062453626189381
17.720674109161354436992041883059	14.809266447909594788256981701124
7.435943077005698675918665685458	19.962472712745384484378519118764
2.483880077749654802232726069633	8.164442458038029926115086709615
18.622053839596347302176582161337	2.073299951136178265187481883913
7.619010227399434675987777154660	19.722745183972588023380012600683
12.428275005986101575672364560887	1.190999107368092557734939873626
2.642082912522702997648593736812	12.916549792624229198167995491531
14.868003789487142185521406645421	3.799519056951023987522830793750
9.884681737823672875720149022527	8.492177924402268374137747741770
13.650245448399630276981042698026	13.252873558868799364063306711614
9.302059015854549528512507095002	5.149252364174766505300340213580
17.479040094392210846763191511855	14.077631756516723271488444879651
5.450665842311916087226109084440	12.513607372116052118826701189391
12.480269045772089953061367850751	1.472004708064783562448951670376
12.955065727911726725096741574816	12.819329389960268272830035130028
1.210376817003533389538461051416	6.514957325296744983234020764939
14.155405283990116771519751637243	1.413994960279371104761025890184
9.220905039321834806287370156497	11.388771329362416651065359474160
1.700978187915245243289064092096	1.647017495231867245664147958450
2.747641961926091447310227522394	9.076581666793845926122230594046
14.416561193328492507248483889271	17.837019751723293126133285113610
9.448672363089210435305176360998	1.543624579879002700621981603035
11.447276878792958854091921239160	4.813695439095580397292906127404
19.120078459780401658463233616203	12.028166817436861890655563911423
11.868080220928179713268946215976	8.435330122068048552819163887762
15.978764272330746365469167358242	6.425818995723704851741331367521
8.149965674788948177820202545263	0.521155697786370719626347636222
15.333366433110844795351113134529	14.671432474317322558476917038206
13.781208192217711427929316414520	14.734748643532212142304160806816
1.097989178827434297858189893304	11.571515523984050588524041813798
9.841609768909066247033479157835	2.484894315639187833966161633725
1.164317864906004862390886955836	1.675202998040012936087350681191
5.562186112615970401407139434014	5.483259234875064613845552230487
4.486376063081768172935426264303	13.703445670899718322743865428492
3.964492143131562507107901183190	11.313180716577249995680176652968
13.914342903835727582873005303554	7.427889575277875522374415595550
5.573933945300113101950501004467	15.818512042847640231002515065484
8.678629018022334662418870721012	1.087074702500572254137978234212
15.698279248588512757578428136185	14.136983634750521332534844987094
10.735824957243650601412809919566	8.864942190516867270844159065746
5.850023524736678304236647818470	18.836622420625875662381076836027
19.815439867584775157638432574458	18.361537642008617154942839988507
15.472746587654398808808764442801	14.841638190159475385598852881230
16.997822790808054804756466182880	2.630286310789141879240560228936
9.841628154035008790856409177650	9.150535571774812027001644310076
4.466617504049103182239832676714	11.740581630815338343154508038424
