75
19.911032799931238201907035545446	10.749082843772409745497498079203
15.820079289524640486774842429440	16.805970749151338594629123690538
13.242298123000106002677966898773	6.952505079940063836829722276889
10.110576801748690556337351154070	14.642038607479960887758352328092
5.100819772412143571216347481823	16.638657237046487580300890840590
5.418108119068860695222156209638	14.774894939718640429759943799581
5.881957478558206275920383632183	4.583390216088107038672205817420
5.688941266687371545174300990766	6.184302238088912773150696011726
18.472271689525960880473576253280	11.881667817841234935372085601557
11.164331852483622142813146638218	1.912346699570559582781470453483
6.745693939448107911971419525798	18.231713636794630417625739937648
5.859862794858262446950902813114	4.943136339670529899592565925559
8.007994728512667137465541600250	2.994704758018922330364830486360
12.971626768963698594916422734968	17.268232490217624075512503623031
14.344003353629432240268215537071	16.084842465299828973002149723470
17.588368170973073034701883443631	11.764055150526898430030087183695
8.452274877385603346624520781916	8.667819305824025377660291269422
12.943487730159590753942211449612	7.158032686584436810051101929275
16.451328291081903643089390243404	8.452527775269533805158062023111
8.251114971474862613831646740437	7.183576399965681424930608045543
11.283027042105121751092156046070	14.448847531692649681644979864359
5.349742413037356314475800900254	16.042587306616557185634519555606
10.137773099486906858146539889276	7.430217334603772982859481999185
7.674829910528452536766508274013	10.456825772975017585508794581983
7.830802437858145559346212394303	10.988981425035831307468470185995
6.227777205021990170052959001623	12.731821652853170689922990277410
16.819050663346043705814736313187	19.183947621697107877025700872764
2.877957106140779153236053389264	0.976490181398068646245747004286
13.669542156805976063083107874263	12.043585702460710251671116566285
17.809763167959719254440642544068	0.314619409576830655339563236339
14.581965338790926267620307044126	5.803236044742356547487815987552
4.514686041564970331307904416462	16.904105077490701347642243490554
8.398474669617534971166605828330	5.200420668792665068735914246645
13.030404689499572867816823418252	9.385992663353427190031652571633
6.873694438984300880690625490388	5.939591029917433928630998707376
4.006612201541371653945589059731	4.650035808413405469252666080138
12.808521636260975284926644235384	15.951051025280362338776285469066
7.176282615964964861632324755192	7.245626739849467590204312728019
14.478566772319737765428726561368	6.878136851520451955366297625005
13.306949717154953560793728684075	16.719414278822739561292110010982
0.454243123711872698322622454725	11.107113888944295965188757691067
6.666990884634194536317863821751	19.457219450789541070889754337259
0.514035223024483789444616377295	1.138186979924707964428876039165
8.784713866244425517493255028967	3.572031115661566946783977982705
0.562726886052111741065573369269	15.185787624770002324225970369298
14.052436446734484221110506041441	4.753947623795136578905839996878
7.064675276649719393162740743719	7.119838172700993617070253094425
7.799044494923482950810011971043	6.001233087607892535686460178113
14.358341011611287285631988197565	5.651702330919555095078976592049
16.588728489634515739226117148064	13.785251430901702462961111450568
9.244173030160292015011691546533	13.544674498976053911292183329351
6.440954378633715116109215159668	16.665027936043394163334596669301
0.951756626246513803835114231333	5.004211923879979373452897561947
1.121415821347625518811241818184	8.904177308398175227921456098557
8.983207492960852746932687296066	12.745800242848158490005516796373
16.146392772388203695754782529548	16.092787268239185038964933482930
6.645470417554719233521609567106	2.955730503831085265176170651102
13.982001778159421689906594110653	14.797376883872081165804956981447
5.603747493949839508786681108177	0.695610629718438344681885610044
12.906381004475129259390087099746	4.366098738261275258309979108162
4.219449646779795060069773171563	18.901870404276390758013803861104
6.511556586498665311069089511875	0.525093858644798405777009975282
6.500575405980750787193755968474	11.684079481627422936185212165583
3.768677037595147272242002145504	5.844385849867737015017610247014
4.850688918484369338557371520437	13.015315052591134303838771302253
6.834388134417525684227712190477	7.277689830890198052770756476093
16.882724841111450331254673074000	14.815452379035907171100916457362
10.656908258133803713008092017844	11.440136449708038668404697091319
18.678023171575425465107400668785	15.329892574489628387368611583952
7.957908313025125579542873310857	0.183360579112807897672610124573
2.909981442436810006313407939160	4.642023993238683310380565671949
10.426338596410952064275079465006	11.955432421113334484630286169704
4.431528350397795357196173426928	16.172674869899456240318613708951
1.274940326215977526302935984859	9.324752666462064354391259257682
16.566926098761957319993598503061	5.354854356615094346238947764505
9.838518695781262479727047320921	10.644133586121659718060072918888
14.151550611878027652323908114340	16.620538394017938088609298574738
15.983446336693104328219305898529	3.705086683294951388489835153450
10.809157261876721989324323658366	6.620883933149241507010174245806
13.247443853051555251454374229070	11.365251029373052205073690856807
6.296533624949089080757858027937	8.780601726627924819013060186990
3.095870105063714738946600846248	4.138854218424571129730793472845
16.707561343154168298497097566724	11.253316435963878205939181498252
7.853147945776587590671624639072	8.790564614976410950930585386232
1.451264664133207205054532096256	16.753499656701681175263729528524
0.283556942617055884880983285257	15.050491129162251624507007363718
5.889807969192732528540545899887	13.474030105553856273559176770505
10.345534214105081005641295632813	0.861083722432318676709428473259
6.560940824396392478945472248597	17.283602274507181562057667179033
1.887752368221966570160930132261	10.147941781842730435414523526561
3.362663920153115881817029730882	3.273253664563890996674899724894
13.256227210752701495266592246480	5.597551197269650558041576005053
18.054978587975110571051118313335	17.354353218157896776574489194900
9.316998209238823491773473506328	13.450408995652209043214497796725
6.574405361884473109057580586523	1.847180801897009283507600230223
15.098505506734532843893248355016	10.444722627794588376559659081977
18.587168754796813630036922404543	5.885470253734343515361615573056
12.858199124736174212557671125978	4.497854649919601044416594959330
19.261345227842316063515681889839	14.332136523802478933475867961533
14.804545428123653039165219524875	6.444954340977972151449648663402
18.225374231106162170590323512442	11.715202706422962464216652733739
11.234879011653900349188006657641	8.794529454342177032799554581288
12.896231905176943399737865547650	5.452410501414216348337049566908
6.085521734827954887236955983099	15.123895934570017018927501339931
5.414834323669320603755750198616	4.140153745055537903851927694632
3.395393901575616268928570207208	18.205019959469399992713078972884
10.834046670547474278123445401434	4.598300013067730063198723655660
4.411332095771722805466197314672	3.921680721791556134547818146530
18.278323181427868604487230186351	17.511837197990182346529763890430
9.810744463268800785726853064261	9.740434962341389280027215136215
13.873329828819919384841341525316	16.742800096175315616164880339056
1.284934531241469501949836740096	13.513487437221074927151676092763
4.562122788737341672060665587196	5.357036139696494281281502480851
11.280047635804997696595819434151	16.740760283047659839894549804740
3.629556866089713729195409541717	11.687908728050311779611547535751
18.877352338725181368772609857842	3.906457232884195995836762449471
9.329491195572556350157356064301	10.022326440150123971761786378920
3.011094665381452983865528949536	9.510096853811775829967700701673
18.999651421648401594666211167350	4.538093460410246748892859613989
6.449042731126414906839272589423	7.188443335275167100917315110564
9.139443881218875631589071417693	18.879061448919379984090483048931
3.857453160344529230485477455659	3.781891419088796446601463685511
15.950320513809197464638600649778	6.452701011643132922301901999163
10.961284618476263119646318955347	10.064178293471359282307275861967
9.400721124875110135121758503374	16.028430861755861513984200428240
5.398010250636004592195149598410	6.215125267573721856706470134668
6.398655871580865017733685817802	1.521302764837439980283306795172
9.978998510259826204560340556782	11.295717740840220955078621045686
13.159888824566690956885395280551	10.990671116555795094882341800258
15.505784929782834069555974565446	19.135431531134319271814092644490
7.403370208039660838039708323777	2.689937909276407523861962545197
16.007424687758906145518267294392	11.127290089141830264907184755430
8.248579059539549618307319178712	9.452335811473556503869986045174
16.702596946468752037162630585954	19.734227845203303530752236838453
17.845799806742913773405234678648	5.988863942577754784224453032948
7.722436997612287079562065628124	3.774009335837236189803434172063
2.999380840042817908397410064936	14.838945612154617492706165648997
18.016846280022640769402642035857	9.940507854608396698381511669140
17.340356276507417732091198558919	8.074669181165301523606103728525
15.965431204407829923752615286503	15.047997298627487694488991110120
14.825634630889421572419450967573	1.139904584262586562104502263537
4.737425854124809099232606968144	2.602067157344333026003369013779
4.176516486992375654097031656420	19.442401738039791325718397274613
12.534464076053348335904047416989	15.104793220945760268136837112252
1.350257332526174636200266832020	2.766173946899478153227391885594
15.720472293478422898260760121047	13.098262713371715548760221281555
6.906262318998653171320256660692	6.916768646059974656736812903546
2.629004321836211133245342352893	19.487719010572838840289477957413
19.369620849297529474597467924468	5.053340055949448128558287862688
15.307991376107905168169054377358	19.044302438531303778290748596191
10.270297388080431133516867703293	5.229436812250442656591076229233
0.566351014836071753322244148876	6.768340485575102150050952332094
14.740320988244956623702819342725	16.453969013517134811763753532432
15.183878187204454590641944378149	10.978000003543902707292545528617
9.921701094277448618186099338345	14.405372418266821910037833731622
11.569126530977667854926949075889	13.871567843227609273526468314230
13.486398418415753042154392460361	11.602466095655756816995562985539
10.762670987932640542794615612365	5.722315491027206491025935974903
8.615671113677114689721747708973	8.171307680755521829496501595713
13.209614409908885690470015106257	7.774210059889695045853841293138
13.546767444209923070275181089528	9.497934285445019497728935675696
10.639359881984699285339956986718	12.094674126087401333506932132877
7.951507828440896652466562954942	9.293925150853024064190321951173
7.031041128106185311708031804301	14.018179101560363619682902935892
15.088799691055655216587183531374	12.141575135920824379809346282855
3.913809064146404281814284331631	19.822290021331845366603374714032
2.117079522879338426832873665262	17.905627605998201801185132353567
6.933618932720994720853013859596	9.030657864906871168386714998633
8.971974574993154760704783257097	19.178757427051085215907733072527
12.610292027996065300499139993917	3.528997888884841671597314416431
16.547749910436092335430657840334	3.537946083730105772957585941185
4.043002681785702101535662222886	8.800044909465123410541309567634
1.694983993234869812383180942561	19.874219656318878435286023886874
17.597262035745206532055817660876	8.930319593080524143147158611100
1.937141234605962436532422543678	6.291079579384667219699167617364
11.948757412345942796605413604993	16.602798232379861076424276689067
13.650447304134893045102217001840	14.049663836473252231940023193602
4.300329385259616721270958805690	4.628603216591800517676347226370
15.157575787642347364680972532369	1.167049178127718134234669378202
5.645428757467626290633688768139	12.920128361320713850091124186292
3.381860181120045716340882790973	12.558833073046171691089512023609
0.397148951909352954103837873845	13.908374297086178117410781851504
4.526449393728935177705352543853	18.330022246562950982706752256490
5.821025908167354323552444839152	8.234988724748571797817930928431
1.152248713981761651936608359392	9.252583147974208443997667927761
4.958849817687614347505586920306	14.191549391015843895047510159202
7.859012304911299651166700641625	11.895675353755191139271119027399
12.842427441445423141885839868337	10.505754132859863148041767999530
11.196178216105494129806174896657	6.349598936120398384730378893437
14.618956963394227344110731792171	4.794944546734052792658076214138
3.884355195237071178837595653022	1.470465849297978300214140290336
17.174779865138095402699036640115	11.231149526899564250470575643703
16.221931857510075047912323498167	14.154844105534895248865723260678
12.654288368266334074974110990297	11.008282376946157299357764713932
17.142193986684830520061950664967	7.947252758967176866633508325322
5.715890096962731981022898253286	17.991696812027264229527645511553
1.810077556309676038992506619252	18.170744958488345588420997955836
9.205948159630400695618845929857	9.587861960069108846482777153142
4.495710692978983402667836344335	14.072160917140498881394705676939
7.123905683346972494973670109175	4.887091073341745861569052067352
