75
7.221236043256444858684517384972	0.436767334411001240113137100707
13.857583041158408221349418454338	5.067748146834658129478157206904
11.343202692744773329991403443273	5.314471813123518018073809798807
3.526308108804185881268722368986	10.646299272222250920094666071236
19.165538602569334614145191153511	14.332804256713711055226667667739
19.690403567678089302717125974596	14.090242421703658592946339922491
5.612045697777037212006234767614	17.137723968162546839266724418849
15.383723380393865554083276947495	0.325888174214492565283762814943
8.188206952321017695339833153412	6.021077122152346916550413880032
13.620439138131427370126402820460	8.324019768830652310498408041894
5.049803005351554574531292018946	14.062839872268540375443990342319
15.620156437841639984753783210181	15.959546594712055167519793030806
4.774335822495681114219223672990	0.520034310591881432372929339181
14.658849831728177903755749866832	9.434090670417074164788573398255
3.131193400262155535074271028861	6.954201292646724041901507007424
1.661951145549871444728751157527	10.169644030221498098853771807626
16.741724553060805646964581683278	8.439402883921838238734380865935
14.936021660569254621009349648375	7.127502246845971001221187179908
18.609956731207674351935565937310	2.762136244035831023069249567925
19.697976305979445044158637756482	6.505163585449116325776230951305
19.117654645642470967459303210489	4.733825768449029247619819216197
3.329242228499471600855486030923	3.944691727950886406262043237803
17.041541111239840944335810490884	9.173408474492532604926964268088
7.105833534598855472097511665197	6.784630452018289403781636792701
4.825370426038990245842796866782	17.480900501054478013429616112262
9.657945460470124032781313871965	7.699874328903007381086354143918
2.750541983797250011889445886482	1.728274625492263183446084440220
0.678669882683129443989855644759	11.563582545029227333088783780113
5.523767581641660484592648572288	4.557420014274383035512983042281
18.598098044011425855615016189404	18.280153861455360697618743870407
13.954329848036877592676319181919	10.829875837836011598369623243343
0.901195480240604140931282017846	11.618796773190089410832115390804
10.127218970611369996959183481522	1.546020121063276242523443215759
6.163698305900129348344762547640	16.556113660960335209892946295440
3.906333081151853736656676119310	14.982304939870140003677079221234
17.144670135635156071884921402670	19.946855983459141015146087738685
14.833733593132432559968947316520	7.801025479510538929162066779099
0.488059971611995990770083153620	6.693877684359151203352666925639
5.316408393178257973943345859880	18.717091000583263138423717464320
8.447388868260038208291007322259	1.877015957323675543477747851284
14.013344274500557418150492594577	17.021997964823217586172177107073
4.063058530593099959560277056880	9.803945811112841468570877623279
5.139681474111304382290654757526	19.111854604078690300639209453948
15.912252079468078846957723726518	19.071419672558750590951603953727
2.577687918373841036157045891741	2.288347931898975229358939031954
16.787595668149940308921941323206	18.700689522362065275729037239216
1.206906473188145145769567534444	7.072864695182650152105452434625
17.530026534397254778241403982975	1.471341976938427276166976298555
13.621494769197003193994532921351	17.411627123141720119292585877702
18.839447277578365458339249016717	16.502327992796939071240558405407
17.882481888239730949408112792298	14.486721809680682682142105477396
3.561781242955577297948366322089	12.793739964821270405082032084465
17.142646246965881573487422429025	19.139804753647386093007298768498
19.022837311233018908751546405256	0.094023153520954583228785850224
12.493308945379720142909718560986	3.321963970462800119776147766970
5.461291337217472730003464675974	4.657642669451060868368585943244
18.141592442758081915599177591503	10.172829151584348750247954740189
4.602409430385243638284009648487	11.980977957023384306012303568423
14.549448202755772996397354290821	16.578133093813079312894842587411
19.836105519994852386389538878575	3.076525064780752938276009444962
1.811714592914135391055197032983	11.047917979518286912821167788934
8.947415433548741248159785754979	1.122082433278279722799197770655
6.346672729301392479328569606878	9.456416487487686595159175340086
5.991788305171363404610929137561	15.976096320963048214025548077188
7.219915431185355281229476531735	15.286684065216649131002668582369
6.917355448576474330479868513066	10.694069471531902237870781391393
10.510504636198705341598724771757	14.407790279387933551902278850321
16.654994997707980530776694649830	3.890958632702299357930542100803
15.046381872867717888198058062699	3.199072174535593227062690857565
12.898536523597243785843602381647	4.031778423874692762751692498568
15.811656755919115013853115669917	19.518061603238901824397544260137
8.032707343276639377904757566284	8.370914222522532810444317874499
9.337620821338276755341212265193	14.904446917364008839967937092297
0.492471791438484629566119110677	13.523792292110128343551878060680
9.244244009743001200263279315550	0.705491450371154016352193139028
7.085557210487680279697997320909	5.013250726297049375546066585230
18.335795583959377808014323818497	10.939038521382824953320778149646
11.813301935992473801206870120950	16.012569250687963773316369042732
6.678659727603744045154599007219	11.960627324126269499515728966799
18.730011484950598088516926509328	3.502922048239081043163878348423
11.678716999732392523014823382255	3.065832664518046701829234734760
8.393490664159772407515447412152	5.798516882267293226504989434034
17.732260170198774318350842804648	18.032652133519913917325538932346
6.679078562714206412920248112641	16.526821864151564511757896980271
10.764531203680354209950564836618	17.717690630477587632185532129370
7.010745109628022220249476958998	0.472301579699745399665289369295
10.144927504599330347900831839070	13.050532808424847530659462790936
1.170234916664589785995076454128	16.347817646641086497538708499633
12.646957378797869964159872324672	7.894868579276954179135827871505
11.382736746079357814664945180994	19.901454452956745200253863004036
4.811797950357905584439777157968	4.776036173036906085087593965000
1.577335374533512801775714251562	3.722874339601660587106835009763
17.946652397151211744130705483258	16.272226386332484082686278270558
4.837998695085438782825804082677	6.244530168452611107454686134588
7.170705910361858670398760295939	19.331720011296059880123721086420
7.704355327451832380347696016543	7.883600667521147187244423548691
12.403777516210228171189555723686	3.012069124111820261902039419510
15.656205124047556154209814849310	4.051194683030443499660577799659
9.346013366398253197075973730534	1.724476092975490981729080885998
11.345182579114696963529240747448	7.488876663775084097096623736434
18.842986307035971549339592456818	16.432995200611472341734042856842
2.221288666877232476082326684264	2.473182063119339080259351248969
19.310142010505103371542645618320	18.700777696935855232140966109000
2.891514644973574021946660650428	10.612631080012498330233938759193
8.714061643218343533590086735785	4.835801397214507524324744736077
5.310559630545945708490762626752	1.151919580627556172203185269609
16.715019328537376708254669210874	16.089098480559790971256006741896
19.630812924501313432301685679704	7.480035443932983696413430152461
2.753351443919753727129773324123	6.824846873671337021960425772704
10.184433128927750544789887499064	9.917425687354876728818453557324
15.551262469270714206004413426854	10.533645329216753339096612762660
6.728953266658656673371297074482	3.859719768721268096101084665861
3.594483245740454080419112870004	9.040796965158611087076678813901
0.620512289165653374567455102806	9.162065994060004214816217427142
13.241349061850788970673420408275	7.909108526958775087223330046982
17.919101310463712906084765563719	4.794589883516651163120059209177
16.745049401105394082378552411683	11.588939728406641549440792005043
7.502132717189380350930605345638	9.682245206851938235104171326384
12.757598767330083688875674852170	3.185393078173843761646821803879
13.915786538770033686773786030244	11.596906580400501596272988535929
14.077618949551313320966983155813	14.938983553614658461583530879579
7.095144412108513876091819838621	0.366144738145119941208349700901
6.682064920339644942259837989695	9.688872393293998186436510877684
4.521880967683406638002452382352	19.195988884972816634899572818540
12.600464207856889586878423870075	2.804365472031535855279571478604
16.062154734725591964661361998878	14.870267995021196227867221750785
4.307924918069789832486549130408	6.212182327478865673242580669466
7.596029917061956737711625464726	13.878951167561675461570303014014
8.903067914886513278815982630476	7.116071900166833330558802117594
7.134134491571750835703369375551	1.556211388160324560203662258573
10.241218539509267415610338503029	13.669480089188333238325867569074
14.774978149174899044737685471773	12.557761464426844710828845563810
18.306103365992449027999100508168	3.398897824983224680295279540587
0.554736625191885046604056697106	3.005407910578723473804529930931
17.527375552388313906249095452949	18.597446055184061464160549803637
10.191013116512433356319888844155	9.297095294491670713910025369842
5.165957562293366223116208857391	12.930274188875667817910652956925
17.561479625051028108373429859057	18.580542304165149403161194641143
12.868797171056867156835323839914	18.901558946340593081458791857585
13.231160248438131432635600504000	7.695152448917619736334927438293
6.577876807880436160758108599111	4.318361752113841767197754961671
8.681485147988004413832641148474	13.264241782896885268883124808781
17.793612534913233247380048851483	5.024863058485422584453772287816
11.045091113249640102367266081274	1.897859745632100025858335357043
1.963636970098086020897198977764	14.585566877064078283865455887280
19.185536951238844949330086819828	2.677483004503102836935113373329
11.281547072003830223252407449763	16.245642049913804783045634394512
1.559818797846708182675001808093	7.266766677684408648474345682189
11.260380953416209592887753387913	3.876325465285264115777863480616
6.582137076979275747135034180246	14.944527761404275523204887576867
4.868762090801503461534593952820	0.819237909465269087405658865464
2.593544692630866954630164400442	18.636839926808910661293339217082
3.174282932420791070171617320739	13.733112267486710322828002972528
1.797543970731527718243114577490	13.371358872314367260969447670504
17.063552376804157262313310639001	19.848528780062814291795803001150
1.173157786159306770201737890602	8.947617826643970317945786518976
11.714428497908739856825377501082	15.001088771192925719333288725466
8.382662846132095779694282100536	1.270365412044462960494684011792
2.102554963490330663944405387156	6.930056768482750761961597163463
13.255116717787364777336733823176	2.703932301674503158039897243725
13.335247825781930686162013444118	13.202193275541908690229320200160
1.961759887433662807865175636834	14.357281412155160182919644284993
8.397267706734508507793179887813	16.566156822771237244751318939961
3.998955622317543756594204751309	15.462108830159246863900079915766
17.544532188033560515805220347829	9.429260524557690814617672003806
12.648281937438605737611396762077	12.358617720248235016811122477520
15.074087169755863158115971600637	9.136538814596500301945525279734
12.146395098800716993991954950616	3.741761785081969549082714365795
14.901245839005198945415031630546	19.226782035378889190724294167012
4.602116338849007171063476562267	1.085440167594469151879366108915
16.914041854207606974114241893403	4.664298848271184461111715791048
1.549429694621256015096832925337	16.462229599000540503084266674705
2.347347038074236724725096792099	3.958015971256971798908352866420
8.951997979425458495938983105589	3.360037251371561506374519012752
3.284447679745803316819774408941	1.579836066279189932259896522737
15.677146442716932028815790545195	3.154254299682424100836897196132
9.606712176705125116882300062571	6.811313848714108942772327282000
19.898886333611102372742607258260	7.870722856456535687641462573083
19.209800880321331817413010867313	10.245705430494291832133058051113
16.679207496365989982223254628479	17.414063321457781796652852790430
3.757099377481547541890449792845	11.667877019540139116315913270228
17.700424375686871769630670314655	14.725764229368117241847357945517
14.940099373119252845754090230912	9.872833913369866820630704751238
8.144210753077318898363046173472	1.649742367181132873810156524996
17.555566036293654974542732816190	5.526490637027188235208541300381
11.997116197987518049217214866076	7.102577884840989952408563112840
16.892222475775668044661870226264	13.847127305521825135770086490083
13.937199642181933967322038370185	14.841819435338168275961834297050
12.329242444196035322079296747688	17.862334285433998815051381825469
7.570330555711612952052291802829	12.424186118941287659822592104319
13.284670126279925383983027131762	11.902749344635779493728477973491
14.522196661878050250038540980313	15.196765984247825542752252658829
4.597636326422156471949165279511	11.194707850209070443270320538431
19.517850348779909097629570169374	16.278879810436844621790442033671
2.994007938306060268018882197794	0.703516635923449040745936144958
11.071477696552182834466293570586	0.365618475593487701758022012655
0.597470096705379205559438560158	12.025700533106233436342336062808
12.363822020687717184728171559982	7.121988653255170831357645511162
10.763048712011229923746213898994	16.576239478466760601804708130658
7.078128021300312155972278560512	14.815556912066394801286151050590
