75
9.781047514771010753520386060700	11.636421385932692373899044468999
14.783645260949372257641698524822	6.911820866015261799475410953164
14.264484200821529569225276645739	11.865516759983103511899571458343
9.022509726195268697779283684213	5.342205965590913763207936426625
5.107552613782275763298912352184	18.561898016026471935902009136043
9.524686166140366339050160604529	10.011731536297535427593174972571
9.725233269421746484795221476816	0.602734075999185048289064070559
2.756921045971136852159588670474	12.955820399565867617752701335121
17.004419928254804972311831079423	18.564036159789694124810921493918
12.395944969528756018917192704976	5.568934590084177571611689927522
19.732977364179212997896684100851	19.475905854660926053156799753197
4.588354892650094996042753336951	13.234175985583432222369992814492
9.250956088247841435645568708424	15.700655571688606926272768760100
3.560548948002375535537566975108	9.871461729486165737057490332518
7.660717185783338933902086864691	10.023068586600484053406034945510
15.199504593344215663819340988994	3.344172454332285937539381848183
16.921189492900985840151406591758	16.270507752535774415036939899437
8.682060546766258823936368571594	16.669995320761103130280389450490
5.765004583116306591250577184837	17.792104392373783383618501829915
10.546117609161244743631868914235	14.223086632206571877645728818607
4.526368646554191244035791896749	2.102185360141775039011236003716
2.756048775202462053357521654107	8.614335730140581404157273937017
9.399893299597399831668553815689	7.189496074028451921833493543090
0.341428280563467190233950532274	12.716463600301272762749249523040
11.218950102052181350131832004990	12.608010763826072775373177137226
14.737802620871240932842738402542	19.357614380775324036676465766504
13.947997174932710962025339540560	7.116414206745749204685580480145
16.238679150351291724518887349404	1.308875109151064197732239335892
3.328732598839252432298962958157	1.124521512207492524026974933804
9.267502551519852360684126324486	14.649903767530858544887450989336
6.179384713483280222590110497549	8.019608772292059484243509359658
14.912835497641088622344796021935	6.814408376671734046681194740813
11.749669631180346129895042395219	7.497257731532949165398349578027
1.088561830376642003415099679842	16.624139852992062316161536728032
2.617491926263280088704732406768	6.009761485219168974936110316776
3.973847467334437055797025095671	18.332310017198555129880332970060
16.966190743720105160718958359212	4.328337391152253132986515993252
3.471039958691635174403700148105	10.452638264501761256042300374247
14.079445229919617332825509947725	2.488099226665911878342285490362
12.208573218418742101221141638234	10.973767921417463711009077087510
17.230824249392313163298240397125	14.479036886982381560073918080889
17.517047291157258115390504826792	17.932288447544934228972124401480
7.049110744128719296952567674452	18.198005364567226394001409062184
10.949800785510783285303659795318	5.521590950690098864583887916524
14.959603452211503338276088470593	19.258791280360160413920311839320
13.515139965724252135714777978137	15.181039084524304172418851521797
12.403484448294829434189523453824	3.590928933075057116752759611700
10.337312869533938908261916367337	12.534652208422388142139425326604
15.347605678290443975697598943952	3.379910387611806399377201159950
13.771777913933965109549717453774	11.363224184480786860262924164999
2.869714594533059326408874767367	15.563831844157704153985832817852
6.235416781957583864937078033108	9.698016989107854257667895581108
1.199626611781725582517310613184	16.805606012171136143251715111546
3.326082654183799558467171664233	18.298077275261597662847634637728
7.466164295115307325545472849626	0.602483753035838454081840609433
14.644354072923547960272117052227	5.490746851946299855740107886959
12.655335655723956023166465456598	0.458373296066203472776123817312
15.526846254468306796070464770310	19.496304342874601900348352501169
10.058648485148859563764744962100	18.631427141737969321866330574267
15.660529396797063128587979008444	16.268765598163721364244338474236
13.006250190967341140435564739164	6.410090763917873246668932551984
13.824297281822383709481982805301	6.548294075470040276343297591666
16.169891844186892626566987019032	18.894974467244537663646042346954
11.306764624009646880153923120815	18.594299743919453504759076167829
9.606082847305199123866259469651	6.743832876957571720311079843668
12.152906254716796752290974836797	5.404683848063076112566704978235
2.912225276262738749011305117165	1.744773857852435217097308850498
6.267652314284235970376357727218	15.571636612944857347429206129164
15.778007369233982615241984603927	2.919438123995443667979543533875
5.144155123100045301498539629392	16.229431520045853432065996457823
2.310741600923622574015325881192	16.886283582042864281902438960969
13.918739050444353111402051581535	0.299692836937963669186046899995
9.798278191276370563400632818229	2.462552870691907536127018829575
6.925546482614544530065359140281	14.245314878634872002294287085533
1.801647947485858214378140473855	5.157935317680744091717315313872
10.641517476061794766906132281292	2.058442991352886775047181799891
9.115172593914211418564264022280	18.566657144286043745751157985069
15.812721719408802556472437572666	10.981324218113785562422890507150
7.653577416334105265605103340931	12.640859929921459681168016686570
2.594029310563337187289789653732	0.533429309914139615500516811153
16.547629874015697737377195153385	14.672712608879180606891168281436
17.847309831546954939085480873473	11.568596068950736110991783789359
16.795766932723921627257368527353	11.569850506489041563895625586156
4.934378494999876352267165202647	13.788663090798236154910227924120
18.417220578740451486510210088454	18.839884780064590330539431306534
3.769899686950566319865174591541	16.460277861154459344561473699287
12.870755357777582617018197197467	12.588638887201806682014648686163
16.507762977380885160982870729640	4.687455575235269122913450701162
9.820971128388711335333027818706	15.035375831760781295542983571067
7.521540038439851194596030836692	5.948015821677532954936395981349
1.119118200645863314690586776123	11.318565372702046545327903004363
7.105331948447757284270664968062	7.651904787678526886907093285117
9.380085969743042539903399301693	14.885116078123875382743790396489
16.660042269836175421460211509839	3.544141553107160724778168514604
9.264360348122027133399569720495	11.631223748749627944221174402628
7.819681341832984244888393732253	15.279859654164901883177662966773
17.732214650177141379572276491672	10.703791864844223624686492257752
16.406559682253522680639434838668	12.447183874975229045389824023005
10.622808781734631722315498336684	17.058083764594172748729761224240
14.684591089289893872660286433529	12.779948314883482041182105604094
15.162508320658886873388837557286	10.066370227274690662966349918861
3.540333262620136700604689394822	16.650730107180162775648568640463
10.336495612007364996998148853891	18.538390882890169564234383869916
19.436131000922664213703683344647	13.502596979101271656986682501156
6.242002159746724565536624140805	11.513675417813564294533534848597
7.425729380653292466263337701093	5.380080621882019187296464224346
9.083595507146387859620517701842	8.275542495471574611087817174848
12.211785428536469311211476451717	17.072353040742939356277929618955
6.992674362875154869811922253575	8.978239870283445611676143016666
16.662661602080053313557073124684	3.817943464089292859853230766021
2.509412565482114221282472499297	10.880095235554259502919194346759
16.622284489978333965609635924920	7.466669331247153706954122753814
12.638223142043480962115609145258	0.196472789202271069797234304133
18.181900340319671727229433599859	12.067738376121150523090364004020
5.172305365865512705170203844318	1.564574794284327996507499847212
4.488910479027965472198502538959	12.575849978286026242813022690825
13.383375437903623605961911380291	14.207140841003852216317682177760
16.927595154206606764546449994668	10.709495187939314320146877435036
4.994535646119895311301206675125	19.407349747477930179684335598722
2.265436229130619594229756330606	5.875174547053534368501459539402
14.269460459202106150655708916020	12.112710168728309412244925624691
10.877293007367805799390225729439	2.289404200873008665695351737668
19.587543735366320873936274438165	2.956798989333868643569758205558
6.604894300119806160864754929207	7.633711729923380318041381542571
4.692145369613685446097406384069	5.812577579346395850734552368522
13.974700388779410786810331046581	15.369666289205213161039864644408
11.747475012770497215797149692662	17.252937167293435294368464383297
14.303952007770883270154627098236	9.252880959690735096501157386228
11.998637418084792116701464692596	8.841738565109096725791459903121
19.011833193837510691537318052724	9.873548668358155921964680601377
1.162724063125755158409901923733	0.686269180429084357797364646103
8.486402423029693053990740736481	1.516367372931153312265450949781
17.634352246243302886341552948579	18.758746282842270858282063272782
2.495734012418233671581901944592	10.465090249363285579420335125178
6.713155605136216230732770782197	17.500646852610664438998355763033
0.785850688093310267845481575932	19.305989371354034034311553114094
17.165494350716162585968049825169	1.761607532311264545654694302357
17.037492357743602156006090808660	13.741550056531998791342630283907
5.027797442205466538212021987420	11.910548703414962190549886145163
4.725284720367808333207904070150	4.792492570322551159733848180622
14.450769702912459990784554975107	4.587968324633447281257758731954
8.457875681057004157992196269333	19.914475218375780940505137550645
19.479765729397062301586629473604	13.211212323463151108171587111428
12.728587962374959374756144825369	4.413712502379414814868141547777
2.650382377917213094775661375024	1.289026680290596971190097974613
6.538795165818762633591632038588	6.820835151229472259615249640774
9.868030227139092502852690813597	5.609279034643749994870631780941
10.631891811706244865831649804022	4.792493315250061058918618073221
3.529910456593889911403039150173	7.963645350992951676971642882563
19.248312278572324629521972383372	4.577794214354264923372284101788
17.308479420737491238924121716991	9.479478468500788679307333950419
17.428538667742291323747849673964	14.824760812192501191475457744673
0.958821083013847719200839492260	19.437145037886111254010756965727
1.102267990434526723220187705010	14.474813741834397617935792368371
16.419973193144514311825332697481	5.335169885943691348018091957783
3.388625012875798869771415411378	12.643471513615784473927305953111
19.418860952002141573302651522681	16.949636631926132679382135393098
1.289699973386628784055574215017	17.379641427213119442285460536368
6.897138877482317909084486018401	16.544890718948103369712043786421
0.348853202287564556627330603078	12.007609964516799294642623863183
11.076680436995394174459761416074	0.198447697453703053582785287290
10.968735164302499285327030520421	4.712682030771981445127494225744
0.102530378105962771684289691621	10.996288111264513887022076232824
6.882416043830660967728363175411	15.721819086077520211119917803444
16.512006219846700361131297540851	1.593627049955037566775217783288
8.382447817026372760551566898357	8.376663535204091459718256373890
4.287480065098669967937894398347	11.795869647998847185021986661013
14.207850332774548007819248596206	1.736520232303497834891459206119
10.077880887888326810752914752811	9.386794596468376994380378164351
6.098203022077177237747491744813	5.637669030362513211684927227907
7.036141093341907293279291479848	9.806340954965937939391551481094
5.489013296795661744909011758864	10.777153577860755007122861570679
15.180357914797111718030464544427	7.938409551856007162484729633434
2.490737465268952899322130178916	13.058340478128158679282933007926
14.212925506177338519364639068954	5.079547393064567373244244663510
16.796471711399675541542819701135	5.507681328611225168856435630005
14.684337340158915452548171742819	4.530286679327709009612590307370
8.544028512112388895616277295630	15.388582590375145642269671952818
5.297121347816686309784017794300	14.847678395620889091333083342761
7.362694859160850313628543517552	19.996031800235346764793575857766
5.052464863275472062298376840772	2.137465922034960108533141465159
8.448722521865974499633011873811	14.403081930197927817971503827721
19.111327258690124608619953505695	13.340968882817801244300426333211
10.812808926869347914134777965955	15.249904372916709860419359756634
12.061071151309539217777455633041	13.650270562767470750031861825846
11.118932355949420198726329545025	5.553787887726198135851518600248
15.119216124678334978170823887922	9.111887739366149929765015258454
7.673034627166477328330529417144	0.043019088185816123370841523865
7.033644411580304733888624468818	18.161783252618263873046089429408
0.954634746473159712110145846964	2.818597262680155868252995787770
13.829802027029721500639425357804	12.747267470792095878096006345004
12.301055695858460481417750997934	10.960574675067835670461136032827
12.140768346555157464194962813053	13.574000067587451923145636101253
10.464002997463502708797022933140	12.568222541951431736606537015177
0.247140352341173041850197478198	9.514385073965481609548078267835
8.449285362323660564243255066685	15.516627352653504345880719483830
4.522383645422602960195490595652	15.383850127317677092264602833893
10.062614392624380954543994448613	13.336245792285676969868291052990
0.943541182962652769106171035673	16.321084884912263390788211836480
10.973004803764403902732738060877	11.727719672044880638850372633897
