75
6.360627472518323166639220289653	10.395292814101470213472566683777
0.150317038646026190917837084271	10.214861676416449043358625203837
10.683541535781566622631544305477	14.551737292276884616626375645865
3.967264767239280232047349272761	15.403906175532416256146461819299
19.892834560290161505236028460786	2.264684466973070353645880459226
17.093852362387707444213447161019	4.383026042440906877573070232756
5.856241528081209679612584295683	9.043989275660859306071870378219
4.327252443707843454490102885757	16.803490499379215350472804857418
13.406825276122075862872407014947	7.867132776093690438301564427093
11.476628433035479304180626058951	11.944089949372017400719414581545
14.798531992202770268818312615622	17.840175935809995166891894768924
16.011846037736813030960547621362	15.606153300885022616739661316387
18.600313034567385273021500324830	6.339213698261742635509108367842
13.718337261304107244086480932310	11.872715911046643810777823091485
6.059972887511236194768571294844	3.244346881625572720508898783009
11.796173188920143104496673913673	9.945946180279438664229019195773
18.508492128060378689724529976957	10.183053598613803103489772183821
11.088746737681624665583512978628	13.461120301402228705001107300632
8.030541140841068070699293457437	7.924176014983208560238381323870
9.721144255947177015286797541194	16.900260841858315785657396190800
19.871421869554907857491343747824	0.907899136983396637390342220897
7.111573099916497220362998632481	10.931250251620927116391612798907
4.418505936373666287408923381008	18.042400380322458630644177901559
14.527540431278323396213636442553	11.326447643129020192986899928655
7.995850523169885093466291436926	9.398723818499703952511481475085
8.703482598779586965065391268581	14.199372847214142723260010825470
0.513606361260796617784762929659	7.654731653193909579613318783231
11.699753462925823299656258313917	4.805495448476864162046240380732
17.111673428285648412838781950995	12.665100215360297397637623362243
9.176237293990256560505258676130	19.192661410670627475383298587985
17.353514903231083366108578047715	12.287364286908896815475600305945
12.789902871524375882472668308765	0.515656109653830352357317678980
19.480219774883881456162271206267	9.526624296235016942091533564962
14.192076776162227957911454723217	2.852066790253733330473551177420
0.028547511446561646408781598439	16.053830163441279665903493878432
12.253664255216548895077721681446	12.814259800290541235767705074977
14.831616565789964568011782830581	11.787722090794066076568924472667
18.429234258637951171522217919119	2.207099309010163157296346980729
1.585833855546365800393004974467	10.147997754076683918356138747185
0.511428412476770954953053660574	8.900097899867272843721366371028
10.480812746833317206096580775920	16.794314487222365528396039735526
11.612161611761118606978016032372	19.413687797437276572054543066770
0.880934516321660865401099727023	8.471305533869218251652455364820
4.005788571218038995880306174513	3.658050079449908231765675736824
2.790444828038471936082487445674	10.715942340797187881662466679700
18.908846116087385524906494538300	3.233414101997529321863567020046
15.515426879404294879805092932656	5.448430577000968888512488774722
14.813762456039212267455695837270	2.989944317464376943860315805068
2.099525366339727305842188798124	0.704599183913543480883845404605
6.210482874640184114412022609031	2.034563411438137237041701155249
7.449022330560275406696746358648	3.968761397433897553099768629181
16.226121118483071370519610354677	13.729815828359431151284297811799
13.577217078693948337786423508078	0.400792820925055526259939142619
10.223667949695805390319947036915	0.857821005604180175652118123253
14.691875171251913556602630706038	0.521830781769776486100909096422
9.544860821049148569272801978514	9.458507400959826227904159168247
7.832215896590149384337564697489	11.371732436275156175042866379954
10.803172473588197988192405318841	3.879626615211890783285753059317
2.270345013088594932071373477811	1.869309994889694070963059857604
7.283482440168733695884384360397	15.342882831528207532301166793332
9.412595659145793547395442146808	11.115325089398794489170541055501
14.631177327802358689723405404948	10.523148388923189600063778925687
1.713489013382751835479211877100	15.299761833178536107880063354969
7.314574013392791229648537409957	13.298499238236690445091880974360
10.725297801162184896384133026004	12.274581227532729954532442206983
8.280938546164094304913305677474	8.398825218341483989092921547126
17.808050043540632145777635741979	2.662807876455195454923341458198
7.052994675518551304094216902740	15.203896791318404879689296649303
16.702463092370539499142978456803	13.025671683073552387099880434107
6.656499333829644093896149570355	18.262065174280785129212745232508
15.150942399683755112960170663428	14.187538802155279071826043946203
11.823626654841028482678666478023	9.478427576168444446125249669421
15.826192335915227005216365796514	9.578376564850577423726463166531
11.743658698268941265041576116346	9.120336978893844204208107839804
6.514897023722550528646024758928	10.338548400361382562095968751237
3.698489625168763783591430183151	16.434118089954282027065346483141
17.972946033713842695078710676171	6.130517476806729426641595637193
11.411902499169519487054458295461	2.393012405900496464283833120135
15.066709783696012436848832294345	19.443744513194019418733660131693
19.583628012600346579574761562981	18.752320310075134557337150909007
16.017655160384592250011337455362	10.858200160460709682297419931274
9.885259597743960569005139404908	9.928798174527276643175355275162
0.275345730859728465844682432362	13.835095706850511376728718460072
14.022921449125000492585968459025	1.244082536017987461463008003193
17.332704476654548386704846052453	2.165431467330687365091534957173
16.190925022531992283347790362313	15.243211812433594687377080845181
4.200030283593814139919686567737	0.122372384108924148193864311907
12.402746853711503760564482945483	0.744209198493528401030516761239
7.625179106228603842509983223863	12.993660056909723365947684214916
1.009405027228047480036821070826	6.602419695590262094242461898830
17.862640142039587942690559430048	16.387764571824533277322188951075
9.229527155180424102809411124326	2.438503199572712443199407061911
11.373355952366917875906437984668	6.384735829339575730045908130705
13.586140986778858064099040348083	10.082579559344713615587352251168
8.891210381758432035326222830918	13.838456083689770537148433504626
8.331033105626948653821273182984	13.043524462885560666336459689774
4.740057155054449467002086748835	5.687632471847536841380588157335
1.439894428249099966876656253589	16.472389269921748677916184533387
9.981903363101569226500942022540	15.454048708982631055164347344544
17.991821020100225325677456567064	19.555029871128020602100150426850
9.522492128574580050326403579675	15.217922989863687632805522298440
12.225150110770160338802270416636	16.201033277800839016435929806903
18.744943351971205203199133393355	10.385413152722055230015030247159
7.185006389493038270188662863802	1.302440795434649523087955458323
19.302685577433106089983994024806	8.162206352592967562031844863668
9.026152753481500923271596548147	15.663972363436338142150816565845
18.513216434905167773194989422336	15.465387348128237121613892668393
2.455946523603496078891339493566	18.464040448870704835826472844929
15.354264001118396620881867420394	11.729115624801536910126742441207
10.204854035203496209760487545282	8.546866995331097172083900659345
19.716578919286497750817943597212	15.095976146269345363748470845167
19.636949981753183180899213766679	16.349737837534277673512406181544
11.144840659261085136222391156480	8.633464559749143063527299091220
15.395654493017953967637367895804	13.981937729568711503702616028022
18.102510543512913443464640295133	7.342638836781953948218415462179
15.697635832724497362278270884417	12.654954080404596794551252969541
0.353735663795997634650802865508	5.604477164164531899359644739889
14.414504332192009883328864816576	13.056635590211891795320298115257
14.782836007054100946334074251354	7.857665831142879753201668791007
13.570350671961739053017481637653	17.464089263077170244287117384374
14.131916001946683181245134619530	17.820747879094188448334534768946
2.199839712771751720765678328462	18.149614153496500534856750164181
9.298079688602236103633913444355	0.359488858481873396755190697149
19.449402640737577740992492181249	6.391665906789983253588616207708
1.840706094863184816290413436946	7.368536849733069438173060916597
12.643771922682301322993225767277	10.754973151130954533982730936259
12.342864154758032668723899405450	11.313607494568156397463098983280
9.937081400592596480692009208724	4.614968905745016058972396422178
15.160092176766092109119199449196	5.606288121952054837038303958252
13.974113712792938457596392254345	5.688843909274476473569848167244
2.855731493357958061807266858523	18.764672503906936640305502805859
10.444009150075109104705006757285	15.774592302788265740787210233975
2.719512300317472597299683911842	15.407668782262378570635519281495
13.679772335947902206498838495463	17.853875611424381730785171384923
1.974095295290698715007238206454	12.424907929976212628275789029431
17.590173584253040672820134204812	19.570820248866002799559282721020
1.630484783740895338155496574473	12.905953071039263591046619694680
8.690396613548617921196637325920	13.379785336077656410225245053880
15.224724681593666986145763075911	17.352355449433783718404811224900
15.201484331148096273977898817975	15.479809423767648013381403870881
1.413718404832935426895801356295	18.716311478454230154966353438795
7.957359256028102123536882572807	7.521336332426143300722287676763
14.237194069691188502702061668970	4.442327760735294006622098095249
2.327092933273258168469510565046	4.273684569543776845534921449143
4.586017538414949967773281969130	9.640598973222470391419847146608
16.853578886242942758144636172801	9.701998249267507645754449185915
8.644188932991553997453593183309	7.910553760040728299429702019552
9.456515219955221596137562301010	17.366789749758993366413051262498
0.035442851742359948730154428631	4.900616609583055449661515012849
16.813245716947008645547612104565	9.301737221519266185509877686854
14.926410592686254474870111152995	13.428532697487192137941747205332
13.159381195219621574210577819031	9.256962607842396550950070377439
19.774729785991425501379126217216	6.466233203333368706466899311636
13.013241568235091705219019786455	3.584288949953802205783404133399
3.595400074943162493923409783747	17.481999031321237225711229257286
15.872547903876469632677981280722	19.437508239658907172042745514773
5.420814011555796341212953848299	10.790093954109327256674077943899
6.145159700409572600676710862899	19.678842538616475366097802179866
7.590666274333157659270909789484	4.336645572271522475205074442783
14.946705903332485831924714148045	3.185953807056691733379238939960
9.711169315648152888797994819470	16.536988572705162425791058922186
11.439914249205864749114880396519	17.220646805911602683636374422349
10.028039044531958268180460436270	1.701868150186622852260143190506
17.224251066873300430870585842058	6.683829762093975723757921514334
13.975616495799034311176001210697	13.441939584807016672129975631833
10.610941279860380603849989711307	17.427299440075991299181623617187
17.570016251080776470416822121479	14.420833534191892510989418951795
8.858578572244264037749417184386	1.313549666691993245137837220682
9.594681730039795297670934814960	11.624516429584915044870285782963
2.927882372331294114076172263594	9.459873484536512222575765918009
7.982443307517373298765051004011	1.714630371908840711370203280239
7.744919866242088168917234725086	19.178424753245074896312871715054
7.609198197799313945210997189861	3.091864931169276964340042468393
18.220278144005952469797193771228	1.452355429973830602818907209439
14.075384526790131189954990986735	7.300264672217256389785688952543
5.768440916209474522702294052579	18.608456975154052059906462091021
6.129376680914402797384354926180	3.009534473334816162548577267444
13.127288254892144792052022239659	1.322642440678578612534010972013
2.742175098739338956477240571985	8.884737702515458579455298604444
8.136113627234708545188368589152	13.223885414617054578911847784184
19.876321876469678073817703989334	10.324396750333907135654953890480
4.184099640889624716066919063451	7.532682858791048374769161455333
2.802519451284790630296583913150	6.249086836374891262835262750741
19.666559113409697090446570655331	14.138934427419517447788166464306
12.066771566250974245804172824137	14.127890944202983192212741414551
16.463220448717382993208957486786	1.755244905271911015631758345990
17.914653159821423145103835850023	18.516132386047402746953594032675
11.396942027409027176076961040962	5.854392002837885300436937541235
0.893067749893399209781819081400	11.814246628415167705838939582463
10.607607605634729708299346384592	7.124458017421462230345241550822
1.101402923971919189938262206852	5.306742218950888378969921177486
3.532414143955400209762274243985	5.587552926133998454361062613316
11.692948433882076386680637369864	0.443524907412857771760172909126
12.453182553927179654351675708313	6.848541243644525877698470139876
2.191377145329276299179355191882	7.857353057724278500018044724129
16.080404044111048733611823990941	19.900137277364400745227612787858
12.945991267404917124395069549792	19.441632909258380834671697812155
9.216594572909800220372744661290	8.964664756589932892438810085878
4.948214846403942601682501845062	8.828851833024833339891301875468
18.616842606612973298751967377029	3.691395667532244573294519796036
