75
9.395989751474420614840710186400	2.292816146472049787519154051552
7.926085586046312414509884547442	2.691737750100582360346379573457
14.171257573816975039449062023778	13.351904347407952400317299179733
9.239629691431623825792485149577	16.297661325660062203724010032602
10.221096665632373401422228198498	9.459087513175552075495033932384
10.374581154573219166081798903178	2.065998779165567622584376294981
6.698557674176552900746628438355	3.579903673500677285801430116408
9.659621317763651404675329104066	16.874398097031249932342689135112
15.452413702680756202312295499723	16.637807491611564358890973380767
0.283413054427514854438641123124	11.532083345849668987170844047796
7.584750780942415282481761096278	13.045067442207422203637179336511
19.918946708065437434242994640954	12.281205369192750964657534495927
19.476005970632002117781667038798	19.662125916906742162382215610705
1.984775038608266317652351062861	3.174913105473700092318267707014
18.378274573085839449504419462755	11.597707126698997726066409086343
7.791189942559624270757012709510	0.365739417653447862477378293988
16.690991086844213953099824720994	10.825251471722758367377537069842
14.988915971894638090589069179259	16.564879819227385837621113751084
10.539569870675350671263004187495	12.854188773646198384881245146971
11.424543669630995879060719744302	7.616138482982080404326552525163
18.871458944018598913316964171827	0.288199956314920680000568609103
9.193051283586497035571483138483	19.272259774025894074611642281525
6.538771997244432476747988403076	14.359488631030297156598862784449
1.718400391482308720014771097340	11.913368454310644395377494220156
12.984266502097682405292289331555	6.782925499722390227930191031191
13.839702631212913885860871232580	15.645174141861431849065411370248
8.405252812885557034405792364851	16.071288047812316790441400371492
6.809427597961830613826350599993	1.747410862203935266734333708882
17.181276373258064893434493569657	6.774090419643523652837302506668
6.448273246622811427641863701865	1.399655284484455641802469472168
9.625159655310657313975752913393	15.124460779359376161323780252133
7.667720375870404225793208752293	19.620871966132366281954091391526
16.792388361919673656075246981345	7.595015177166968278754666243913
3.407284537550001601857729838230	5.347398897172799259180919762002
6.062484208731795831681665731594	9.537927528049298331325189792551
16.793054392330802215838048141450	14.000648212438944639757210097741
3.072784506416361693936778465286	13.567110416266867645163074485026
15.540850433468708757800413877703	7.715681665637898589693577378057
18.535894370570371592066294397227	4.960705691028262087627354048891
3.413954407864707718545105308294	11.705350454861406461759543162771
15.431214568626172578547084413003	0.110999293681914856790626799921
13.165263371727666807942114246543	7.766668049104909599122947838623
8.268744228281457608886739762966	19.318058359437159765548130962998
16.117924166704359123514223028906	10.304825092674443354212598933373
9.326527023712147368428304616828	18.135953414959384843996303970926
15.086151290157287618853843014222	0.810925703476537140801383429789
3.566591434243258085245997790480	19.049113286881173223719088127837
9.966862604954068061147154367063	1.692073724704397097440278230351
16.937013986180978974971367279068	14.955671322190886129988030006643
17.334004547557821496184260467999	14.810624337680856399401818634942
13.692350783059019647680543130264	6.741864890880151506280526518822
5.581948986818376923224604979623	0.885745795986925266163325431990
14.036940158234937570114198024385	4.568066908353176636126136145322
5.626384878031256420172212528996	5.808317022809344365441575064324
3.114573769711403983251329918858	16.893705226251618967125978088006
12.760285431890078911010277806781	15.108571637026326328623326844536
18.780451880371792583446222124621	8.354251685596080889695258520078
9.551775915949573203533873311244	15.156840683199506614187157538254
3.087974326006106551290031347889	13.461487638455079007826498127542
7.174747771752443270543153630570	7.329760141332135603420283587184
11.964030287330372104293019219767	2.046076883383112221537203367916
13.554064646349829104110540356487	17.985260561478927598955124267377
10.234209324502785420918371528387	19.924256017943879015774655272253
1.544754695475603067933434431325	13.416931047605144655676667753141
1.553581128963421598143668234115	7.212706021265439915168826701120
19.056808900140641327425328199752	0.355300432036727009688092948636
5.814327839716428414362781040836	13.878868291149387914629187434912
1.424222150406071474293412393308	16.360503749463127576291299192235
13.275093241050567982597385707777	7.350533429452714706542337808060
13.799049338259894881275613442995	16.574378074890809386943146819249
6.909946922367988797475391038461	15.958136650635957209942716872320
11.492069484236505871876943274401	7.762800472011200270117114996538
16.462794173517139029172540176660	12.056826924923512933673919178545
4.451151820998049402078322600573	0.496424220444080521730256805313
16.065057460442062620131764560938	18.545398217016966668779787141830
11.117379670880659148224367527291	11.722832284305688688164082122967
8.028334284650938457161828409880	19.180231524187888680899050086737
10.785512246207389353003236465156	14.377357266246214351212984183803
13.057958113965636215425547561608	10.897253950982257464374924893491
5.267050739878486709244498342741	7.022416207768835683111774415011
10.527029805460694333874016592745	13.867322012401686492921726312488
9.890627904322474961418265593238	15.890897788736744189463934162632
18.766211433187518053955500363372	3.804583319617949044300075911451
11.518881217873506273008388234302	9.331419114997679287171195028350
12.303628642590982877891292446293	10.470634701109871045332511130255
14.821398761319464654206967679784	15.750461307646947517469016020186
7.723629539895804363425213523442	3.351961260244038509625852384488
15.720357294005665949043759610504	7.595520917309013242402215837501
13.688379859848421205015256418847	1.363417169824427954694101572386
19.682929918915274214441524236463	5.810053857469055671458590950351
13.157281776354709634802020445932	10.850595567709389044352974451613
4.421564074797794674509532342199	16.959520335168594584729362395592
8.383718843962466138464151299559	4.947495975544359936293403734453
2.517470675920205902542647891096	17.798880004838771640152117470279
16.762535601159388676251182914712	19.684144362698514640896974015050
4.918637189639603057855765655404	19.929263462749034374610346276313
12.309150757001052767236615181901	16.900263761218525360163766890764
16.741403548604139928102085832506	16.431871714683595087080902885646
3.973670552652175391727951137000	12.846956303946070576671445451211
4.984815446958366536023277149070	1.865569914958951081018767581554
18.979985798806968233520819921978	6.313838994176846242112333129626
19.596693939028416053815817576833	5.273156113680199652549163147341
15.157129999048329693778214277700	16.095841358744646498735164641403
11.358653010111900982792576542124	18.768679875190109385130199370906
13.958421400796369837848942552228	6.641723594680033926351825357415
2.625999863743482265476814063732	11.286437860723076198610215215012
10.406198613898812510569769074209	11.102856360412076242027978878468
7.442066006182268544932867371244	14.967327562601948187648304156028
9.068094534494797187562653562054	17.735349947838749073980579851195
5.639947278010934539338450122159	8.485419496068804079413894214667
9.378411068628624391863013443071	4.152195869124506444336475396995
17.039886152813100039793425821699	2.400243876572343282305155298673
18.938922802333181039102782960981	2.237786505669647763028251574724
4.540370444642880087826597446110	9.861331958171653866429551271722
4.513045504246939287895656889305	11.523353579579895367146491480526
4.463931414247794826621884567430	17.665903397271264907431032042950
3.891036533256244656087119437871	9.191613994620675853752800321672
18.334125656282843408462213119492	17.618527705298390628740889951587
11.849171524637380770172967459075	2.934210980572236060481827735202
8.631164340107748245145558030345	8.243463995901493035489693284035
7.987363162762211032941195298918	9.307862900540730066722971969284
0.145248028535946982486848355620	14.146942836020144795838859863579
5.878511386550961503871803870425	10.771774893074280043947510421276
3.352160474872747375485459997435	15.407580915104343688426524749957
13.958107548384292684318097599316	0.869754626293459676134034452843
5.748944132250439764675320475362	16.604604907175172456845757551491
10.083756734799623089315900870133	3.658262606366504687827045927406
15.368211821441747133576427586377	10.928840802994235659184596443083
7.593729393461003951415477786213	12.242386318912828357952093938366
8.734123130267445134222725755535	2.378224083858209159103580532246
2.877136832094584484309507388389	12.725643537144765815583014045842
3.131008003882993495636810621363	15.488871242061051702876284252852
0.267231666432754533246907158173	2.944036090210364609021098658559
9.917641594572064178692016866989	8.656079441640237348565278807655
12.731530820760516675704820954707	5.025608453234822192712272226345
3.142822566284695362526235840051	7.229998967767290452002271194942
0.278515224977375908110843738541	10.507967221318722295109182596207
13.287410722508116833751046215184	17.098281181925255367559657315724
12.403670896356004504923475906253	9.545520538874800564599354402162
10.079118818992874651030433597043	17.669173972677590711555239977315
15.259495156007670146891541662626	17.353682483149881932149583008140
7.000689055675632488373594242148	8.933386546774691794325917726383
16.007393926299691599979269085452	19.837431605344573171123556676321
6.181411709031474188691390736494	0.629299905619271626733279845212
8.061826511346783519229575176723	5.766589349824835508684373053256
11.725561311910198014629713725299	17.099553922315436693679657764733
16.566876759112933115147825446911	2.862913286460171402580954236328
17.132932015565803141043943469413	9.121102306701345696637872606516
5.500158099241534870316172600724	19.021644664184378825666499324143
8.372015996823892081124540709425	15.779455468707940468675587908365
3.478742311367573059044389083283	12.079998693261156716971527202986
13.552591351000607744481385452673	8.170110541889306077223409374710
15.438278677903600311083209817298	15.075676246372378130899960524403
10.884222992163120835584777523763	1.013890001063260104530172611703
12.397827039223454193006546120159	5.416265701852738700949885242153
3.853506767187293569065786869032	15.345145750823645514060444838833
10.788814825885674864025531860534	19.501633607740661346952038002200
3.957543594593551095073280521319	8.426227789424917347105292719789
19.002215487715957920045184437186	3.552913910845991729559045779752
3.488328415470212107152292446699	3.405704041052546315881954797078
17.061276034199796214352318202145	5.074823419764600274106669530738
5.832307726777619549807241128292	17.101392018071372547183273127303
5.348683307890200744338926597266	10.674513037418083882812425144948
10.591065789688389742195795406587	8.564695481742676363978716835845
5.382336390114755175773098017089	7.207327538658163668117140332470
13.570544759904279885631694924086	3.452513439426796448827872154652
5.718071781107118667364375141915	17.518459555235146751783759100363
8.599988428775976245788115193136	16.456063380309675636681276955642
17.357408076397231155851841322146	18.168575290041452774403296643868
1.951465538623198270329339720774	8.545712981620205539456947008148
17.001288550367959828690800350159	12.634364866580385822203425050247
17.668527870396101064898175536655	14.881605960637164898230366816279
5.077392859318836215720693871845	9.244068678805511751761514460668
18.410263123377266225588755332865	14.676664318191701141813609865494
16.538310717953823569814630900510	3.585165049905458811707603672403
3.252204611674922585251579221222	14.906645317839405606719083152711
19.888050269988561069567367667332	9.585759703953408816801129432861
8.220820510079455800678260857239	13.985973900745685583046906685922
16.794728894041607958342865458690	13.186537886977816924627404659986
12.573364089109251295894864597358	6.336832517798967501221341080964
18.323761386493018221699458081275	2.772482254115424815665846836055
1.958646006399857864010982666514	2.653836523669532709845952922478
1.574348289378084686518377566244	5.212511214340526777277773362584
18.122909192859331994895910611376	3.055780016448177427434984565480
0.768856944005875675429706461728	7.090125143349039760209961968940
17.922560433165379834008490433916	14.485815630945635845705510291737
19.124558939223881282032380113378	1.765267514770292311965249609784
18.211885138993167743137746583670	17.400087123730173743751947768033
7.325772421704055403779420885257	7.095403153485346336992733995430
0.511449492486957257852964175981	10.277091492039938103175700234715
10.030487541017995667402828985360	13.639078641120310209089439013042
3.891227205769354213771293871105	3.766106065771950284215563442558
15.804589164133149736812811170239	18.257872855784029297865345142782
13.898914775413246047719439957291	9.415177505995437456931540509686
16.718004743149531776680305483751	12.314953851528386508107359986752
14.385583592343385461731486429926	9.586107860462879770580002514180
7.059273705882691984925259021111	14.072151381652091117757663596421
10.729711591737320475203887326643	13.377711229682242688454607559834
18.091404354473972659889113856480	15.284421247536318588799986173399
7.177287573364063533176704368088	4.351429689253320631792121275794
