75
13.064438279658286745643636095338	16.569635595039741815526213031262
10.536624922587503050408486160450	10.734211146554880400572073995136
11.927872301874694827006351260934	13.330716612711002611035837617237
14.469408079939835687355298432522	12.846894041700927857618808047846
4.211852370510499987688035616884	11.308331930593080727476262836717
8.079243598007449733700013894122	9.923410248875823569392196077388
9.989865726993404138056575902738	11.702427997086184419117671495769
6.860428836097522520276470459066	5.417006249035689613435806677444
15.775033549549196010275409207679	12.963904545395756429115863284096
1.080262036535678316084840844269	3.095658168963573597665117631550
17.430839511263791052897431654856	10.321999689139923717107194534037
10.430727304524644694083690410480	7.078647217524651757969422760652
4.845756168294148125141873606481	8.849640956932951496582973049954
12.655427298137164271452093089465	11.815057410280090266496699769050
8.173026153671004934153643262107	15.890874308340730891586645157076
8.438291411953468212914231116883	15.291057518467816578322526765987
15.502688449312387319878325797617	3.498662087728449776591332920361
1.037066711374702965287042388809	0.128638208706353562860158490366
17.311259750863023043621069518849	13.639098708277069604832831828389
11.752728165790728098727413453162	18.756288167995251114916754886508
11.331559515638613078181151649915	15.732910710935673392896205768920
14.124530459768283918720044312067	13.573831771922137079400272341445
2.934646021396629667066235924722	11.113662598137198145309412211645
15.455144453870786946936277672648	10.357465068160069066038886376191
8.881852622365350669042527442798	11.196486506584141906728291360196
12.277795331997557681802391016390	7.810884983503901146661974053131
6.275616718094168433594859379809	13.073450942078762793130408681463
17.482539256293769369676738278940	6.999404618554173396205442259088
13.191771127007781316820000938606	19.680321258536341844092021347024
15.475934135257434220989125606138	18.088236969913157992095875670202
7.832031716798602438700527272886	6.984472193878941581601793586742
8.593865170116110618891980266199	9.055479996039027312804137181956
1.422712067934417845549432968255	18.390135868099534377506643068045
15.504972982570684791880921693519	15.916408773499025386399807757698
17.197026771368712161347502842546	4.357431331216169212439126567915
15.447855505079633786635895376094	6.074363735135829500677573378198
8.503927674856686991233800654300	4.106623445700675389957723382395
11.145229535905478712720650946721	10.721022913543903243294153071474
10.270897146441638980718380480539	8.529916030425013673266221303493
19.223820900513327813996511395089	16.950532648144918113075618748553
17.905811777059675193868315545842	8.607201890900237017945073603187
6.879714351610878075860000535613	4.759267218240923469352310348768
12.470517213236739451076573459432	9.879197552297718232239276403561
8.164747703629535280356321891304	9.288295249738245829007610154804
5.587765754786118144181727984687	11.056207496447504112779824936297
3.642611227210498014983386383392	3.363804477362092537617854759446
11.908202981194964564792826422490	10.227975095548289985458723094780
10.041453529625680829440170782618	15.581201818824061078316844941583
18.037142340301496545862391940318	15.833460482993963580611307406798
9.482379086277555657602533756290	10.711328049521419814027467509732
11.720011565515925155978038674220	4.914457029698968248965229577152
5.870759591544476130309249128914	14.093030350166600328520871698856
12.086898132570855324274816666730	6.632813726813670207604900497245
1.688523856797371713867050857516	12.661166157884661487287303316407
12.834675350375500002542139554862	14.668599377401545069687927025370
13.329054088667124489120396901853	19.330815748428634037736628670245
13.160054863848577255680538655724	14.277736357099659159075599745847
11.259381028005329028474079677835	9.509125813723795062060162308626
9.891443510377611048056678555440	16.316626856891399910409745643847
8.511274111601823122441601299215	17.123324518768747282138065202162
15.465657902206103813114168588072	18.573816063990843616693382500671
8.599665221827637040519221045543	16.698176250095428940767305903137
14.881399253423593265210911340546	0.006267089856702323658055320266
15.765925606975773831663900637068	8.222885574211320047766093921382
17.163862909168365433743019821122	11.656996353054504211854691675398
10.739110191420689233154917019419	12.166339237878212031773728085682
9.273182672125475534130600863136	9.677117423306485832767975807656
9.156103768410515542086614004802	19.785281380066791712124540936202
18.090916617736905180890971678309	1.162682247672069735244804178365
14.906096428602385373096694820561	18.510674574291584804086596705019
8.398220957131089292602155182976	13.973452470462941477080676122569
17.947591154584742412225750740618	13.190088573897451595939855906181
12.011776796553213841889373725280	13.242819220170922278612124500796
4.653735378988354653984060860239	4.886544035797014018385198141914
13.452893526070285545870319765527	4.152001748330321539981468959013
14.211026970914181433158773870673	4.382598761383369456723357870942
2.082433378120581490833274074248	3.762617552212020655133528634906
8.950251101665740449675467971247	8.416522736343141630754871584941
5.165824827341931602120439492865	19.120536971992031283207325031981
6.363596847382747334620489709778	16.843748068734416989400415332057
5.340147465085339106849460222293	7.666517009846993246924284903798
4.097521524403539672221086220816	1.831848441091627588406254290021
19.666430407306453531646184273995	12.641371611112333539495011791587
4.300224265768743947546681738459	3.616385331076207965139701627777
9.142592827060500582092572585680	1.384331062467617723399371243431
10.337135938357832287692872341722	7.367925128356135999752041243482
8.860050770202871461833638022654	13.075807646038718701220204820856
18.397147611223850560691062128171	10.912419369911654953853030747268
12.864987011694877239165180071723	5.160366568948928644999796233606
4.450498436358976128701669949805	3.453671772267257633615145095973
6.902819666313401825163964531384	8.697127639818893030110302788671
17.324718220035332905126779223792	6.026907613753303749604128825013
5.200540846604744693593147530919	18.933791107436533707186754327267
17.017696997731640351503301644698	7.475438524016589703080626350129
1.951259959998635995503946105600	17.802452459753737912251381203532
11.282888022692842966421267192345	12.458061688706401071158325066790
10.606037899332944718366888992023	16.717292820853646873047182452865
9.642350077283472487010840268340	14.773353752039229291881383687723
3.395634723290289702646305158851	5.985097330791277592254573391983
10.487068914354564341806508309674	3.883582338631421215779937483603
8.362294510774308520240083453245	11.158583266460546212783810915425
11.279382957878366866566466342192	8.421112525373059654043572663795
7.907960688080213351724978565471	16.797016745067480769648682326078
16.039626957533407392020308179781	7.759931136404423668295748939272
14.032317068792028891266454593278	5.177538337123083422852687363047
9.944200832374253451462209341116	3.462740157731370782556723497692
10.442083734575337672367822960950	11.253926680995295583898041513748
2.542200999699964825140341417864	13.512063633462524592232512077317
17.435793927624146704147278796881	2.640225942458056973549673784873
9.863052046289558560943078191485	3.671821093351164577711642778013
10.974363266778752290520060341805	9.923982823750032267184906231705
7.593403143610901295801340893377	7.531743935065109418758311221609
10.959774896002853594723092101049	7.318087837261124661836220184341
18.842645066089243499618532950990	10.296916338838174809211523097474
12.988782530929963598964604898356	8.359879220845632730174656899180
9.854407642997514926719304639846	7.813353544159262753510120091960
14.421753318744720218091970309615	16.574385476986790877163002733141
10.138020141509924698652866936754	14.888253894126860288338320970070
7.066377565965225926447601523250	7.328184086135685504359571496025
3.439314779904091068374327733181	2.460057662310145776274339368683
1.309755657612217571994506215560	10.184380712852217243380437139422
15.903651930881828491237683920190	4.432158090382519510797010298120
7.874918286610063766772782400949	11.925188185007971952700245310552
11.458265508905320473331812536344	4.380629368988939731366372143384
11.069838991563685226537927519530	7.307717513885632065750996844145
