75
9.456426811666824860935776086990	6.406911621894000319343831506558
11.300306254135582761932710127439	14.547464927537866685725020943210
6.752402700407917457425810425775	9.380303821335493452693299332168
4.418824294436994648549443809316	7.224113665681910489979600242805
11.110680321259986058635149674956	8.985060162740680311799224000424
8.085906752276063258477734052576	10.596848182373832969460636377335
4.648358115748583152537776186364	10.831150962228791811980954662431
11.103433626657089661193822394125	14.407815876625251760856372129638
10.059711811100202183411056466866	14.110784362538465686043309688102
8.748384468516610112942544219550	5.309054675088639818625324551249
10.235346572334291792572003032546	14.829781113965065486581806908362
10.096407777000411698509196867235	8.290708921969743627755633497145
11.519097925311518437752056343015	15.195133850816974430131267581601
11.764720779707570130767635419033	8.476819328982626799984245735686
9.866214520835393742004271189217	11.175762424975198783272389846388
10.675056926789773470432010071818	8.268689565074241798470211506356
12.649455613889713845310325268656	11.697068542140650393434953002725
11.178183810344076931642121053301	4.914223228123757891694367572200
9.726181446885883374875447771046	13.090779515777642316720630333293
6.397025455856469200455194368260	9.780333574548697228578930662479
8.153722071295705475790782656986	8.533241553361392561782849952579
12.226096730537147294626265647821	4.869940437096518692783320148010
7.236239026405289820331745431758	17.050524189201627933698546257801
13.853802570575275865394360153005	5.825144844933684673549123544944
10.961519099669205346003764134366	8.691829715668701439312826551031
5.880343722809060480471998744179	7.661052823127226574229098332580
12.503844336197957431977556552738	11.837083960236370216989598702639
8.464891479742711055678228149191	10.902509418263528928605410328601
9.374421102560829055505564610939	9.210200125676188065426686080173
9.249138735265336919155743089505	7.157860717651270299199950386537
12.784685875969488577652555250097	9.099692158619376414208090864122
5.323936570082298480599547474412	6.374837746917742187235944584245
10.879959661453410646458905830514	7.784918081304622816674054774921
9.546976451339311608990101376548	11.081949466630218736895585607272
11.217662930199136184228336787783	8.696969000980951491897030791733
5.729341162187290947827023046557	6.451352882092015406101381813642
9.350293318946153675597088295035	6.224502575054295050449582049623
11.195222393111578185198595747352	5.766915475435126836600829847157
12.802392814957597622083085298073	10.436517244288781469663263123948
13.173494073757970213023327232804	7.991490156935333821763833839213
9.716973592783132218642094812822	8.380006586539716195716209767852
7.352765484639169457636853621807	13.667920104413832760315017367247
7.831443161293297983149841456907	15.130080503357405063979967962950
7.315040544374074471534186159261	15.445122077351530975874993600883
11.210163132206989899941618205048	7.176183454141637163559153123060
4.669242924614819933992748701712	11.590072687627351655237362137996
7.535082996864156612559781933669	12.109493292014851917315354512539
10.744019681679407796082159620710	13.018199590084654104771288984921
6.343796135250494572233037615661	4.757747855111276180650747846812
8.348714296228319398096573422663	9.041497996230404510242806281894
11.646348797165332555891836818773	9.286552075053510435509451781400
9.914736672628514213556627510116	11.277990168508139845471305307001
11.210480738959843094448842748534	11.826702842094215739621176908258
10.950984730539842004759520932566	9.637899194450517015297918987926
7.473968237189916763441033253912	4.614927764533261367319028067868
10.224153913498742696219778736122	8.035724058771942068801763525698
6.050124981789956279953912599012	4.459586262361543873566915863194
11.691746201716973985185177298263	10.346492268011003190508745319676
7.694262257570016139140989253065	5.195667531002712280496780294925
11.028395171168547506113100098446	5.394830616956026503316934395116
10.177177046479110700261117017362	9.771001137853945195388405409176
12.578500272584001606901438208297	11.841914689253954406922275666147
13.057502160835909421621181536466	8.044999385062078900432425143663
11.894143168197302884436794556677	11.713365581037635365646565333009
14.316126864982383182223202311434	9.868302175855330204967685858719
9.399789653727264493454640614800	9.396853119056721936885878676549
9.803785770174478386707050958648	8.878329676483527777008930570446
8.630194404108481265325281128753	8.169538054144831917824376432691
9.530204024421097486197140824515	6.839157575587131887573377753142
7.597928353379029609016015456291	9.151169015606610557256317406427
7.992059358108623001726300572045	9.601642773600337577022401092108
15.442434911069776504177752940450	14.257059433674992732221653568558
11.239583052394275242136245651636	10.187285432277102259490675351117
9.823343508793406897439126623794	11.797157990214143907792276877444
10.064023672771929440727944893297	6.659356739425612126126452494645
6.923175097029071523024867929053	11.526129113392965308548809844069
8.276186319895755261200065433513	9.490043987695566229945143277291
16.000936977144988304644357413054	8.890330733317750144806268508546
9.150319195341097611162695102394	5.645309783082572252510544785764
7.615253042096196800514462665888	12.919972218991951251609862083569
12.370999111989741336969927942846	9.844047336968408501434169011191
10.001733623697335318070145149250	13.507000065050116077713937556837
11.936536755656128150349104544148	7.725031218857397519172991451342
10.937081873607761295374984911177	10.864935515482983419133233837783
9.802601682653161674352304544300	14.210466031839198208786001487169
7.890259713377332673189812339842	16.697492481734563796180736972019
10.409454480007797272378411435056	11.599891400054893608739803312346
7.274803813703355714892495598178	8.886981363629141483784223964904
10.566455900574302617656030633952	7.860368468483877713026686251396
8.144862861600417502927484747488	10.936356333265852214253754937090
6.981527090380652111889503430575	13.150146586253841363145511422772
14.310794699290159570637115393765	12.635481191813068946316889196169
7.457817949032651050345066323644	6.874217960439018781926279189065
11.153573162342439673011540435255	15.332772555736346120625057665166
17.861192465063719936324559967034	10.561394929348788096490352472756
5.633430889737307545317435142351	9.254618223732830273320359992795
13.889619487400960196055166306905	10.829017193566402355031641491223
5.689897058421654385540477960603	10.769240278091073648170095111709
9.663266591599688482006058620755	10.967144438310960197213717037812
6.427795509353114056239064666443	9.237435716828921172805166861508
10.871518945243401788047776790336	7.910309372221512091982731362805
8.236800869750043219141844019759	8.435880346572124821591387444641
8.362083013960106114836889901198	11.171237169630106933482238673605
12.434227366400953940228646388277	7.111135602768793972927596769296
9.642271874173196977153565967456	8.968666176294036063154635485262
13.404259992412503876835216942709	6.992634270237986449103573249886
14.736894168255695092284440761432	3.334924008295622854802786605433
11.258770466368076768048922531307	8.143333365259287859316827962175
7.241627621602406250644889951218	9.514251632647171774692651524674
10.188295739506928683226760767866	12.726805403429729324216168606654
9.918030352737289945252996403724	13.251699145412178637570832506754
11.192731307165157517147235921584	4.968084410258940764038015913684
10.820192234016108301375425071456	7.451495739728013489866498275660
10.611701440955593866988238005433	7.191323977767287267681695084320
10.354147541313651004202256444842	13.699521504898495294355598161928
8.977136315133067867577665310819	8.967801745349280650998480268754
11.027524134193779303814153536223	12.808531137006671229983112425543
11.112174558544783309343984001316	9.967674599445453864632327167783
9.313208908062756918866398336831	10.193165984498861575957562308758
8.858524833534227482800815778319	6.182108671577884351222564873751
11.381196249989514512890309561044	10.451285291592938619942287914455
8.420870123347835800586835830472	12.868055860140417578918459184933
8.952260438094985062207342707552	9.789340360904111193462995288428
10.116550153427917635440280719195	11.905902919547353135953926539514
10.157140887834168907488674449269	12.720575034123861257739918073639
13.938932952329489367571113689337	9.072444731406626772240997524932
10.564954852269822893617856607307	13.239267629437824425053804588970
8.767635805673478444077773019671	10.804868575989811319004729739390
8.260872181344371512068391893990	15.903356008558354517390398541465
9.131112004134466886284826614428	8.122702660690510612084835884161
6.240334823433947519788489444181	7.602893731924853959469601250021
9.919798049131021144830810953863	9.920479108383661426273647521157
15.217911261191021665695188858081	5.649597103713924539647450728808
8.903687610253435025242652045563	13.184818642408171029956065467559
8.348290603380506880171196826268	10.016496405316692275278001034167
10.314057068746061318620377278421	13.492201483984384680070434114896
10.458558069823052250058026402257	11.499948046299923731794478953816
7.702539330068974621212873898912	16.969844980550128354934713570401
7.400089149247475184267841541441	14.604295191434140122055396204814
9.956660720321860225112686748616	9.497507865324596565415049553849
11.457293199625059543222960201092	9.059595987660923555040426435880
7.619912499769103675362202920951	12.280947134287382382922260148916
12.547809152310886560144354007207	8.580568071298555921089246112388
10.268849782834051254098994832020	6.455707982591034621577819052618
8.632379947228439931450338917784	12.985716849463694089195087144617
8.955205901918526834037947992329	6.556294426928261920295426534722
4.387919916718056256854652019683	9.399728606238703321196226170287
8.635167876379712836865110148210	6.466125913882201814431027742103
0.692852920417483364445843108115	6.499235873849414701908244751394
12.018899714517813137604207440745	0.990107974943061019956758173066
