75
12.295523402825599745824547426309	5.894457288549131313004636467667
12.267179610494000741027775802650	7.174128710127280150743445119588
8.141824418098023485867997806054	11.283901184184776056440568936523
13.494778215575408353288366924971	12.632614913731103456484561320394
14.152619566206759316173702245578	9.255570106889532411287291324697
11.888872814856904724933883699123	7.661664576279826555094132345403
13.998059248894541894969734130427	11.940460115480192371251177974045
3.779724464375017412010038242443	12.602274659602334949681790021714
8.831290017886164633864609641023	8.875544380051401560649537714198
14.267452690728649855600451701321	11.805433967588079724464478204027
7.983876054023249402291639853502	12.909636889432434259106230456382
12.353936275036245362457520968746	7.278961984769305892939428304089
9.816656327898389378106003277935	8.885845359649517050115719030146
6.946689323305944796516087080818	11.530061536638717356595407181885
9.863624301673569405579655722249	7.897185052453668419047971838154
7.397867140420231635289383120835	12.040058691305773663771105930209
6.639439311278207966893205593806	8.979250600930487991035988670774
13.307901303887533117631392087787	9.864645125808575443215886480175
8.623988403551610559816253953613	10.348375514288703058696228254121
7.588187236900020060659244336421	10.089914872525019617910402303096
11.361968667675775179759511956945	8.226489554153108230138968792744
8.084315526195217316285379638430	7.249393764630080561062186461641
5.772146892359750758316749852384	11.324951485387916960689835832454
10.738053114921514819002368312795	7.645678110714107411638451594627
6.489397158890028549649287015200	9.877577815272520211919982102700
7.651533407212964377208663790952	5.894187887333472986028937157243
11.478649269394720633385986729991	7.373934035155702559904966619797
14.765528942834020398322536493652	13.440536047406853370489443477709
13.357643116401289873351743153762	14.381328542266674119787239760626
5.303791243339190941696870140731	9.766856068629914844336781243328
6.547159358819615526670077088056	8.839147114582083020195568678901
11.487508329068642609627204365097	11.233404071462878448528499575332
6.674858866978427229810222343076	11.211978502097824872407727525569
10.158481462884816792779929528479	9.593759371694629223270567308646
7.443710291706191917171508976026	11.164088500609500087534797785338
7.795556753904676838828891050071	16.397583888415905306601416668855
10.514804014684656863209966104478	12.746356845933542345505884441081
13.548244206632762853814710979350	9.585503217879624671127203328069
13.890741646863213887286292447243	8.924447185432306639540911419317
7.170003031136115367871752823703	8.296906809545790295601364050526
10.436353655354999148130445973948	12.517361852915168896061004488729
8.592769580022732611723768059164	11.930492901720930021269850840326
9.269045733727356406461694859900	7.788274560986949701657522382447
7.003179720166816224491412867792	11.224710085462586306448429240845
9.591242235426134854492374870460	13.925854603848447865743764850777
9.461082793093787302041164366528	12.861394909834226396583289897535
18.183863284878192700944055104628	2.447879333242858113095508088009
11.789984039638760293655650457367	8.244704679428462412715816753916
4.315601300588407518432632059557	6.888444182772763824118555930909
7.671256712013563294760842836695	10.240850115950001608666752872523
5.061854294076783666866958810715	9.665718266081084308893878187519
9.736744470403758455745446553919	7.562640365349895255064893717645
9.993874110392292564597482851241	5.934231062255613586842173390323
5.133337900383812879567813070025	14.431523968936406987495502107777
5.775683417772470740203516470501	7.343157844603087625046100583859
8.304110075486786257670246413909	6.682466063603156314343323174398
7.764903364145201436485876911320	8.180185255134016841793709318154
9.635981772390360688973487413023	12.795483603704585817695260629989
11.557342212147210247508155589458	4.991932289223734997563042270485
10.564989389607589487241057213396	7.451991284246103575128472584765
12.746946860372604604094703972805	3.794259371967714233875312856981
5.652278466636400544587104377570	15.058781331015005378048954298720
6.404131436722581227627415501047	7.866300482180211162130945012905
11.501491721836771375819807872176	8.699182988318694853546730882954
11.019703816838800847222046286333	10.670410107770953445083250699099
7.308895245947601537750415445771	7.707620149900066053305636160076
13.953844661047785535856746719219	12.545039986364846740229950228240
4.752974621470892557795195898507	12.204479186022160419611282122787
10.288032400165391777591139543802	10.675724875561870774731687561143
9.942350966248156396432023029774	14.688677571391973941672404180281
9.469488667629766709410432667937	10.844708956817886047474530641921
11.617832439316297055142968019936	11.363005432204641209636974963360
9.947389133447121167819204856642	8.801231531416584985549889097456
10.670053594116433615113237465266	5.449356042302911262709130824078
2.688687874308951286650426482083	8.478790283921416204293564078398
11.505104871272729738507223373745	6.078057668832581583728824625723
11.828998784823655299192068923730	16.135673655034167950361734256148
8.500613856981681593083521875087	9.597210185441957364105292072054
9.458182174538716679990102420561	7.253552027378981748029218579177
9.153633980683640203324102913029	10.124816284996825288544641807675
11.366446239381575722404704720248	14.692898432158596477847822825424
7.288122120533880199388931941940	2.932233537424271396787389676319
5.432660326802137618074084457476	7.700197383806951734186441171914
11.849457636961876261239012819715	10.014488469261898728746018605307
10.158219027446612869880482321605	10.243520148550302906187425833195
8.820903476156097156035684747621	11.640457660848307241963084379677
8.458556692727441372881003189832	13.991510166583513097293689497747
7.510580688596731668837946926942	4.175322677405792326510436396347
7.680333024158636057165949750924	9.559797750949648786900070263073
11.403975592090754176410882791970	11.948844795818892805527866585180
12.660950826644018718525330768898	16.561656725324951366928871721029
13.435179652556030305277090519667	12.252571168210561580735884490423
7.872164721463845715732077223947	5.256400820988247346576827112585
10.730912119407527427483728388324	12.947392905210579172603502229322
9.653415155693343407961037883069	11.044060282596227295925928046927
11.300337819623129220758528390434	8.324889042092541657780202513095
11.733290862194158066245108784642	13.265441297827331723624411097262
7.799358597123459801991884887684	7.070440011067931074251191603253
6.693021856636909738824670057511	8.746747487932466924576146993786
11.923196419847622351539939700160	12.759603139736876542542631796096
13.426684817976259012084483401850	8.563799710798033260061856708489
9.141698111197285925300093367696	10.235302299970332029488417902030
9.770171118351894889997311111074	8.096750140053412536644827923737
10.619247493965243478442062041722	8.778685412927099918078965856694
14.172006978871827698185370536521	13.358448645297533730058603396174
10.139891945285450347569167206530	8.343970259363054253753944067284
11.526140342893480550401363871060	15.062687698553750337282508553471
5.715670360755613188530332990922	7.214962475276272435564806073671
13.436628676935912451995136507321	13.794920619468930667039785475936
11.371004430266033580210205400363	10.196771922900330409333946590777
12.198211041387123643175982579123	7.585352538933952004640559607651
11.799343365202965117077837930992	4.812766035990891033691241318593
7.976498011957704470376029348699	8.190315269839523182326956884935
11.553213241887188900136607117020	13.347294981778311750986176775768
15.635749598904340018634684383869	9.129405288601880386067932704464
13.189493891065602326762018492445	11.489583487453334242900382378139
11.027010925940047059157222975045	10.829971222085260862399991310667
14.623217157591865245080953172874	6.346852214658866842000861652195
9.550473771630008101851672108751	7.916784567110529025057985563762
8.030784503945017860360167105682	13.801754067711998530398886941839
7.787144597988342908934100705665	8.308561918642096699727517261636
10.912021828970408066084019083064	10.704019480118745377694722265005
11.306047159832679938062938163057	3.890758459419290105074651364703
7.923382878156305153538596641738	13.482787436092973365475700120442
11.176760840964192311730585061014	7.076289159114085514090675133048
17.096420483264218148633517557755	5.125625616929372796448660665192
12.748205973067493701478269940708	7.234622386343928290841631678632
13.844372324441769350755748746451	9.195993446664628478970371361356
8.034603509488634998092493333388	6.868552578805094732672387181083
9.094920708082833371577180514578	16.215419079071825336768597480841
11.825989554028081940373340330552	10.203845429752679052626263001002
8.045086110858163053194402891677	12.905620494148339005846537475009
3.669393014697738486518119316315	10.276685054729993495925555180293
14.507516334826883408481990045402	15.038465159395272507936169859022
10.898456429243065457512784632854	6.792561662089684482168649992673
11.784231183992115887804175144993	6.376707491068728472782822791487
11.867453095681552710516371007543	9.834920588184989043156747356988
9.500031148445916784339715377428	5.554352396564052440908199059777
10.991250003021352910081986919977	6.354893852399499110106262378395
10.446053182978637607902783202007	5.150411460594424895020893018227
8.344200145896978781934194557834	13.050648112437899683868636202533
12.526728010756379205759003525600	8.702255220070981067692628130317
7.276169157340849125148452003486	9.608244151484477413305285153911
11.667752130872715454756871622521	7.314464063309049635108749498613
9.891176302806313103133106778841	6.823607564287559767990387626924
10.381386510385748778162451344542	13.859989656152126968891025171615
10.616231586349408999581100943033	10.718447197551444816099319723435
3.544084076826485851796633141930	6.002860224194692229104930447647
10.333598179108932413328147958964	12.900858420945549909220062545501
7.552756327241601397304293641355	9.257937329166583850792449084111
