75
6.710142346229005738678097259253	11.672037890325910325373115483671
5.384765470765504602468354278244	8.520398124145698304232610098552
9.887848262075877414645219687372	8.459002536082683931795145326760
7.348041155594879469958868867252	7.190459402825754686716663854895
13.584343899073903827456888393499	12.714412723063929888667189516127
9.668673355214989939554470765870	13.355993429330199617766083974857
11.108160982504081459865119541064	10.029894423664812208585317421239
7.774873200564096364928445836995	14.333199012876745470634887169581
6.253292942302286938627275958424	9.583613254274089499062938557472
15.960810335330009479548607487231	7.436946075788659626937260327395
8.628559023050561549439407826867	13.396508116533800247793806192931
10.590770830731750962172554864082	15.614076043182819830690277740359
7.560423330952462883658427017508	12.704202140469016413248937169556
10.256005826290309101977982209064	9.204642031800092993876205582637
14.465049867732529875752334191930	10.327743514237289090829108317848
11.287791200801589042157502262853	11.093630780657258938504128309432
11.160352674030569630758691346273	6.438004700883875663919297949178
7.985532578963796979110156826209	10.799536418378529845085722627118
13.320960905786744632450790959410	6.743318513410546444220017292537
9.797554271363068778555316384882	9.826335560469274810202477965504
13.134665258979380197956743359100	14.914143549734307114817966066767
11.338173825573804265332000795752	5.168897226492173757605996797793
10.353589296715851375552119861823	11.100837995605109753682882001158
10.107151832001813218653296644334	8.032953273525102133589825825766
10.341335564601992658140261482913	12.107003256711765359909804828931
10.459384796343293544396146899089	13.408680804835427124999114312232
10.420076740793060565692940144800	8.613649591015821727069123880938
17.104229500297360999638840439729	8.243498626767383541391609469429
9.418325086651559985284620779566	12.029262300862029633208294399083
7.009911314902338652643720706692	10.210064540473599237202506628819
8.646054929969388069821434328333	17.362972690663724506521248258650
4.557717178948851532993558066664	11.454646569173169368127673806157
9.226207396020075890419320785441	13.885946776202054309123923303559
8.250784395317932506941360770725	6.660523728338633375756216992158
10.280124112178684825380514666904	7.226925899736456493371861142805
12.201423944734111515231234079693	9.274922541678838783241189958062
10.536785689797357079555695236195	9.732708600602062887219290132634
9.162753105891168203811503190082	12.303088564134084137435820593964
12.347391792949240496568563685287	12.592573533640758043361529416870
9.572616730408938678920094389468	7.480813140758868939883541315794
5.340208649321832368173090799246	9.670383339233442399063278571703
5.683858971484716526845204498386	13.619487586159333858404352213256
13.796864310318508017871863557957	8.974532566105370534614849020727
6.475934311977888491185240127379	9.318303813551148451210792700294
13.517712007059426326804896234535	14.325925625568530108466802630574
15.954669968343022645740347797982	3.786397230701479710290868752054
11.140915736355774257049233710859	5.904101736977788839055847347481
7.862164921113604876268254884053	8.888008036146670676203029870521
10.392021907586006079782237065956	11.810612379617154488187225069851
13.322709444923273025551679893397	9.538077223137756632809214352164
10.763223876919138177754575735889	7.512240595469005910445048357360
5.341149524341462395682356145699	12.747468030922261661430638923775
13.824858553823151652295564417727	8.982654702059958751192425552290
8.730163255777494413223394076340	7.579627740718769324246295582270
14.687509590266438763705991732422	11.607801090455479808838390454184
12.854640191867561682670384470839	11.290975643910568848582443024497
10.666013357431147312581742880866	7.020914811464884053293644683436
11.124695877142537270287903083954	11.709071127204545348376996116713
12.327959015137174958454124862328	6.615116974489875900644619832747
7.133346127346571030614086339483	3.859433583508083298596602617181
6.694408012158487686349417344900	13.036221166485814748625671199989
9.258486160736852710329003457446	1.665768506586625452570160632604
9.341761942154866105170185619500	14.989802707847713847399973019492
9.291418590570184932175834546797	10.988623638913455948795672156848
9.089729189321369418053109257016	11.563766870122883290150639368221
12.866920793524565524990066478495	6.646215159241167569348363031168
11.604722794673222097117104567587	7.904078188478325550647696218221
6.396530191188266378787830035435	9.391799294994198632480220112484
15.223719284644024796193662041333	10.473066728332325325823148887139
9.361332514020023864986796979792	7.919170855700422784195779968286
13.632020354577434773091226816177	4.928231366973751192972486023791
7.746297094593858290068055794109	7.864493854712028664266654232051
12.210902774229163370023343304638	9.256052924442998985909980547149
12.476026168300714758174763119314	11.691743798654854913365852553397
10.768137253062219471644311852288	11.406333812714724018633205560036
11.727555460115489438521763077006	11.937103067737076855792111018673
13.429993303031588780527272319887	7.164678050129128727974148205249
6.056546252860465884282348270062	10.547387465429276076633868797217
13.475099352002613883882986556273	6.948690733176945855120720807463
11.484380904239325005278260505293	10.095693194364564249099203152582
9.373167259193090572466644516680	14.918238348653282798750296933576
11.013472469417665777768888801802	10.310963216910053574792982544750
10.338605612758717811061615066137	14.656118991828400055510428501293
10.559298937355135805660211190116	10.446630813056748010581031849142
15.035288986383170239946593937930	11.209989140400644203054980607703
6.831600497446666864220787829254	13.084541236478841597090649884194
7.503921324868145781294970220188	5.681505867589406122419859457295
7.374314280718559544425261265133	12.749869166697784805819537723437
8.483748344233605465092296071816	13.156905923205320263491557852831
11.454331009737572344420186709613	8.988149324162122866255231201649
7.624767570396818960887230787193	4.595600459180093189104354678420
9.732956250801702680064408923499	5.667887507616613973482344590593
10.037581465041983008745773986448	9.665866464502871124864213925321
8.701522805952540906559988798108	12.544929721951344703256836510263
10.679992592440168408529643784277	6.856414749837957067768456909107
12.155335710784553882035652350169	8.129636201721828214772358478513
12.678840623613679028380829549860	9.182298325394942395405450952239
11.870829343779021769478276837617	15.004015339394111805404463666491
9.484219170617057770300561969634	10.428925829671555902677937410772
5.895168954784570480853744811611	11.570091451725732056843298778404
10.352657372804367597041164117400	9.437998826079383007936485228129
6.535342076222926621653641632292	10.521664626850043333661233191378
9.774201827865280023388550034724	9.734859630204921288054720207583
10.660219717723814270016191585455	9.642406285568050350320845609531
11.597449897449225275636308651883	12.400504372536346409106045030057
7.448973425693180772100276954006	10.127873654478362297481908171903
6.373170539801133571700120228343	12.975503579158226941103748686146
10.707619277918190903164941119030	10.532102208211673755045012512710
10.592658785925285869211620592978	8.935201849978025023801819770597
11.321436840894163466941790829878	3.400297795339435324990517983679
10.552618402740002068185276584700	5.921618067032858867548839043593
14.979489883409328854213526938111	8.481107137425560438259708462283
6.931283340366967138379550306126	15.985998288722299776054569520056
7.297149881153901063157718454022	11.249793072288184703211300075054
8.952979141373990756846978911199	13.570884302347646865882779820822
11.631021217580380877620882529300	7.804252325331535899977097869851
10.158319860177771332132579118479	7.963737133654299249485575273866
8.094969326774359430487493227702	9.441314841626700982146758178715
7.229950145400636962733642576495	9.962771975827099169009670731612
12.830435866907906827805163629819	8.292078638945881152721995022148
6.291662344649378901806358044269	9.843802137472902558101850445382
10.599469202455594540879246778786	12.294239728609337447551297373138
9.128011539817730835011388990097	10.563951476968290066338340693619
15.376743626554368660208638175391	10.813153373462174755559317418374
12.437174973676158984403627982829	5.401384399099221411688631633297
7.903762859118266703717381460592	13.746927470176167673798772739246
10.707815595622433235689641151112	11.988014266731546797473129117861
10.371828085779268846522427338641	17.584632023011973700477028614841
5.604431085647134658245249738684	6.982597243765911620982933527557
4.824277131714564070819051266881	9.072797098517602520928448939230
8.508433864089868237101654813159	10.413382334720450828058346814942
10.843935795257330312324484111741	10.909137365932366492415894754231
7.741161953961197106366398656974	11.949902899697008251678198575974
6.748944530508941497259911557194	11.694225569654308927169950038660
10.957398015005912483843530935701	12.168990099382712699593867000658
10.161433662444320447093559778295	16.062780635334597434393799630925
6.861484499137083581388196762418	12.426829640755034489529862185009
7.218047284457119516787315660622	16.617201173906984479344828287140
12.628515686228720227290978073142	5.256208845757255332387103408109
6.864106025103320796176831208868	12.431790630071613890095250098966
15.768890570468252931846109277103	8.424403851214520955181797035038
9.599406936451764238427131203935	11.401769805605427521300043736119
15.210744662911373836777784163132	8.331120314174635055337603262160
12.215799781050620254063687752932	7.487087671651368125935732678045
8.470155647161545786616443365347	7.702969082295092917433976253960
9.545203381982267032412892149296	5.927538660425478944659971602960
11.166084743718789340505281870719	4.968153842560681709983327891678
6.483884341006048046551768493373	9.422830455818711925530806183815
15.858004472848747923308110330254	10.574739121308752487493620719761
7.512572017089582665505531622330	9.673979346534254730727298010606
