75
13.320829325463538594931378611363	1.387303434360636966715674134321
9.446827727708527078220868133940	3.000048090399065614519713562913
9.176564025300589122480232617818	5.312874925124212666105449898168
13.944810666648718822102637204807	8.246178687313475919040683947969
18.630287152417508877988439053297	16.334587831725293938234244706109
3.852869899965101208039186531096	8.308744293675191627812637307215
13.528468276797692482205093256198	4.607850613632178848888543143403
5.271352651640919262376883125398	2.370190282586396079977930639870
10.776295256995863880433716985863	4.609914813552921764028269535629
7.695963627527340200629168975865	11.213850618467919417753364541568
17.033341158328653364151250571012	11.185079180793168873719878320117
9.723649463115723534656353876926	9.705364918098329241047395044006
9.267896867111653946835758688394	15.882855551027184048962226370350
5.386283724672395578636496793479	10.069695713198422382106400618795
16.597192643533109190912000485696	7.648618967065643481362258171430
18.049434025825142668963962933049	11.502130662180100273417338030413
14.043593613277375098391530627850	15.292808383928175430810370016843
5.355152885806973905857830686728	11.006288403541729437051799322944
17.585613560758588391763623803854	3.000438723870941348792484859587
17.614294591934516631681617582217	12.301221648364499827721374458633
5.409450030768885753218455647584	7.372637062701817178833607613342
5.572320517747812118614092469215	14.454531057781188962962914956734
11.929388754802461747317465778906	6.219932402187574815854986809427
0.152603442374929842983988237393	5.798210581082635428629146190360
4.478563590716075459852163476171	9.017077923266665351320625632070
11.684679163602464058158147963695	17.878566906871814268242815160193
9.460893054837987037331004103180	17.537608189822549320524558424950
11.326620820453614513212414749432	2.851809708869550874510423454922
8.447575208633033128080569440499	4.600690736940980407609913527267
8.499208674095042326257498643827	5.648676047758052654046423413092
11.555726741383461231293949822430	12.742096672437668303246027790010
5.829382812986469986071824678220	2.875434905964520115873028771603
11.094682794184503649148609838448	3.850487224976338218596083606826
16.981527851837327602879668120295	14.280052130424461864777185837738
3.292616061034847607658093693317	4.240589711164666653075983049348
5.835910732574521198046113568125	10.903333951294884585081490513403
8.855902575001348253636024310254	2.459416672848165674736264918465
9.640633437105281089429809071589	7.577810374079245292477935436182
6.830101773038923518299725401448	6.735235233224770468041242565960
8.557585002627099868277582572773	11.873306816008931008354920777492
8.224674142824843769972176232841	16.888216490594746943543214001693
8.476226663627967283787256747019	2.754236464826856689569467562251
13.247668888711519485923417960294	11.491290112997065264721641142387
4.735915723693682188866205251543	16.678550314106299623517770669423
0.738827162377104107449099501537	4.534273392584157846840753336437
9.228787668559542467505707463715	15.491541321501065553434273169842
8.706839247928648717333999229595	0.887567910956108097053629535367
11.704621111242474285063508432359	5.236362906523584825890793581493
18.918280054277101243087599868886	17.971703822540625594683660892770
19.886235680384476864901444059797	2.907267677109136361224273059634
2.600279019788538814594858195051	18.454419898754757412007165839896
14.826125859591194000586256152019	10.759327419561463656805244681891
8.749410761908924527574527019169	7.255791948668112389952966623241
13.056385267477516265444137388840	9.715083699729799349142922437750
4.595599741323256992586721025873	5.970065931350263532806366129080
12.044960259562436988289846340194	9.621972754697143415114624076523
1.511846264636408143644530355232	15.051595345782814661106385756284
4.949035778229289306295868300367	4.853937761949464579913637862774
6.562453725478785138136572641088	7.900775286414155829106675810181
9.041458859977838713462006126065	4.679999748585696117686438810779
10.250378868921131925162626430392	13.506637028877797490622469922528
4.570807385163799807514806161635	10.269933320349569072504891664721
12.676394124901111837289136019535	8.954861631910878472240256087389
6.854378372516426232152753073024	9.143574175428165418111348117236
4.477861744342839678267864655936	19.905929925841984839962606201880
9.478303981363040975338662974536	5.765256955331623522909012535820
8.418934695285374303352909919340	4.662071207023472219077575573465
12.057709043191852771315097925253	1.793058259532989806572800262074
16.212023522128568231437384383753	9.758131780477970806941812043078
18.399939306036152686374407494441	10.186673869967009409265301655978
8.176022228468887931285280501470	15.065362395636894277117789897602
15.338596537209474135465825384017	4.151802905835547008450703287963
0.788879769091035187855709409632	11.794201864169524540670863643754
18.425975160222325399672627099790	6.321281456993520286857801693259
8.711834867450530595078816986643	5.280841341668455868330056546256
18.893708942826208385667996481061	3.052770801632786579205003363313
14.337059206710573988630130770616	1.405352146355114406617303757230
6.647878481105369274928307277150	11.439738385124595509978462359868
5.632145891436653784012378309853	13.908995342090154423431158647873
9.234050618387318110080741462298	6.385667343864640521644560067216
0.511319222906495562952500222309	11.415448796410595733163972909097
12.751038693781207911115416209213	10.357266244426035939341090852395
5.703207511136822560615655675065	3.406688915716099330666111200117
12.502452653930518522429338190705	7.281622769813991702392286242684
9.277111119167631869686374557205	6.978270869614171090233867289498
10.998498503160368144904168730136	17.322403222746608264515089103952
16.883218001079242753803555388004	1.729900188770314040098696750647
6.906677176538167373109899926931	10.606257957309662032230335171334
6.983662025256873739920138177695	3.286785794498645163486116871354
15.690610527323542555677704513073	5.895723195937694782742255483754
15.829743445626377251755911856890	1.456344800698514019288154486276
8.934957164522852934851471218280	7.118112818241710826328016992193
12.005014615519733922610612353310	13.240375616021266225175168074202
12.015643090396908476691351097543	12.007954449150815889879595488310
9.367897279433510249191385810263	0.492640371253341813329029719171
9.982828681724337016589743143413	14.644049847875130865304527105764
9.894649415090011501661138026975	5.450235882197297598850127542391
17.220926044471475790942349703982	11.025403079697731811847916105762
8.503128424658566331117981462739	5.389697727842511554285920283291
2.798242237732558201912524964428	4.384059842838708753731680189958
15.745575463445673491946763533633	7.574017384470681513164436182706
5.085898638608128408122865948826	13.751522854625484626467368798330
14.350832598131180617428981349804	9.974955431676688633046978793573
9.158258336187492076874150370713	6.585122637239725129632006428437
14.950024520073483813575876411051	14.676801097155900421853402804118
0.749224305582920635515620233491	11.823180825537811244885233463719
8.070631929055934961070306599140	10.343595502829364463082129077520
1.745631035685365040066585606837	9.306384061791179718170496926177
1.579419976021227967066806741059	12.550276863069594668331774300896
16.098798448072212607939945883118	16.289040004155605600999479065649
4.531555625722068825211863440927	12.248002572015687761108893027995
5.184311633397239660325794829987	15.579502236198095488362014293671
12.072346617354853037795692216605	11.374924906793909329394409724046
9.452810799638159622304556251038	17.351585130755541541702768881805
7.037424097208900164446276903618	16.234845775739938034121223608963
2.528314992454860909987246486708	10.844246961413539054319699062034
10.306336495007398568191092635971	14.342965684726985742258875689004
16.728370130235060031509419786744	9.772939217041878734448800969403
9.631714197024765056198702950496	8.071725534741020169349212665111
13.989097033445354156810935819522	2.552130966493074915035776939476
14.241677523333471810929040657356	17.486539879380217143989284522831
8.063557135921977092607448867057	11.546292725620633135008574754465
13.432393489995106961032433900982	6.008695740215975078513110929634
9.532795673349728104994937893935	17.335736153461539288400672376156
8.134202167509213765583808708470	9.862953884277763094701185764279
11.107248917363609308495142613538	3.196736608716546079733689111890
1.799258055840079917331308934081	10.003791361192526210288633592427
11.178546582861867975111636042129	10.348974245895519175064691808075
8.085072510846519122651443467475	15.971008717735614368393726181239
16.127470165437500781990820541978	7.746140963738006313121786661213
9.527664950324707504591970064212	0.345644356711532374504258768866
9.746270374606345043844157771673	10.936370402681879099304751434829
2.328438337159453475067039107671	18.420640171604219403889146633446
12.570229663000450415211162180640	13.169707684824841109616500034463
11.389821829428187882626843929756	16.193447348469902635770267806947
2.928466211374768590758321806788	14.557265762076488258003337250557
4.996759364585824592097651475342	14.634164950544157335343697923236
3.872689683019523876339462731266	7.394883941756194012384639790980
1.288433863990765315676867430739	10.836449929904906852584645093884
8.576706906824478338080552930478	6.539552383649165356871435506037
6.033512644636718214030679519055	8.343048160616485020568688923959
3.690038730024909341409511398524	3.552994126462219792728092215839
7.217749017694416124868439510465	10.632899049386859147148243209813
10.215845958923608804980176500976	12.551279284667636204630980500951
0.677656183736368156189655564958	7.497342406281068072360085352557
19.923859651868987441503122681752	4.113793198196329825577777228318
6.674551733114004292701793019660	14.666910946163229212402256962378
13.394258992403775820889677561354	8.640241873618737855622384813614
12.956604298321911628022462537047	4.486963101001157916414285864448
11.385733081028943658452590170782	4.214698028833531395775935379788
12.339964483799738204083951131906	12.669333387964018200477767095435
12.359699106689888026266999077052	17.750510781652582892320424434729
13.369021613437370277210902713705	6.047025897588039100583046092652
17.157915198698180603287255507894	0.589246172122267930504335708974
0.664330354899097752507941549993	18.818234862764565917814252316020
5.550718085219559227994068351109	6.502613889983177131171032669954
18.276783719629520419402979314327	11.450212680715941004905289446469
13.224336392326705436062184162438	8.027033908243410564864461775869
1.096921074527395623121606149653	5.841260819760666578304153517820
14.628318794841414174356941657607	9.006954621655539838798176788259
4.068901459311419444020430091769	17.224349860782805166081743664108
1.109442928334801292677980200096	10.267045060387248511801772110630
11.814424000190573593727094703354	11.919879717943912211808310530614
14.615182880285944477805060159881	14.655220298039468573847443622071
5.537449114079497469731450109975	12.575288152866956892239613807760
10.044619368931607894523949653376	8.037194521856108053725620266050
7.874145956512070831934124726104	6.453229141603431529006229538936
4.455972169086718004393787850859	14.282121424288206412711588200182
7.352948889485512395935984386597	18.832243756784126986758565180935
2.747901462854110299360854696715	12.043818394653376557812407554593
2.850083051612938511709671729477	19.291231274830348496607257402502
6.815477199127125906841229152633	17.331575407737670246888228575699
13.092235453477236717390042031184	16.632829521307872511215464328416
12.542554121092940988546615699306	17.698171915453599467582534998655
3.238872524885042736286777653731	14.494125231110507101561779563781
10.446299581678285761654478847049	19.613337094760773027246614219621
19.647768075041142310510622337461	0.132666078809368093160969692690
7.589869172272716291161032131640	18.624502992621312813525946694426
14.448980010617940905603973078541	7.126496967653103808970627142116
8.575419984305987952666328055784	11.272142110914073143135283316951
13.064270505857694004703262180556	11.676962662637423662204128049780
7.722429381879011955902569752652	12.542769942980983799429850478191
2.052523057043466714333135314519	14.368003612076243769024586072192
0.858793236600434939376214060758	10.744351673097636279408106929623
0.289996430779078107065060976311	11.348772663369597779592368169688
7.037244779995945442863103380660	8.590840830458148502657422795892
14.078408831449973348526327754371	10.876797879849711137012491235510
12.511500973839432049317110795528	17.110694893400260951921154628508
16.978951500336876279106945730746	17.952618840307540182266166084446
11.416867437205516111475844809320	2.351524804526244238900289929006
5.803711443490178645276955649024	17.288909600070773819879832444713
9.195893914757373721613475936465	19.917045326529624560407683020458
10.125139799287492081703021540307	5.150924468204711281771324138390
11.035258595348327759211315424182	14.670801744933493537814683804754
6.286318563587231622591389168520	5.259848096311279697090412810212
10.686377467876280178415981936269	9.838194841552413194563087017741
13.993193124172607966215764463414	8.800320508139909847500348405447
7.463698369867812765221515292069	5.189123120651532694580509996740
10.309190096216466869805117312353	10.749082824219556187017587944865
7.361105949272206849798294570064	14.508835869798325290958018740639
3.833715492484012443696883565281	13.271316738055865869228000519797
13.467355803917085310672518971842	4.818555341274286973884954932146
15.045972221450298889067198615521	2.186498392892512576679564517690
15.166959927435906152481948083732	17.734407617693165093442075885832
16.112229792776425085776281775907	13.278232564285813666060676041525
6.566351666731751635097680264153	9.525000915377018984031565196346
0.062680710394867222845505239093	2.991047362638629358855268947082
9.236625775138156413390788657125	1.602045511177466519114886978059
5.351962080744049110592186480062	9.746527824444855880869909015018
5.653467628894040863940517738229	7.519054150757875198962665308500
7.894364169388649266068114229711	0.152848824316641040965691900055
6.410537933232602014754775154870	10.323383057730769252202662755735
13.096604460231404232217755634338	12.445901844676537706391172832809
14.214111196471895581794342433568	6.427376145024957132534382253652
11.684583154713216401887621032074	18.001605033771593156188828288577
8.396980586061204121506307274103	17.892111164482749074977618874982
2.017559341201611289307038532570	7.925751027668752612953539937735
12.954967743765362087060566409491	14.570118527808460839878534898162
5.614597065149137478101692977361	5.063435954939216721015782241011
17.887579969202484164725319715217	9.591427634387535761106846621260
9.609446902537520429632422747090	12.355684305467915962140068586450
0.867937405026982355948916847410	12.505195403042812074545508949086
15.794164797434495639549822953995	0.854224421102995679078162538644
3.371358941491774618981480671209	12.263881598709049924877945159096
13.461825924643592955476378847379	19.919877576356494586207190877758
15.033919865547222372015312430449	9.933820190795774607295243185945
10.007962594965089664356128196232	19.091348280533757986177079146728
3.016565475994393175085406255675	6.974614474211509929091334925033
9.050845551779254094526550034061	16.152967526445934254297753795981
17.073274559657384941147029167041	18.401380103783417041540815262124
9.821564326916956133572966791689	8.855393625549060843127335829195
0.932804880444425554841814118845	17.768786409458432018482199055143
4.517493977946234195997021743096	14.961628731257869517889957933221
6.936152873230772009094380337046	14.218478327399754590487646055408
1.330658396789186737052546050109	4.868396608816582649126303294906
10.183337776519170603251041029580	15.515704993418806267868603754323
7.013663225654731547820119885728	3.960609518017734309580646367976
11.762630075672042551104823360220	12.281095034985451519560228916816
6.900389290333891700868207408348	17.016540416239127608832859550603
12.094414380253962093547670519911	11.000655376992959588733356213197
12.056913810128900621521097491495	13.007132650582207133993506431580
9.976296108849618704539352620486	7.280904188890574779691178264329
1.532954300248682510954267854686	5.987195920187035724779889278580
14.536181180969265369640197604895	5.183719662627162882984066527570
1.835711894588736070588197435427	6.571534022103565853001327923266
12.102744036540132199775143817533	12.253151233010711962378991302103
3.502891406556026154817118367646	2.983574880946531671099819504889
14.613341752305700538272503763437	4.134854988305474599030731042149
15.950062186303513911411755543668	6.950935864896059079853785078740
9.207042356232930657711222011130	18.929998601298844818074940121733
14.613617205323706116359971929342	4.436915816669351642076435382478
7.347232633554980907319986727089	14.441365451364443828197181574069
5.294100436867737791146737436065	8.461543228562364404865547840018
8.102545485929432800276117632166	14.401024857977038351464216248132
0.489837558920590998567945462128	13.526877130364127310713229235262
14.753774256862259406375414982904	18.437582378223662971095109242015
5.028574950286190947679187956965	9.048934336669320899204649322201
9.488357051735652802904041891452	3.209750081303892166317837109091
4.916872127325103924988525250228	7.414607697578763811918634019094
15.073065669436237712375259434339	14.007769804687050907432421809062
4.155342011712394700850836670725	14.256032336741416344239041791297
9.650452843473383168770851625595	7.261331259301772256264939642278
2.824134679258966773574002218083	6.749747364268897875660968566081
3.491322616242885867876566408086	19.386176593645654264719269121997
6.561992676566813287308832514100	17.290206910075610835519910324365
10.552785119196336438562866533175	2.300705838646679879389012057800
13.480911886400077648318074352574	11.579575747451363199047591479030
19.964150812748140850771960685961	16.935170941041150172168272547424
16.512211252645698777996585704386	19.277568135752655820169820799492
9.031513907678199615247649489902	6.810590242518471448818218050292
9.415063498558385646219903719611	4.300278993383074066514382138848
6.985026541428920765497423417401	2.605279677920030234616888265009
15.620091167311091595593097736128	14.240525782117252617808844661340
11.346362167488960537298225972336	5.818557567992128198852697096299
8.793387797350467494084114150610	12.439581424757738759012681839522
