75
2.856264986749329271020769738243	8.974369822996596468556163017638
11.354262233492828926273432443850	10.537534629419475606937339762226
4.047550191669186503418131906074	12.757116106171849878592183813453
17.780294936841922748271827003919	3.028581029534460178354038362158
11.963121679737618308081437135115	15.696992984849407193337356147822
1.567832223021668580642540291592	4.046617105697455585300303937402
13.149075818126224390880452119745	13.851426289820205184355472738389
17.852574299132566437720015528612	14.221900358742317393989651463926
9.328655290881206596509400696959	6.831977777545909624734576937044
17.483457580991032642714344547130	13.780175635356727070757187902927
7.676674448333565159430236235494	8.921299518916210757879525772296
2.817634467457446056926073651994	5.313404820850067267201666254550
8.333605527772657950436041573994	19.374416530209263243023087852634
17.176333344294960170373087748885	17.988867137431583387296996079385
7.707867874646699313245790108340	12.449998105301801842870190739632
19.706258496110084621477653854527	8.839581994470480097447762091178
7.881144437191927920594025636092	2.481160418977213844016205257503
6.150300774875608667002779839095	17.344993433515647041076590539888
14.525185351304516601089744654018	10.991334065382805107446984038688
11.686540819502235777349596901331	12.557068749530900575450687028933
7.709191941880197518344175477978	7.342708237484009359263836813625
9.541872938437371942654863232747	10.807434876798939882291961112060
19.607736993550414439368978491984	10.375236214957288538585089554545
11.843401335934983009678944654297	5.928937312355357036608438647818
1.076202198321016823001627926715	1.273202476105376401704916133895
12.074990463041620714079726894852	7.288401548125891693530320480932
14.755496551457722986810949805658	12.149196232816539264831590116955
9.044577319105124857401278859470	8.758537836285185562701371964067
0.610028033180406215052471452509	5.585414521156953249203525047051
4.276758339599327385371907439549	12.817503082922923951514349028002
4.661894068940288349267575540580	11.267949719623956639225070830435
16.800468793913402976158977253363	9.592619724433339101210549415555
10.989513761911261724435462383553	10.076794127551163882117180037312
10.735880657451968289706201176159	19.152855265731439260434854077175
17.264226712230236415734907495789	5.317512875286948492714600433828
13.562619485195341439975891262293	14.339663063203630599673488177359
14.910963839286583976218025782146	11.483321724561575294387694157194
7.583835444425936600509885465726	16.643615917521167091308598173782
19.521966178087197363311133813113	16.246672715299233402674872195348
14.432050134846020839063385210466	19.082028443079085633371505537070
7.199260122343759782381766854087	11.673752502653371720953145995736
8.713558255123139417719357879832	2.944865079239983529646451643202
19.080999364864332790148182539269	1.464483065476380518887822290708
1.502434440872867593697037591483	19.600073427261886394035172997974
11.794977798486621978213406691793	5.053089575876199113224629400065
13.783835397288040525154428905807	7.527907580756460603765845007729
16.857822289004730009764898568392	4.334891487547805510871512524318
9.620779692553993456272110051941	11.710449869386231114276597509161
15.698277354294384977606569009367	10.162666053497272145023089251481
8.234492880079375964896826189943	2.185088875555671883432751201326
6.418668836797336574306882539531	17.151116114217980879175229347311
12.370795118920922206484647176694	11.945649860556043719839180994313
10.196821172552715140113832603674	9.768465323267662370199104771018
19.227817498869924861537583637983	2.742216653544169879808123369003
10.444326818994378314187088108156	12.009334199259594555542207672261
10.573574992932449845284281764179	8.181267994452058545107320242096
9.298727235100576749005085730460	6.021290905528521086864657263504
7.882517466690814877949833316961	6.244933980758985647696590604028
5.663242918300779749074536084663	2.300486212368523464277814127854
10.924223333760057386143671465106	16.534793635098719022380464593880
14.312066922827208159674228227232	14.689377514115742329181557579432
0.258388721931905207540580704517	8.195632103832913628593814792112
9.179141543385249235598166706041	18.353043205635451329271745635197
4.689106683981741241495910799131	8.779257747663404387594709987752
15.698703046825773554928673547693	15.541686807554398797037720214576
11.826489898824570801139088871423	4.228207469104062532494481274625
19.194318439570963619189569726586	2.636546277355300116340686145122
12.540515232818625790400801633950	6.095845861011397914808185305446
17.485676245412317797445211908780	4.543378243823572582016367960023
4.638381166760416896011065546190	4.589890815328104167747369501740
3.902480244589956903666916332440	14.112475764901137864626434748061
8.426631797184434446990053402260	14.972265870818040056633435597178
15.309919549084909817793231923133	4.095546357575962304053973639384
11.412434960708917941474282997660	2.477955999021619781785830127774
9.777953582081712724516364687588	16.738854420373318276915597380139
12.777798956917020944956675521098	10.126457144627449835638799413573
4.549663537783210642828635172918	11.371881727591064858984282182064
5.123444647895930792458329960937	7.059246852587894416330982494401
4.924936555629022549851470103022	19.145644255135849221005628351122
11.818726446600555490817896497902	15.747236692217844833407980331685
12.630062777294869036381896876264	5.156808289679840839880853309296
6.863084387641610994990060135024	8.754859046773757924597703095060
8.671883889058346284173239837401	0.076474002788741612945955239411
13.858491335035022729016418452375	2.339854007851287054364775030990
18.740692851284801889732989366166	7.978883313366342378003537305631
5.137884024609125965810108027654	10.408617989954731086754691204987
10.513306771872239053777775552589	12.441790907077704630978587374557
16.939590390889769366822292795405	7.919077046282424703349533956498
13.437448541243906419140330399387	11.318684944051746299464866751805
3.528980620549937885499502954190	3.271943339268103656536368362140
10.834142430376399346414473257028	12.217318801863960686659993370995
12.760897355096730620971356984228	11.867729096357370721648294420447
5.520682407763088050955957442056	5.692901183621098759601864003344
3.573526857457684613450510369148	3.067784121298490873641640064307
9.359729958133732097280699235853	8.829708024903744956191076198593
0.869241638089506052367028132721	10.380690991013310053858731407672
14.480249873007782213107930147089	9.395185943753190827010257635266
11.552050999069866321633526240475	9.265780977939485296701604966074
18.573238417919309739545496995561	11.383261249621043020852084737271
16.333249116004900258758425479755	3.610888825724695383456719355308
10.982861738163059328599047148600	6.942108715260450146899984247284
18.997778575139150802897347602993	3.680263423340828676799674212816
9.562328477986868691118615970481	7.647178734556661083843209780753
15.613619670137465433867873798590	9.388874496626501198193182062823
12.345158316662907083127720397897	12.845010131466541025702099432237
1.787648196797760213883066171547	6.728943399647403289520752878161
0.232285376790110076328232935339	14.070289709006710054950417543296
8.175801210270458696527384745423	0.754598881521725717291815271892
9.043205005015941821966407587752	7.059787193140034666782867134316
5.107455210232377140755488653667	17.766385656878583176876418292522
18.390721672150970533721192623489	8.088331846019347182163983234204
10.452885653351785322229261510074	7.900497336876070697542218113085
13.327869898009739202393575396854	11.206501985160068457503257377539
11.551735440019957223967139725573	5.014879572060165102698192640673
2.282349403519416508601125315181	7.292511147957896788796006148914
11.837406517327341504142168560065	18.724482461911620134742406662554
17.416953253176330917995073832572	19.194570760606524117974913679063
2.363119833360709520775344572030	18.497326676962980940288616693579
5.010127771779504968208129866980	10.786756219519549659935364616103
7.742973019801018708108131249901	17.369414956721854537136096041650
13.570336934311885812576292664744	17.940878638656364785219921031967
14.948259734070092008551000617445	17.463495042301893533931433921680
16.920519972795595720072014955804	5.305679934455252322322849067859
13.238004142279999442166626977269	8.670592824687687993900908622891
13.066696269759029647161696630064	6.474470262481578863855702365981
9.781814229515376268864201847464	15.041634033821413396481148083694
7.681499816996457674633802525932	2.342704179095223437911954533774
7.536499685287870065053539292421	11.858667240955174548844297532924
2.658712504268750720370917406399	5.607114413209131065229939849814
8.986042242180245054328224796336	19.589204005848131373568321578205
13.151442518527327152355610451195	11.993152005520610003941328614019
17.360663890656699237524662748910	1.694477289009941101127765250567
16.423378228076114027089715818875	16.333968132382686633263801923022
4.650637394684441261460960959084	4.246467747414234494840457045939
5.640931350818651601741748891072	15.388510915029588232982860063203
17.041714824233778813322714995593	12.834381023891920037272029730957
4.593100221474824884637655486586	14.358316959928330902585003059357
14.028670124468995084043854149058	5.276046939973628724374066223390
3.768157777544299591454546316527	4.382128990890572062255614582682
9.484908570658394211250197258778	7.652624511668893347859921050258
7.720298114597186511787185736466	14.951485625690539293941583309788
0.440831173705225509706906450447	1.399612087645288882598038071592
4.962146589565335830229741986841	10.665809093625975734198618738446
3.029336593535822963474402058637	10.576298169357739809015583887231
13.841064430768364346135967934970	13.293481263430257044433346891310
16.949939174415497689096810063347	13.850950569700477998935639334377
8.058538448996312553163079428487	12.827209379258823318536997248884
7.913206400201950430073338793591	12.402686659737408803039215854369
16.371177072623311232746345922351	18.756437201717560014913033228368
3.688602599018925953799907802022	9.107528236121904541278126998805
15.509806588926608128531370311975	11.386898883160839091033267322928
2.143027805291307874568929037196	3.093520225656450239881678498932
11.117586138060522316095557471272	15.796093693790298928547599643935
3.821887960664309247249548207037	10.644292114094351830999585217796
4.482544101490647747709772374947	13.601197554104642151173720776569
14.422294486238913080455859017093	8.509915484173516730947994801681
16.306221648155982961725385393947	4.899089201331643828041251254035
10.976182424381121904843894299120	12.003605372513783677845822239760
6.775132352426648019161348202033	11.998958016086225697449663130101
1.651359540190369346035481612489	14.480671938657270203520965878852
8.880127148282427995695798017550	7.465073439268252286638016812503
12.778497173074278236981626832858	18.962404363897501724522953736596
18.290998414675389227568302885629	5.069254194465204754749265703140
16.045086783743059299922606442124	12.358762802879303066561078594532
5.310939424136769559936510631815	12.630909115805298625900832121260
2.191108159061416316149006888736	4.734471409100945216152922512265
2.560837258778289715621667710366	14.868705376360397352186737407465
9.146723129107527938685961998999	2.328903552697419332417894111131
2.508447445153329180556056599016	14.997071405284975398330971074756
7.787307414560658003210846800357	0.233773058393551336209270630206
4.261421255166962573923683521571	7.251073576322593972065533307614
13.920617027979950819371879333630	3.514688352386316161357626697281
2.621592341969456896322299144231	14.469550762386214515231586119626
3.683909698251810915792248124490	16.271497491764872478370307362638
11.071070499344211057746178994421	14.068378928581639186745633196551
9.862012168922010602045702398755	10.292394787718919246799487154931
19.399062951025452861131270765327	14.440562449422783330987840599846
10.489596748949036708609128254466	12.754444164550777784938873082865
9.113407966090617762233705434483	17.033659846766028067577281035483
14.469457726801234542790552950464	10.170245085520281946855902788229
12.771996407267604212165679200552	19.071947981605589461651106830686
18.558707290091835062639802345075	13.983919147639911173541804600973
3.945537482482205593470325766248	10.086127980322993735740055853967
11.345845930497819864513076026924	14.902508345240903508965857326984
6.391319308297758183812220522668	7.346757568491736556381965783658
7.229370697471980911075206677197	12.969465473208057204601573175751
9.446481579664842698207394278143	11.492861427299148502356729295570
5.565153295371738195740363153163	12.307195732084748485135605733376
19.182293877182470254183499491774	11.769961208365995020130867487751
7.465340452326802989091447670944	13.437275265640160171187744708732
13.662986670357197382941194518935	19.929468248826175624799361685291
8.879872180181081375849316827953	18.442897766337431164629379054531
7.149378757791128080611997575033	10.159126538721189092484564753249
19.942166358433244255365934805013	8.677113853153572975429597136099
5.454564566774370959478801523801	18.496276623166057362368519534357
16.413282493670912742800283012912	9.045788867376430175681889522821
16.273224828036735090108777512796	10.541428768006761984565855527762
15.737238630095621516602477640845	13.921261750515196098376691224985
9.071741346930439320317418605555	15.918513542048833286912667972501
9.976757723855598669615574181080	2.411556907650989067803948273649
6.403205454357783210639354365412	2.720501011322435935824159969343
8.391265026319008057953396928497	5.102513763297302773480623727664
6.621907350251193591361698054243	14.501162494739887165451364126056
7.800162868365152490923719597049	4.386870172226991826391895301640
9.613208119557969055790636048187	3.272505345967584577948628066224
13.065125408334782974861809634604	12.774251168258013322542865353171
6.774429992676775036386516148923	7.431684210217936126241511374246
4.685337121581334862696621712530	14.539920054673055815896987041924
8.678699303619922034158662427217	17.820403184777866556487424531952
5.446560371462465965919363952707	8.652457559031553557815641397610
17.479203038174688344952301122248	18.660108347371885173515693168156
19.099394536063776683931791922078	13.108984692646060921106254681945
13.393870246681062852189825207461	5.805438959397051235100661870092
8.624450702742107566223239700776	7.557108014050331057376297394512
11.627854137901717734848716645502	18.049660605400006829768244642764
13.543552282000018038843336398713	11.000288171868891851090666023083
13.422766607172921027313350350596	13.119981203261078306354647793341
3.554363645332037968671556882327	8.718040856631668944487500994001
12.585978011798440334700899256859	11.840206314212077032266279275063
9.241379259438691207151350681670	14.824438988097863756365768495016
2.181473449162090183506279572612	10.565796532821295272697170730680
7.415275150556856154082652210491	4.035720858735387217564039019635
9.886547289056736076418019365519	8.782820598032746062244768836536
8.812632383908216127110790694132	15.053384986759677843792815110646
10.703428866682031639356864616275	4.259669194738472164374343265081
9.990281988323442163846266339533	6.486883281033721360131494293455
7.312728010707177261906508647371	7.877553883608924500947523483774
7.205818909262026394912936666515	0.076891136701146001186657485960
14.321213501431987680234669824131	14.307892390136929705590773664881
6.852495749033639782510363147594	5.938650153547201604453675827244
4.213389214647127012369764997857	13.871144189683951353231350367423
5.512956588272231783776078373194	7.043617099498213462993589928374
16.331385567109773404581574141048	19.974489488121001556919509312138
11.663474617286944123861758271232	7.285595659505912813358463608893
13.190187018272405694574445078615	4.901976383846482931971877405886
16.167702980492009601221070624888	12.063133550556521811358834384009
13.527093588581591276920335076284	7.611673676200148008774704067037
1.630457092940826191451719751058	12.618796022920729882343948702328
16.244247536562124167858200962655	5.741670137245894700583903613733
13.630907769312273103423649445176	5.524992115602108455618690641131
12.855295525710671356023340194952	5.103216887393978495879309775773
15.030558345932858443916302348953	9.936133085088188821032417763490
15.745461705503263516447987058200	16.324420312664781107514500035904
19.026891688084873521802364848554	10.885948662678996967656530614477
5.937011150297565542643951630453	3.244280435457620015426982718054
12.124112127493058110871970711742	10.152800598062372117169616103638
16.651186298632637772243469953537	16.061699610230895984841481549665
7.555728053827178491985705477418	0.616971120130806793824262967973
6.951888009535068135846813675016	8.323435761175845826187469356228
15.330053538696127191087725805119	3.787995842165220228281441450235
8.589641159157153538217244204134	13.372725178397802281438089266885
11.643322114855717330783591023646	10.215114873351472724039012973662
8.052215884418725266868932521902	14.883479501736559313940233550966
0.001126674430958818362569218152	18.835866765887651297362026525661
10.875217837327134873248724034056	16.824813039243732504246509051882
12.054485294538856976487295469269	1.994811554804418074482441625150
6.971077913754333721385592070874	3.984242922283340870848178383312
6.209671311234983726023983763298	7.546405953828139168138022796484
9.286955344589193472870647383388	6.926890759273165443232755933423
5.538173586398871250935371790547	3.829697493910098060609925596509
9.942566073682248983800491259899	5.869897530684965225589166948339
11.413518616769657398890558397397	12.328702224829710232256729796063
13.401782432363456010193658585194	10.446855516199541114019666565582
6.873883579199150162253317830618	4.803148418318611057031830569031
8.623790454071102118405178771354	8.573945680719985418249962094706
7.130516344438786902060201100539	4.603647979101973319870921841357
0.621223396498029378776095654757	5.127821580684113200732099357992
3.740779434543111570121709519299	8.618579926144871450333084794693
0.507743222521926051982177341415	15.793480303347610771425024722703
7.846146074353256061328920623055	13.681160395240876681555164395832
12.643498667332981000299696461298	12.845822795936504334690653195139
14.743327693669259659259296313394	1.400160229292910951670592112350
3.887982954747147168461651745019	18.711207061808387663859321037307
2.120400996663204473691166640492	15.045505541983938968542133807205
11.339163643390058666682307375595	13.339822205389864961944113019854
