40
12.949414732633652391768919187598	28.817014652542233932308590738103
25.165278654001046021448928513564	5.193925640891593253911651117960
7.315042057399833375086473097326	1.315108724620638325220056685794
13.877792320736537234893148706760	26.624767275459667814629938220605
2.954457240097428716296690254239	14.176667441761800603217125171795
3.745420129880509207964678353164	25.913087414641662320491377613507
11.130349116683506238700829271693	21.787804365127232841814475250430
27.941058067482646976031901431270	29.082892032981369823119166539982
24.755253996790802517580232233740	24.918493708889577931131498189643
2.142900182294113164971349760890	21.074359982230458143703799578361
8.747955039269591281936300219968	28.337194088255202473192184697837
26.433406601478193209686651243828	2.866753199321633083229698968353
14.867616283913296371110845939256	18.909851295521811209709994727746
19.519729094716687711752456380054	16.324738123801498801412890315987
0.631477303592610228477610689879	2.498653666462755662536210365943
28.665334832038830370493087684736	25.374314205974815905619834666140
14.540110420321154194311930041295	27.925646814770900050461932551116
4.388735685443204914690795703791	0.854839092309950254744421727082
6.736240991435394676045689266175	26.354894563478190150362934218720
24.732606516516369765668059699237	7.279467681240215704008278407855
28.403892561613940159759295056574	27.643439574014895043774231453426
13.691440557286933099589987250511	3.511589302789979161190103695844
17.611274572086159651007619686425	14.071973350744126918243637192063
3.119737745451325316992097214097	28.907749461733370566207668161951
10.907105335137552870605759380851	15.704266765605300548713785246946
9.208646785364621223379799630493	28.785097727497632291715490282513
19.901757351173881005479415762238	25.545933073960746639841090654954
29.273978582978557483329495880753	24.973000931863815310407517245039
10.484974174181058259591736714356	25.694660365604228502434125402942
4.723774158118736465894471621141	18.029733405105602628282213117927
25.794846501943268890499894041568	9.181318134059127444857040245552
15.207860654113460441294591873884	27.180558054439600823570799548179
24.872726861038845669327201903798	22.396643335973472233035863609985
27.083967700950324797304347157478	22.363634565712445123608631547540
24.542670911539254063882253831252	28.997567063790867791794880758971
11.493839856782123831635544775054	27.890041837796413659589234157465
5.951804265876267763246687536594	11.070086213441962641468307992909
4.217781696337278063424491847400	4.970562740253281930336015648209
4.289044294764047471346657403046	15.729269250623582721004822815303
25.789605858345701960843143751845	13.537109059735403349122861982323
