40
12.492965771092368498784708208404	25.624035356576765565250752842985
29.482898577332548484264407306910	6.464825987746550595147709827870
3.069766993712187641563104989473	26.672797079903876493744974141009
14.411068302947709796058006759267	0.680341587864818908570896383026
14.698938482836236829598419717513	5.087144675223304268740776024060
5.727458756382663551676159841008	11.149243228665056903992081061006
10.000659037944744866877044842113	9.473969750312077664489152084570
11.101305748857688726616288477089	11.544457311483585115752248384524
13.018019868951583362104429397732	19.149737344648912085176561959088
4.354569435488092388197856053011	11.817050278925231410198648518417
5.943596603638909847688864829252	26.886999032171729595575015991926
14.299752920594501759410377417225	11.928009721516607655189545766916
27.938352073862855462493826053105	0.196540183771938270496093537076
12.961233253338015458666632184759	2.257088650381460226412855263334
22.319134221867219736168408417143	1.086360901437795067892011502408
16.620680012475965270368760684505	25.515495071455163156315393280238
8.228195380901194511125140707009	1.264206820402608011377765251382
16.342710716286710237454826710746	28.985848736214808951672239345498
15.208752387047358212157632806338	21.518706413701977453456493094563
0.792251604785775276340586970036	12.063953941383349643956535146572
2.723643762803851231524276954588	15.690268396309361875751164916437
8.718738303593774219280021497980	7.951133538330267036542409186950
7.400828899407883021410725632450	21.795097047982359583784273127094
12.823679200660674126766025437973	15.455434119082212873763637617230
8.912559129912290600827873277012	18.151412638472017135882197180763
29.062489128885946598757072933950	0.002567827348197715409128250030
28.035175453108116983003128552809	16.807995351903052494435542030260
24.224022941803880826228123623878	28.289799736299151788898598169908
29.607933269716749435929159517400	29.669446307558558828532113693655
2.530215215252663796263732365333	25.810658988583234929592435946688
15.696883838710123271198426664341	22.863659533237104426461883122101
28.086638182691306298011113540269	10.954032250371096068874976481311
12.823701355143917623991001164541	23.999487053001335112867309362628
27.737695777319689938167357468046	18.752203258804684082861058413982
3.695830135002088567830469401088	2.760052951208307181474310709746
26.129514168663682482929289108142	6.786743371014366310589593922487
20.682999291216287218730940367095	20.577129586569416375141372554936
3.133442045464014391598084330326	13.626668478700223019473014574032
3.146675285694305657102631812450	1.918236562301689485110500754672
0.319707573324423677263439458329	9.704838138816176851264572178479
