38
0.019876387904074643842022851459
0.442236518048877869091484171804
1.787946695589018641925349584199
4.777919286989165570389559434261
7.467099159039200628740218235180
15.396850555218399847490218235180
25.264424162512266747171452152543
33.923517630446347936867823591456
38.048647330153379186867823591456
62.596037314284238561867823591456
83.748514578688542542295181192458
101.798428551901508853916311636567
115.747019217360417542295181192458
131.980298157938307213044026866555
144.698353851555395976902218535542
165.847449685496798110762028954923
174.917975808543673110762028954923
184.785560037059298110762028954923
204.397330666942110610762028954923
220.330451394481173110762028954923
237.041006301753071738858125172555
254.927023147456196738858125172555
280.203518302649058568931650370359
304.317957440336726904206443578005
322.204004803617976904206443578005
346.009003622183968218450900167227
370.095586990229605817148694768548
393.755926345698355817148694768548
414.579992507807730817148694768548
432.466009353510855817148694768548
453.895757888667105817148694768548
479.172259055968424945604056119919
499.743005332143752639240119606256
521.172723349721877639240119606256
544.977723104605843218450900167227
575.242554647574593218450900167227
616.365235311637093218450900167227
683.976380331168343218450900167227
