38
0.005436367874473546635272214189
0.529753620373164757495487720007
1.930836713307034102626857929863
4.715400492285253264412858698051
8.806820904348851897225358698051
16.288830170845912448385206516832
23.796888894026697158778915763833
31.171650475447595596278915763833
42.663151329939786648992594564334
51.033433723892201783201016951352
65.281788414900717043565236963332
76.637449074233998658201016951352
90.559423642121998909715330228209
104.883160180037435793565236963332
119.749233788435873293565236963332
135.320301598494467043565236963332
156.505772179549154543565236963332
177.957580849609200868144398555160
201.835999423409504061055486090481
230.671792621796470257322653196752
258.571747207192402129294350743294
279.757233047036152129294350743294
293.294021948869044535967987030745
309.622393610622566484380513429642
333.183685645158107035967987030745
349.512042048122566484380513429642
370.697527887966316484380513429642
409.837687612755985355761367827654
421.530070425255985355761367827654
441.848185659630985355761367827654
463.256754995568485355761367827654
495.201640249474735355761367827654
524.249436603738217854697722941637
556.194352375222592854697722941637
590.268754230691342854697722941637
626.454132059622224915074184536934
667.575743549418461952882353216410
705.266483020385294366860762238503
