38
0.003120874421806973941784235649
0.252117084285693238143721828237
1.705541969189795281636179424822
4.155914184144279488464235328138
8.745190004658411453419830650091
14.467102131885756222118288860656
19.062862942013410361141723114997
28.416196550240002238751912955195
38.730109895576916301251912955195
51.066641021033611025359277846292
57.617437908444074423641723114997
66.970771516670666301251912955195
79.307302642127353919931920245290
94.827819577100314063500263728201
113.859597719874216181779047474265
125.794572506095263975112175103277
144.244247189405001563500263728201
157.265130672599184435966890305281
182.499231014396059435966890305281
203.546836605908907813500263728201
219.410238899841118609401746653020
233.461848987899202256812714040279
244.643225202496779502325807698071
260.464839416555832940503023564816
283.331473780602777878812048584223
298.851986045393687163596041500568
325.387553649954270440503023564816
347.041225208602327256812714040279
358.222570905621751080616377294064
374.044200378469895440503023564816
396.910819483727777878812048584223
412.431362266096812163596041500568
457.180385703596812163596041500568
488.182918662581187163596041500568
532.931942100081187163596041500568
554.768001670393687163596041500568
599.517025107893687163596041500568
655.121029602810381220479030162096
