38
0.011888226282146696632935345406
0.508188935657732265838149032788
3.001887990504112480039111687802
11.177190697227448623607415356673
16.039260460066117275346186943352
22.119762970136918056596186943352
37.818586480284196227330539841205
48.335996758604508727330539841205
60.455942284727555602330539841205
73.146333825254899352330539841205
90.216670647880803812768135685474
104.837610375547868102330539841205
123.347276818418961852330539841205
141.612747748944912018487229943275
155.172473775645585192251019179821
174.518551258931495340220862999558
187.112236579511318268487229943275
211.027931769941005768487229943275
234.987148671040870340220862999558
247.580833991620693268487229943275
275.860191901776943268487229943275
312.702126105878505768487229943275
324.403628960869070851913420483470
352.682986871025320851913420483470
386.131538947675380768487229943275
411.910562646055666391475824639201
436.165627082441005768487229943275
462.954349175712820851913420483470
483.230051869686008103599306195974
511.001442512128505768487229943275
529.966927131269130768487229943275
569.442813531181627695332281291485
587.824222222587877695332281291485
606.789676324150377695332281291485
641.675669545467258103599306195974
677.080386773369127695332281291485
700.768314019462877695332281291485
735.654307240779758103599306195974
