38
0.000362821937373913883106979483
0.104295883135919531525814818451
1.950226040062801757812849245965
5.548455467081097935988509561867
7.588895075579396021225875301752
15.591625751433269897461286745965
19.411012233672039428711286745965
25.388075299023874720205640187487
36.432908337832117240395746193826
44.524863780913250366211286745965
48.419684947905437866211286745965
59.328516862359499839385534869507
66.985309060831923488876782357693
80.653087075968642238876782357693
93.159812511382000366211286745965
104.068648240533320858958177268505
111.725440439005751613876782357693
132.491492685099501613876782357693
142.658118661662001613876782357693
156.496353390861855814364389516413
166.662979367424355814364389516413
185.126587155510293314364389516413
201.484466794182168314364389516413
229.632571387867415069194976240396
239.799182105640852569194976240396
260.354632545093977569194976240396
281.137118507008040069194976240396
299.315887692619639892654959112406
316.754425290275889892654959112406
348.021484616447764892654959112406
357.440490964104014892654959112406
428.278261781979608713299967348576
447.690035463620233713299967348576
479.921298194508040069194976240396
489.340304542164290069194976240396
519.055758643726790069194976240396
560.150607276539290069194976240396
575.163546729664290069194976240396
