38
0.037814181578099237412970978767
0.250707111833612161788664707274
2.791274684304744901908179599559
5.182672805847584385219306568615
11.702353519019053962324505846482
18.581459997598507527527544880286
26.874569716026858401392019004561
33.296073423414419778509909519926
41.437493127056612252090417314321
55.038680718686734394395898561925
67.734780839573659250163473188877
75.195146134983815500163473188877
89.967338071851912673082551918924
98.108757775494112252090417314321
111.867894737067132382435374893248
131.389066306891351132435374893248
149.416187901356664724517031572759
170.232975621083227224517031572759
195.797930898817668321498786099255
216.614718618544230821498786099255
239.919589317764064162474824115634
249.642321861709376662474824115634
265.455891270497261302807601168752
284.977039952137886302807601168752
311.837603750380139899789355695248
331.358782949598889899789355695248
365.997650666547428954800125211477
397.996904372060100740782218053937
410.819658278310100740782218053937
430.340806959950725740782218053937
482.164588800812282443075673654675
501.685737482452907443075673654675
537.824662186285536336072254925966
556.461808182379286336072254925966
575.982987381598036336072254925966
599.083695389410536336072254925966
646.293656326910536336072254925966
673.892716385504286336072254925966
