75
11.085191898679456201648463320453	14.861482193677080232419029925950
18.134892873884808750517549924552	9.544472636531210696375637780875
16.647981759608139640249646618031	10.300836741912149818745092488825
10.107142280740525563942355802283	13.474943530433710847660222498234
13.225354227078776503390145080630	10.286540859048642460038536228240
7.370227128679465167238049616572	14.211218124586192601555012515746
9.876401313637121148758524213918	5.955228466844659784840132488171
17.203486903922957651502656517550	4.347476361590056903594359027920
12.081958124126824571931138052605	7.678209561092324442199696932221
10.850766721420820104526683280710	1.227507739504467565438972087577
5.041106607720527321703229972627	6.969740196583154023812767263735
8.242982679843382953777108923532	13.044713865768423843860546185169
11.075844028381283123962930403650	7.584201987523554677750325936358
9.253792854724412819678036612459	10.182504531304021000437387556303
7.489591306078635213339111942332	11.670887911086024857354459527414
5.715971215997149634802099171793	6.831653400430765188389159447979
12.991280254408446026559431629721	8.729313391132475175027138902806
12.759799938536341201711366011295	14.071131167956675511732100858353
1.228202589684359580246564291883	12.123801173441828282761889568064
15.870324562210040397758348262869	7.414435064654834484088041790528
14.223802000844674608970308327116	9.772383537174903267441550269723
10.470881814048293989571902784519	4.163950308483570950102148344740
11.609682406311387481423480494414	14.079551038322371425692836055532
10.849098186009088706782677036244	16.543565460663643307270831428468
4.947644096315026551735627435846	6.133174003260743134546828514431
8.120756497064824941389815649018	3.455041154746945508691169379745
12.453081929455640519677217525896	12.775540946650867368816761882044
14.635011438993505095140790217556	11.247977816463084366205293918028
14.649931631633197781638955348171	13.990804163427736028779690968804
14.781539084473912737394130090252	13.478138982939370293934189248830
13.686980815375175524195583420806	6.721248093265510092919612361584
11.044712035856143472756230039522	14.930014700982589204159012297168
6.269998068679042191320149868261	5.775459910902900340090582176344
4.624123207759323506138571246993	11.743194823231261736395936168265
16.379718959794459465229010675102	10.823129601605245397877297364175
10.716476686818806385304014838766	9.713474049752635508525600016583
6.013970725095219904687837697566	9.672962667880087295202429231722
10.873942250004727583245767164044	6.158550542999501331564715655986
7.558260169902718317302969808225	7.278223734012354562139535119059
13.672469831950083474225721147377	5.153337884575416083521304244641
12.699376231286464644654188305140	13.738103010876141496510172146372
14.026010900970630856932075403165	5.178091214633009364831650600536
9.481590716452895861721117398702	10.593473704907623300641716923565
15.475057391682746299466089112684	13.355912717849708570838629384525
10.706225783480840973993508669082	10.275142666078858511014004761819
9.510941044060126969839075172786	9.917987975717490911620188853703
1.745549959090261893379647517577	6.149821894209930306374189967755
1.106633627226925042918992403429	11.020696322853396509344747755677
8.532068547717098994098705588840	5.709403394498903772102949005784
4.982286916290948219909751060186	16.015851878457720403048369917087
7.089703825256512104147077479865	9.824673545210446334863263473380
5.579664904824384485948485234985	9.387599315022375989769898296800
8.941813388249983063360559754074	13.271180753347522340845898725092
12.447377197376697566255643323530	6.484578383234138598822937638033
10.771528094498959760016987274867	12.824763101633706696702574845403
11.213374387268562060171461780556	9.931721227538290008851618040353
9.750871774815323078655637800694	8.193437279311099885603653092403
10.606571740863513397812312177848	16.812095487686303130203668843023
10.744633891011908133350516436622	12.609589286937662677701155189425
11.054203465474135015256251790561	3.569108221423396010152373492019
13.519170893082323559042379201856	11.167918719261441751200436556246
10.219659064517799151872168295085	11.579313190811296507831684721168
6.161684988853780353679212566931	12.776496248676636469099321402609
8.092778612576623231689154636115	10.787856420606864560340909520164
5.361138515206252286304788867710	8.768209298238311077966500306502
13.576441384415744551006355322897	7.978941934278488190557254711166
5.482743777990988220949475362431	9.129835555542827663089155976195
14.437745389161056763782653433736	8.253633305002434639163766405545
14.029503122851384233626959030516	11.607806213329885380858286225703
12.423983951036692729985588812269	15.472117017242187131387254339643
14.946881117493990842604034696706	16.508847035974135053493228042498
10.102661050182700108734934474342	9.841936848150178107630381418858
12.229790651693633662944193929434	13.462413886867860668417051783763
13.117203830686898768931314407382	9.528840556293948438337793049868
7.555514154159231665630613861140	12.556413075920982436173289897852
11.343087711611708812142751412466	9.479459348448376232454393175431
10.431583562786221008877873828169	6.325083555731189299820016458398
13.089270768655840271321721957065	10.585177140460409361821803031489
8.831471681573248133645392954350	6.005108905613582237492664717138
5.745964257064264835150879662251	7.371741710945506120822301454609
13.602838222895956121760718815494	8.468826917496842909827137191314
5.225781705079677763592371775303	6.255954147123031994226494134637
9.526549125156135389147493697237	5.638352494494148992032478417968
14.105884379292756847235068562441	11.998262398036215969909790146630
11.194658226238873410807173058856	16.707424440910024543427425669506
12.176993452420383334811049280688	15.758599607782610263484457391314
8.077690334329568955240574723575	11.633409615064319808652726351283
8.075717310626497891234976123087	14.510495548142824162596298265271
15.959663295318559761426513432525	17.508322402477549672994427965023
12.509683569791397061976567783859	8.382528591477980128843228158075
11.827941622316490821731349569745	13.860561958486250944133644225076
10.919509613651195323313913831953	17.453483246353080460266937734559
13.004969698978346315243470598944	10.346699502313773777473215886857
18.555594393453738177868217462674	12.268297480225571760570346668828
4.730557919962999235963252431247	10.107887146446133286303847853560
11.965726295902136655513459118083	7.084447823720156023341587570030
11.675117103913079219523751817178	8.195310928015548057601336040534
13.673809383626105429243580147158	14.705391314240111810818234516773
10.883497090750141822468322061468	1.911428803305433632431231671944
11.956928315231072801338996214326	9.814899030414883540629489289131
