75
8.141060912883517630689311772585	7.213240245473567568978978670202
11.426993310142909976434566488024	9.643947254190351259239832870662
10.363455716758615210437710629776	15.857860054855841269727534381673
13.252608428540822771424245729577	15.529781680582047442840121220797
4.437859205179237598315467039356	4.134158516062051091921603074297
12.351353324530428778871282702312	11.096641799057616495360889530275
9.067367942087923182725717197172	4.801528440920401763492009195033
9.170600207615750676382049277890	4.371463981922426356163668970112
5.237739803798010740365498350002	9.956645745414387960181556991301
10.406963235888868624101633031387	1.662873297850669729314176947810
12.583007012048314621210920449812	9.791336701011625009982708434109
10.793206488880668914021043747198	8.115846869478687608534528408200
10.810109538931419237428599444684	12.168551673376331478948486619629
8.511856123996206946458187303506	3.539896197857700599342933855951
3.977042092934983230634315987118	12.295874152573095017260129679926
13.903896066795745412036922061816	9.129118421179185816072276793420
7.260875950714330784308003785554	14.820306960565531539941730443388
8.446494038381494817713246447966	6.015439812596778068609637557529
10.804444421544484811192887718789	16.779476143054679937449691351503
2.675925911384204880505421897396	13.275827558848524390100465097930
6.770221661009314217949395242613	6.912644298851255086901801405475
14.651025678925853057421591074672	16.511334041490556501230457797647
11.326549390672159489668047172017	9.329798446621238028342304460239
0.130763863847032979492723825388	1.404903471708301765374926617369
11.087105150516553209172343485989	16.292252750043392239831518963911
10.028116688885797103125696594361	17.155819785132607080413436051458
12.797750713836371971865446539596	12.709330267987841267540716216899
8.728131892431616023486640187912	8.985659698106573500808735843748
6.230296093107988042447686893865	4.320003819128922728509678563569
4.587372630424828123807401425438	17.042696652705899396096356213093
15.387088956637768433211022056639	13.158570059331674784175447712187
1.204063863246016552466244320385	10.201066199926872357650609046686
8.817810934414515244839094521012	10.562129558078284574662575323600
13.480373418176744948482337349560	13.349429621341194263095530914143
10.959514263135835321349986770656	18.176398824354340177933408995159
10.617155378010354027651374053676	6.131734932122691716926965455059
10.902761140091786984385180403478	13.778600129920739902900095330551
15.792055902829968516698500025086	6.621392454068471877803858660627
12.395045025981785258295531093609	12.182176218973172154846906778403
9.567574917922708976902868016623	19.665402855307959839592513162643
7.363940891915195408046201919205	15.434883723255470755475471378304
15.742124030963012160100333858281	14.155303004908187602950420114212
7.788056227611398263377395778662	4.678421765501702189737898152089
12.758122228905051542824367061257	11.063050771863679244688682956621
15.830636418572774815061166009400	9.398676080830982826341823965777
12.369968840343570803952388814650	6.282011863811325369510996097233
10.645919523037141729560062231030	8.945200782880363021831726655364
11.304518498647270874357673164923	16.859708228178106992345419712365
7.798581334819071564368186955107	16.750626458363406356966152088717
5.408077948892401565217369352467	5.934492300736569525554386927979
7.053867085475960863050204352476	7.059760519348584395515899814200
18.918790555290023291945544769987	18.981252719577682341878244187683
17.562749427902147658642206806690	12.262215693332299437656729423907
15.270173278830977636744137271307	11.092991661502113132087288249750
14.998782075733313234877641662024	14.913425630795114074089724454097
16.260588988062519177901776856743	12.556074592472702633472181332763
9.420865492036844202061729447450	7.885877542255496308598594623618
15.307986446665971413949591806158	12.367494957302353597583532973658
10.320945625387119903848542890046	10.696531068028633626454393379390
2.769746350892950736977127235150	10.993718728614679136512677359860
9.033466572261513505281982361339	14.677949568421126969042234122753
11.791709499978457742486170900520	14.431011101442486221912986366078
8.249650322708216521050417213701	11.333865334382126732748474751133
8.898509922869072497064735216554	10.286751728376110293083911528811
7.242207601611040601596869237255	13.008044575366190187537540623453
7.466782223328403134132713603321	2.785075750158269691780787979951
8.046272833517056355390195676591	10.954399469870697458873110008426
15.347357695580612357844074722379	12.692970564141827338744406006299
8.758205375023770500320097198710	15.996431323300775773077475605533
7.653857427937332147394045023248	11.397270156944198760129438596778
14.926950158999414242089187609963	18.286559690980446646335622062907
11.774242146935890218628628645092	8.695703550571773021715671347920
12.517257758268385714472969993949	6.186285175567512339966924628243
17.740939872632246476769068976864	14.142924696515883908887190045789
8.114155380948577800381826818921	12.071490009831791212491225451231
9.739305612080393359519803198054	6.587534557814660018948416109197
8.075870950632356937148870201781	8.326894535406164976620857487433
14.718085067276003741199019714259	7.498636988363172051208493940067
7.500496367103720807278932625195	6.052678829683785899362646887312
15.669668202885095098508827504702	11.524267936981694049336510943249
7.419495297768376573799287143629	18.390859238703697542405279818922
14.760860413943953872717429476324	6.715771477085089813385820889380
14.832195335939378111334008281119	7.950285618855486902134543925058
10.038909643725322240470632095821	3.410840206261076978933033387875
13.794839988003982256259405403398	10.638337506266898557782951684203
8.688420222440367268745831097476	8.604932516820220200770563678816
11.737586296516493433728101081215	10.618939218775340194156342477072
12.433103724025940550745872315019	15.883139027966326040086642024107
2.975976791608449190107421600260	18.795610785050179458721686387435
7.820030108753856623593492258806	6.448062165563934300394066667650
9.630873565559907589772592473309	14.410890011770042917760292766616
8.279875094871504970228670572396	12.125049626121747081697321846150
9.042929425980913649141257337760	15.817999533160044478563577285968
9.562353230827156380655651446432	1.826594436784365171888566692360
13.562973059296574263044021790847	7.455342318279266855540754477261
15.477821552587448294957539474126	15.230519290885649041911165113561
7.369886522903020598107559635537	11.392294322511352433480169565883
10.993482204834409188265453849453	10.088730640342246758223154756706
10.033951082331125093105583800934	11.759265603408566747134500474203
2.463251093651100731563019508030	12.379443665363334403650696913246
11.358924171951629844556919124443	6.335757961142657102016073622508
13.379953572529529992607422173023	9.576831320140804848506377311423
9.758223448206159389428648864850	6.314518928237834671790551510639
2.554800194887614672722975228680	10.200962046863091714499205409084
3.030487647206303591929099638946	4.746737929135009359526975458721
5.635510505207739662125732138520	12.861388115418524336064365343191
18.104205538686819920712878229097	13.029590998386989753043962991796
7.763919621500421364146404812345	12.069476766090483366156149713788
9.489907195152621710576568148099	3.583975511647684797367219289299
1.528358647920962098964992037509	5.776116601638674019625341315987
6.164773854450773526991724793334	5.961477591064388903419057896826
9.672866101677136896341835381463	12.004889414648070911084687395487
12.816952046701924672333916532807	6.086282732703512721172955934890
14.678416536992425989183175261132	9.279100803706645805846164876129
8.419467356908274524585067410953	9.587752866554520636555025703274
10.881227081907777431979411630891	12.617614818171414725611612084322
10.400543169724796754849194257986	10.461441964733770859652395301964
9.228985369238275282555150624830	9.014407045175936161740537500009
10.744974269329716776155692059547	13.390960037656164161035121651366
8.027747378686644452727705356665	13.296792257518339042121624515858
10.204935369950277390671544708312	6.405356676772570700961750844726
11.635827642803361570145170844626	14.437558622769191885026884847321
16.277855560219034458668829756789	9.857059853425729656350995355751
8.776188567586148181476346508134	12.019347931076159952112902828958
11.460422428323800758676043187734	11.904324655070194438621911103837
9.527367659406971611701919755433	6.886958725446696405469992896542
15.592403745587265717631453298964	11.888356794506309555004008871038
14.599283698754973670475010294467	12.773452728742537232164977467619
9.352855924749189142630712012760	9.784039309702629694243114499841
9.520796997905323522104481526185	14.130233022118543928513645369094
11.272812280466327550243477162439	5.241400520013438146804674033774
9.143122846878346976495777198579	9.914814812081331751869583968073
17.824789085237739527656231075525	15.069463250064600856603647116572
8.331814507554895499197300523520	2.511019938236056958658082294278
12.386162743719918211127151153050	11.404362719270377368729896261357
12.467484598304061194085079478100	13.100057928533747286792277009226
12.541220024318999293200249667279	4.125427689237492145934993459377
3.002018090690916629625917266821	14.706726631923810799662533099763
17.375973368257518814061768352985	13.065535431764978113733377540484
16.173239312260932365461485460401	15.858496729915561473944762838073
17.786700033117512020908179692924	18.320975384918916972765146056190
9.909011084734636654047790216282	15.893428778687120228596540982835
12.954121310511764519901589665096	8.460140023754858518145738344174
16.419256012249086040810652775690	15.723865606421455254348984453827
7.403281597825044357819024298806	5.427507413650644707558967638761
16.474824451355097210125677520409	3.992941663362897131150930363219
8.485455650243270753207980305888	11.858888179225122172510964446701
14.358158451739193139928829623386	11.507226310730416685146337840706
9.631004800753466099649813259020	3.025216235181375168394879437983
10.687455817210732789135363418609	7.036061060272781553237564367009
6.546441923091990133798390161246	18.140572478446195248125150101259
5.825471235440143225048359454377	17.751177294192459044097631704062
8.975812086839059844578514457680	11.791746855368760549254147917964
8.112379216029410144983557984233	15.100697936074849891951998870354
13.083012967968480566582911706064	10.223249332188743210281245410442
16.851559829770685894345660926774	4.811646873374562538572263292735
8.016957727914988396378248580731	15.257961909856687654496454342734
13.361814096009151597854724968784	9.888750541908423841164221812505
12.184548570260957944810797926039	10.426277185019607429694588063285
6.068018836903397605908594414359	8.601233079659991176413313951343
12.511279409835708520404295995831	6.993132651632346430403686099453
8.695092614740692837926872016396	9.128034759381675300460301514249
8.112727003457479213466285727918	6.378227356618191734582978824619
12.727006069834208901170313765761	7.380968699646265562819280603435
18.367543518120864831644212245010	14.312038490543042001945650554262
11.222954259639028151696038548835	7.958913305534597526502693654038
5.147299041005148900751464680070	7.403685920328365810405557567719
7.766910562294738085142853378784	13.226904307361099455420117010362
12.862993042569780044459548662417	10.156600297139174671201544697396
3.222282724924530050714110984700	10.788850262123677481440608971752
5.217105790653508101684110442875	16.563426202078883164858780219220
6.227264468256445084648476040456	10.258075814281122362103815248702
6.751301504497863703591065132059	10.224036795442900782404649362434
12.054367599755368090086449228693	18.585496285120278514568781247362
9.320040040332397524025509483181	14.015073290811319139947954681702
9.058234407275641331125370925292	13.874623919840260555247368756682
6.796480750658915326312126126140	8.919580407343293160238317796029
14.750237450960472784800003864802	7.266925836988843201424970175140
11.765825446173153068230021744967	14.233860903805503284047517809086
9.116206090216513402424425294157	3.235075902536511449625322711654
13.935184645608831743857081164606	4.621395751193526635347552655730
7.167745494905615188940828375053	12.244588753606675979312967683654
5.734219795873604752500796166714	14.355653030401969161289343901444
14.833896721663695217330314335413	13.960224948377241815933302859776
12.086903097225219383403782558162	1.854469268086566202669018821325
5.129608719574414443798104912275	7.532084600549816322256901912624
12.405175226482565875585351022892	13.419469721678794371655385475606
6.800662706597120354956587107154	8.961060029115882841210805054288
10.267055405508102694511762820184	15.506848032358115929696396051440
12.553735493366604103471217968035	1.934614364849382539546240877826
11.826504123915031030378486320842	10.808551409726918635101355903316
8.821015733807060499316321511287	17.141744433925360624471068149433
8.862789402470893307395272131544	16.325681993292711524645710596815
5.577688368874005320208198099863	7.112822339654764292049549112562
9.238828206655254504653385083657	7.840061547787179563329118536785
10.307150978187232581717580615077	8.765718884843751723678906273562
14.256906786579076396037635277025	7.486861287728794778217888961080
5.289775591752188255156852392247	8.116203561876327299273725657258
11.544100003664652831503190100193	7.340742278430523626298054296058
13.387020459352161338983933092095	6.368401351834799939410913793836
3.966090789370215752285275812028	6.571229014928389844385492324363
10.513129041102237337668157124426	11.769478609769336685531015973538
3.540380481818539593064087966923	4.182203169263649655817971506622
15.516373569630694362331269076094	17.609216034287758390064482227899
15.860398727187540401928345090710	18.385022123977609709299940732308
11.302508092374370818333773058839	3.226450408128750169112208823208
14.253603930959641843401186633855	13.119499535060256789620325434953
12.239483744852856617058023402933	3.510378684665354853677854407579
11.669511948998932737708855711389	15.539422840375433310100561357103
7.899863480774667934269928082358	9.885334981216129079939491930418
17.200979956517020497130943113007	12.021831060136214830436074407771
7.823033100690578223179727501702	8.365604480889402339016669429839
13.672304628791021485767487320118	1.512187864287692917741878773086
17.421123627877481254699887358584	11.431024137955315467252148664556
13.879748952476184342685883166268	10.167615575951867157300512189977
2.448291885336030482278601994039	4.428787457452899367638110561529
11.363331242469659088101252564229	10.858438067120289360900642350316
15.871296694016281847439131524879	3.492619760950322671533285756595
9.118766042213165334828772756737	16.052952685933917109650792554021
9.930360857003762475869734771550	6.755282799315788011540462321136
9.529709787652315355899190763012	7.215425126881831019431956519838
9.265666287748860696638075751252	15.510876402304981880320156051312
11.744977643063469585626990010496	10.544469683384226854627740976866
10.563944458379141977388826489914	12.282088935381759498000064922962
14.060642954950052896379020239692	18.867470659317085335260344436392
