75
5.670884755972509516652735328535	8.252993190127792644261717214249
5.242852615766973478628187876893	6.164052012132670732569295068970
19.789962903230090773831761907786	10.422054168212923741521080955863
8.253442426719045599270430102479	10.992551044862834075388491328340
8.272761325541026167229574639350	15.040205797957277411569521063939
3.020058505759108946620017377427	5.630070050186178676199233450461
6.417192652445903533475757285487	18.718740626665962167862744536251
8.936606278414330972736934199929	12.778429327139038562677342270035
9.487185206184848951238564040978	8.833059141195962027381938241888
14.796281886618972478686373506207	5.297780150627246165129236032953
17.547651017575514487134569208138	6.483489461455245184140494529856
18.742736622877139041065674973652	10.508023515727224150850815931335
9.661205102482121276352700078860	11.586709364133179533951079065446
9.616412149665006126042499090545	9.391522128662471047277904290240
16.465207049236457947927192435600	8.123666685175331636514783895109
12.963092148634967060161216068082	11.874065099943569734364245960023
18.190900640331385318404500139877	2.677403874841960629282766603865
13.211226254097848453739061369561	3.833143406022277765998751419829
13.374295946298985882094711996615	15.257224178303212980267744569574
10.992945947907230674900347366929	9.646949298010897067001678806264
9.924908822009477660230913897976	12.125182142483705405311411595903
9.136158018259935786886671849061	10.123494754403074225024283805396
11.068676173506114324140980897937	13.916386060129186219569419336040
12.594184684306004129439315875061	14.205401150329391768423192843329
14.749330555832614209066377952695	9.965324860425495145932472951245
10.933357951605678692885703640059	7.813797125018128397755390324164
9.396126010194125299790357530583	8.924527372904272226605826290324
9.819742415036591509647223574575	5.062558932184876958615404873854
4.113756697350838820170793042053	9.537264248239326391853865061421
5.166726087545351120411396550480	10.779031768575912053620413644239
9.617863061582657024928266764618	9.841844590883836119132865860593
14.407082567312457399566483218223	14.030660971710917195309775706846
8.689848186611145663960087404121	4.880822158438074431785480555845
5.223380582427711971149619785137	11.021648276872511473811755422503
12.201224291244738395789681817405	16.337179382673014060856075957417
8.292699264433446515454306791071	11.992450207530797712252024211921
7.550807658751496731497354630847	7.278419729101663904202723642811
17.091509879414033434841257985681	11.780924613575651349606232543010
11.295018898098515336414493503980	16.072005220967692906697266153060
5.300857328897932596589726017555	6.356074378329070739823691837955
14.556872120884410293228938826360	6.531935968239135803514727740549
2.487783185414164321969110460486	8.240643687714099385743793391157
14.736935735348039244740903086495	12.373896142042822177131711214315
7.894788837143943638352538982872	7.040133174208304644992040266516
12.157663193366351706004024890717	9.144364837842598348061073920690
13.016149810684417786887934198603	2.990690601220728161990791704739
4.543254370220750182340907485923	13.932184650497728028994970372878
14.751299252747873680391421657987	10.496530422117496428313643264119
10.477792200198155825319190626033	2.770471432346865547913239424815
9.891284872298438557436384144239	12.707663841590305153772533230949
5.329881395688830458823304070393	13.195119836669178425836435053498
12.879787088911474057795203407295	9.229221253764448462675318296533
5.792607592126912230412472126773	9.356964257834659903778629086446
1.205029517277569794941882719286	12.643450273059318789137250860222
10.781178727390663851792851346545	15.239070761231221950993131031282
13.034610824727449696069925266784	6.225072201474111110997000650968
15.910233936221647610409490880556	12.702374096006998627217399189249
10.662450856124975118177644617390	8.329815757645814500165215576999
7.660221156905120842850465123774	7.529721561049415257116379507352
4.409342168758970004205366421957	4.113768723943863392378261778504
7.420376803174713487010194512550	7.261696614643160074820116278715
1.826894863906266763819985499140	10.377396916802455351103162684012
7.305991739661861217314253735822	6.246603956444470640008148620836
9.770686886316180874700876302086	16.561861210899699869969481369480
7.878265487758584484367929690052	7.831560424949810084171986090951
6.133528625805105605195421958342	6.786209855984328243039271910675
8.638965146320018106962379533798	6.922601543846601757081771211233
15.212751510500833518335639382713	11.860049045166132231088340631686
14.071722408736501819248587707989	19.136968533981487894379824865609
11.831671935971495912554019014351	13.228682009471327774008386768401
9.045113059615843553729064296931	12.735825840447649426323550869711
17.378649528687901693047024309635	7.707376796423808684721734607592
4.989796063630500988494986813748	14.093709311376578341423737583682
11.049915434814549186626209120732	19.069352001777957639205851592124
8.469908800930898706837979261763	11.774867193289368927366922434885
7.689018392233289311832322709961	10.361720008875929366354284866247
9.173275563999643722468135820236	4.854802704801697288417017261963
14.242595084221150614212092477828	16.458900664281504333530392614193
10.147598672595778523941589810420	4.542015495426828586289502709405
0.630567696339067396138489129953	12.241705939573973793699224188458
12.924582918482419913175363035407	10.801440915594133329591386427637
8.144204730208814524416993663181	8.187697913444200281674056896009
12.619687326484637424073298461735	8.292641545454605633835853950586
8.727075082348854095926071750000	4.169065776577725479512537276605
8.303158367566030761963702389039	7.448559168872304070418977062218
9.422091056256720165151818946470	12.697383969354664401407717377879
6.540486309762943761825226829387	9.566233621316582613758328079712
10.779726620785877955199794087093	9.627839414513823967922689917032
11.040571599953796777526804362424	6.657359829553854524419875815511
13.198352218563666582440419006161	2.364612777758352102353001100710
8.711398410493778499130712589249	8.579549381275784369904613413382
16.009189463425265387286344775930	7.534020000939081640467520628590
14.840372587765337186738179298118	18.079062112131651929303188808262
11.208359076877073334799206349999	7.193927574436145278014009818435
6.176383157345854968411913432647	6.489308043813774240504699264420
13.705732651877926997485701576807	6.630934764199536424200687179109
13.374557584098120344151539029554	11.951098513030059322659326426219
12.469939068521583180881862062961	13.839409741293719591226363263559
14.155841663656918427705022622831	7.128444286355406944721835316159
6.363248612593552344662839459488	9.660063815295119482584595971275
7.076294925403400881691595714074	8.359104692616075027444821898825
11.800860870718722139827150385827	14.976977994290910700669883226510
11.398208113984699352272400574293	7.731799012434013462780058034696
13.904035874147337992212669632863	5.062636706930343954979889531387
13.268817765126854624213592614979	2.830976320760697717560105957091
9.007442915765480506706808228046	11.225250608906851113033553701825
7.336287116258604967811152164359	8.950407735289608979201148031279
13.238473799669908004261742462404	6.009539195432893166071153245866
2.818571055186771978640081215417	8.058362412320365208984185301233
0.862828613136944255757043720223	17.676583434693238672252846299671
6.131497379074620113215132732876	17.543173715786828381624218309298
11.675580979802672842993160884362	5.916188514850472479622567334445
12.453284055244282058083626907319	11.370013605321792837798966502305
9.199450596817824177264810714405	8.238529530204475648247353092302
7.202277711808060089992977736983	9.217682422381495044305665942375
12.690558702389239442709367722273	17.854573261680279472329857526347
4.894245785139109905514942511218	8.124567741066655912618443835527
12.021603236221652721837926947046	10.916994213453133255598004325293
12.929809496037155014391828444786	8.761699590670463777541954186745
6.355353127643805777324814698659	12.064435444850190037868742365390
6.721912028146059370214970840607	11.007227266923722552860454015899
10.393528309349544969109047087841	7.159667738789552871025989588816
8.108114817218075032201340945903	5.873474042196846767183160409331
11.899649398862514715347060700879	13.965559424178456637832823616918
11.436481529215342334282468073070	9.112115334183000570078547752928
12.242573843202153582865321368445	5.242835481975164135803879617015
2.139089191158000780035308707738	12.052718304094216961175334290601
8.264046637272487672021270554978	9.970505887387400179022733937018
10.463105382419428224238799884915	9.822949070199010535020534007344
11.600570743244302818197866145056	12.039016521748157728666228649672
10.227209327695131690916241495870	8.828717800215796884799601684790
7.889264683916955789300118340179	11.306945391349151108784099051263
8.005711317177928165733646892477	16.386104674009949633273208746687
9.579115225355202767332229996100	7.997039241956221289342465752270
8.584695228165553970711698639207	19.974535644101486298040981637314
11.912056507731731969101929280441	3.834239324019178773994553921511
16.209983893840732349644895293750	19.015257798722764448484667809680
10.573996978534861312937209731899	16.054878645531744041363708674908
6.453562098490619014512503781589	3.511022380742360837757587432861
12.989338051144681429605043376796	11.381070934599783583962562261149
14.118491707065768281381679116748	8.859274885282490075155692466069
7.351196859988240461802888603415	8.770742439969518855491514841560
13.302953309573842588520165008958	5.535966502297483771144470665604
14.620841978842250341585895512253	9.649057545850338257764633453917
7.208718443655761198840536962962	2.743633897699861101671103824629
7.196500795917541992707811004948	10.481182323759593799650247092359
4.220253945634206083070694148773	9.808708496305449386909458553419
11.767432286056262569218233693391	7.571645260209710848187114606844
2.480328798606833196060961199692	13.777363132898857500663325481582
7.770278915337609504376814584248	10.275193812073482035884808283299
19.870179317525046513992492691614	4.444277018840211646022453351179
17.549194994831676552848875871859	3.729109216566581785912148916395
9.508031149461446673853970423806	9.341406497039592693454324034974
2.770902089125847567174787400290	13.398332157859796254228967882227
9.310087202957816998605267144740	10.314138110608032761206231953111
14.031653146948292132378810492810	13.420424275753978449188252852764
13.813566036120391800068318843842	10.997638291132213694822894467507
14.282556880164580803693752386607	4.207404062322327220613260578830
6.694169578012523658117061131634	7.948071664592715634967134974431
7.577187656697747186740343749989	7.348856216311231648319335363340
10.866184714177835601844890334178	10.017129050643456267266628856305
15.308442263112880254993797279894	10.579981676047909289195558812935
13.929841574101816448205681808759	6.661594143805682932679701480083
7.836405010917644631263101473451	10.790955199129513175648753531277
9.039396797780362646790308644995	7.099641330722499255045931931818
10.817441954798264092119097767863	4.058840471299985708242274995428
7.548131873438835626188847527374	8.034665657443792241565461154096
6.314641879635633614498146926053	13.319410655528727716045978013426
11.808725427104910465914144879207	8.259414754152128779196573304944
10.663372468268788040290928620379	12.017931499485655422176932916045
0.752685458482075020469892479014	15.948162235901115479919099016115
3.031610391709075535970896453364	8.251800362617043305135666741990
3.120003477576133832371851895005	12.297329650505108844527057954110
3.737418928525588768252418958582	11.947357024339034126114711398259
8.849976578446970165714446920902	9.172911313807162514422088861465
8.984858289454544788554812839720	13.184528752846539134679915150627
13.556292989207603838508475746494	7.469035407986591934559328365140
10.843702096579496796380226442125	16.517370028160240025272287311964
11.202765003954336719971252023242	6.558114877737949655056581832469
16.994720464380851154828633298166	6.885564810364785515162111551035
2.843649525065065297724231641041	6.345070620672489170033259142656
13.737221422680981675057410029694	17.162655929998688719706478877924
13.035525206376421536447196558584	3.512939907300623332275790744461
10.943151241319252875427991966717	12.779183677962945964168284262996
17.551353069605671208819330786355	11.415438308173593284777780354489
9.482961231311138661226323165465	8.008618175996616628253832459450
13.795889625485555640693746681791	11.984139099415315854457730893046
0.696428555959966999466814741027	5.645743664154025509560597129166
7.695502219802639487511441984680	10.539641536761704898594871337991
11.576628768088523813162282749545	11.994119844130750607291702181101
7.392165489205326345256708009401	10.683854988155831122753625095356
12.959299496405401797005652042571	6.949318361853465297883758466924
9.972543633871131518731090181973	11.619620267967370352835132507607
11.991437839010911758919064595830	9.203737060263092573109133809339
13.042816464370801554650824982673	15.173585955311136075351896579377
5.232203676095669386825193214463	8.662332614598273750061707687564
16.371809029906870591730694286525	5.550349168279975486939292750321
11.064883536986567236226619570516	3.991639099900245568619538971689
10.551003722116133687336514412891	9.763941464910715239966521039605
5.675599683576848519805935211480	5.280263163183831487401675985893
5.465051837318662286691051122034	9.564744716847117800284650002141
13.575251878201040511839892133139	10.995249786215245180187594087329
12.827507798137350647493803990074	7.319384522283037597389920847490
6.404796019417535291040621814318	14.285326303760722765900936792605
7.427361744724364278624761936953	6.212131418939621951835761137772
11.620353193735711627709861204494	10.483546389600084225435239204671
4.105586859057015480800600926159	4.880911704184691224384096130962
9.654603339150620300301852694247	13.401884892749642119724740041420
9.100167337396667832649654883426	9.139304998246482014678804262076
1.151132184059415308752249984536	10.298041572653744424314936622977
9.421585621589375847406699904241	6.121667164866568811021352303214
13.401511627425133355018260772340	14.366986334518657031367183662951
13.052669844024793022185804147739	5.965506559046529488909982319456
10.277706781267488267417320457753	13.047267355449125858513070852496
7.337862467588230686033057281747	6.376759660389621942044868774246
11.457739971315369587046006927267	12.409688032981970096102486422751
6.238116808036368254875014827121	11.930991538016673558786351350136
2.604710671383934084133215947077	10.894993321120912455057805345859
4.939339587571609513361181598157	14.557415978258770650199949159287
8.310549314431614931208969210275	4.910331643371078413906616333406
4.456234911236217399732595367823	12.922530489435251510599300672766
8.440829623721787910994862613734	17.300980436181173871545979636721
8.962674239467107284440317016561	11.495277146046859684247465338558
7.894025958333815928824606089620	14.792797289757466216997272567824
13.556567180419186513518070569262	15.954454362378314158377179410309
