75
6.839254426548363241522565658670	10.310459529209001772187548340298
12.996558009186033544324345712084	5.223041604876237364862845424796
7.902168744816133738595453905873	6.825059811909351736858297954313
13.116105866963044590534082090016	11.933714368673467021153555833735
10.846038960881811519243456132244	3.672105561987666355605597345857
7.052932628414410487494023982435	15.080029058217430559807326062582
6.441636363164434442296624183655	2.107685144935130594490146904718
9.826527619296831161932459508535	9.894081272939317273085180204362
17.371088195423268984995956998318	12.780608699134695882548840017989
8.578221892886029209535081463400	11.746401886808024883634971047286
9.233386011253324809899822867010	15.363677762858408470947324531153
8.258077270667307345775043359026	8.997325224803283560959243914112
14.594164256942823598706127086189	9.600230163005631922601423866581
4.555880851050249091827026859391	19.851793454970987795604742132127
7.216397381400498467485249420861	8.931371372293192223423830000684
10.146806096918643547155625128653	11.145043045597175179750593088102
6.798170568208599107151712814812	16.089013564075365536609751870856
14.264569540763986310594191309065	2.968403368436284495146537665278
7.389857147126125624936321401037	5.252242394158351146415952825919
5.155508696533860124588954931824	9.864296936659304293470995617099
8.647962782816390969742315064650	13.659685901098420401922339806333
18.272997830238296046445611864328	7.279481733364052686852119222749
6.674688708352791266520398494322	11.400410737444490294478782743681
12.203833630582218816584827436600	12.944873755847913443517427367624
9.798173703601184669764734280761	6.328519549074040462244283844484
7.829812474917845932509408157784	10.538508683669610022093365842011
10.963841186372391689474170561880	10.467860219584860459463016013615
10.291490721825555354485004500020	9.339874382024749621677983668633
9.409704925925156615562627848703	9.774720537954634025368250149768
8.989262388963046745971041673329	15.170940225137368173591312370263
9.513677968372832083332468755543	10.172547821131347589584947854746
6.675044336894944585480970999924	11.281386791861649498969200067222
13.557309857620374771158822113648	14.685872792883817083975372952409
18.246775657011220062031497946009	3.280696410551544595080031285761
8.560759911208164041340751282405	16.187320441692527595023420872167
4.091440555856411975810260628350	8.937690646537737038102022779640
11.870936912025056741981643426698	10.413964569703885842955060070381
9.284819090469552449462753429543	11.856723835213193396498354559299
5.986098922270811861778838647297	8.609056057625837254931866482366
3.638881200387326764200679463102	14.932331887050196428390336222947
15.907794624220905177480744896457	10.804102393992931041566407657228
7.616566867533574480830793618225	6.056413115390225421208469924750
5.610419682622975301455880980939	8.969208799815611143912974512205
10.404113165389199835431099927519	11.404485981370505953691463219002
9.243262803749965783595143875573	7.437921271406590761898769414984
0.962975161364481024861561309081	18.564741984420180642700870521367
8.945398067335133873712038621306	8.460226682995376279450283618644
13.816394188923030839077910059132	9.730772454820508343686924490612
9.987093270588401239251652441453	9.119625559752712717909162165597
1.601076108374117623611709859688	13.619107446299999253369605867192
16.391096413099543127600554726087	12.405970795979756715610164974350
9.210659124482969417613276164047	5.446530557595107957524760422530
12.404350224414343983880826272070	11.401516500757409744437609333545
15.097880819561524390337581280619	9.832564080281612106659849814605
7.968614089758746743541450996418	11.318821712768100340440469153691
7.651961878315073128931089740945	5.277953966297603827229067974258
9.206255029863703143178099708166	17.556660824699825695915933465585
11.541120091532730995709243870806	11.503403904648848765646107494831
11.981835361546634644014375226106	12.114185212951294801086987718008
12.429773001089081674308545188978	5.318239014652682783435011515394
11.002529947330158321960880130064	7.760651850843860444228994310834
7.488663795872999351388443756150	6.064270215510186190499553049449
10.737997578316544888821226777509	2.187969497829286957824024284491
13.267782564704294401281003956683	14.822631641243503963778493925929
8.633764313886809205200734140817	9.301182717848712755426276999060
12.652233811399288043730848585255	6.490262972121415785409226373304
10.095467667304554026941332267597	9.748256376999007599692959047388
8.946208111651269945241438108496	3.952442916678228890248192328727
13.314149621636410358860302949324	2.921696468355607478883939620573
5.349302564750554545014438190265	11.951041825928330197825744107831
10.791684875462774328980231075548	12.720849073708572873897537647281
11.731712590109443894448304490652	12.431241297990045069354891893454
12.473520668594748173063635476865	8.158012280737665378183010034263
7.670401700760775653975542809349	13.156949937356021251844140351750
5.205127090207479767514087143354	7.419880164828450475056342838798
14.151147254109382345177436945960	16.504456456482234472105119493790
12.028956901344349361693275568541	10.152616249790014535392401739955
9.115602801384397935180459171534	8.183773308129287826773179403972
12.655321471671676647474669152871	18.680011569146962813192658359185
8.266981312325098585347404878121	10.174483299581916995180108642671
19.060958893969246474853207473643	13.517088988243466829430872166995
9.187602268585264297939829702955	4.097762328599388936822833784390
10.475044209352260438095072458964	17.913273469519936043070629239082
9.060675622474212431711748649832	13.928273211376463791566493455321
9.553891011747296602152346167713	6.595889734575763441171147860587
12.303264735626253667533092084341	5.221243571478681566588875284651
5.938395081764364036303049942944	9.790968690081390590762566716876
12.669508135307609109077020548284	12.533276161749585142501928203274
13.957640213842244847342044522520	9.405109631258021352095965994522
0.060056117708080947181770170573	7.298704580712846556878048431827
12.495988823995654470877525454853	6.926954153257667279319775843760
14.115224302200466865997441345826	8.688369554217061363488028291613
11.990798819203856595549950725399	16.942681019913337081561621744186
15.956287265346135839649832632858	13.631065886110095064509550866205
12.445299497319471271339352824725	4.876203679959182579750631703064
13.833605661416527254914399236441	7.012888837027875688079348037718
11.603746266614422211205237545073	16.766245935313872195138173992746
9.316170590493685566002568521071	6.984149956565075534342668106547
9.716173898164147004763435688801	6.373092128158287295036643627100
13.615375859247535572649212554097	9.556030048860401748811455036048
11.189099154089051424421086267103	5.447008786021769743967979593435
4.696439900734237227197809261270	13.987871320410468101158585341182
11.252959461994569423382017703261	10.189506800900911542839821777306
9.432786636916658196128082636278	10.345967272289669836027314886451
9.310298042456022216128985746764	12.202982230942744479307293659076
4.802580963877490560776095662732	8.545676067850383361701460671611
10.075119651517736585333295806777	9.364448298811394622020998212975
2.569821118502782830717023898615	11.548073177519061260909438715316
14.937535288119597964850981952623	6.947489439063749827596438990440
11.647723884141097272504339343868	11.924414166798790404300234513357
11.644514786805260087021451909095	13.557868919606081092865679238457
8.684008044987319152596683125012	14.828005088798821731188581907190
13.349226360666172297442244598642	11.288558850793696919367903319653
11.673412565507129912134587357286	8.037585425499983671215886715800
7.660620908207711465820466401055	9.864751599754596256275362975430
13.805750616831115706872878945433	18.176033129906734586711536394432
9.990071268076595956131313869264	11.599268915076152097753947600722
1.399141806028778134418644185644	7.956056703389387863012416346464
4.972195842139496946288090839516	6.703472544858926518429598218063
2.913939872535512343176833383041	9.607233899731475901262456318364
14.709438014951196294077817583457	12.511288539728212754198466427624
4.405427057235897336795460432768	15.784727992916380401311471359804
6.539363145428847445828068885021	14.234141018097769659789264551364
12.379210998457851999887679994572	14.551143375473538199571521545295
2.523968320892691075130187527975	1.256923736912959554956614738330
10.615720227259405561426319763996	2.537483674539005029657801060239
8.587990769110959377030667383224	7.874638409591994125946712301811
7.165416530082063140127957012737	15.387138184776159022248975816183
13.930388784072825103521608980373	11.660972150492256105280830524862
11.330026113865951487014172016643	7.620500392626619934333120909287
7.431345640288915532778446504381	5.539306118191234418191015720367
3.938876573324573193701780837728	15.393313447324151965744931658264
12.439421303740719082497889758088	11.840431345864839585146910394542
11.046570903325038770503851992544	14.710494121903151309993518225383
7.867543687823426168392870749813	11.388233472093775233702217519749
5.568038910549046427433950157138	16.632872547057409917670156573877
9.513744350703246865919027186465	9.747976961437858633985342748929
2.951732309590141767330351285636	16.056689992697894098228061920963
8.208847509442746215313491120469	12.152417335153256061630600015633
15.870550517381897037694216123782	8.098159511736527704783838998992
10.518438877436359746297966921702	7.260057651019927504876250168309
7.127095465532253371065962710418	4.548157539149266348488254152471
9.497889687206832576293891179375	11.511980047818044070595533412416
1.456465891341785834356414852664	5.797174713309718896425692946650
14.348859509715524040984746534377	4.412489806759171351302484254120
12.272523798663836913647173787467	7.246296053227364808435595477931
0.375648941528023527780533186160	8.731356310726106073616392677650
13.009470952060404158601158997044	8.846910806162828322385394130833
13.690442003558541017582683707587	9.862868197471920339580719883088
5.749106456093878492197291052435	8.550081601050900204086246958468
13.680247756000659009600894933101	12.944353578758253320302173960954
4.000363880411329731145997357089	10.416811296584610246895863383543
2.508619254971994116942823893623	5.513932659781829670464503578842
12.118548934687801477139146300033	4.702486700952089648808396304958
4.730621849372845133530063321814	10.141898156021257548786707047839
6.522193125405282287943009578157	0.109758528671155985989571490791
14.876156507430799535995902260765	5.393300329068278387012469465844
6.352275762701284023137304757256	5.195541240047703013260615989566
12.240031738371103031681741413195	11.676182304371874209891757345758
10.426931591714584612873295554891	8.923512811852599924122841912322
9.028654234121285426795111561660	12.951792416319086953535588691011
16.522625050624839104784769006073	10.152947412938289062367402948439
7.193277789675121880463848356158	14.278514038942642372376212733798
12.765471340557146717742398323026	15.563655916552235680683224927634
7.055378787225958348017229582183	11.428499036415612266637253924273
16.005214326088257337232789723203	9.370559031034979113883309764788
18.847743443251733452825646963902	15.545265119091459027345081267413
4.297938361179963528968528407859	9.182403287388602564078610157594
10.059990087303541272945039963815	9.893900216331674712932908732910
11.579796728820271667359520506579	11.374776325711684066277484816965
10.954741895927163852775265695527	10.125525413197546953369965194725
10.322752232308625153223147208337	9.554891893384137802058830857277
8.667046308971935175691214681137	10.759546165526854721861127472948
6.733470499458359626032688538544	13.401776822481348716564752976410
6.274875059801932053460404858924	12.686405498061709806734143057838
14.479674353453832580385096662212	11.501969327038299439891488873400
11.434950810858225622723693959415	13.268455987538409601711464347318
9.482289651118273710039829893503	4.245216009074134433376457309350
5.089850912097271695699873816920	9.794655145267377349682647036389
8.937022757950323637032852275297	15.815850502057763549146329751238
1.872569723854862644429886131547	4.130105193771550275982917810325
12.641246390192614867942211276386	11.462443036577806054765460430644
11.175220889867885531998581427615	7.848430935713420097954440279864
13.272011700053322869052863097750	15.629862052839696318073947622906
15.183245627999410132247248839121	16.885248194763931905981735326350
6.269343958526913951345704845153	11.590734287071063235430301574524
12.520296325012866489601037756074	7.750314694614484523071951116435
4.986224363168922479871980613098	5.555462169904592961700018349802
6.202634770161182586889481171966	6.981976725940183925445126078557
3.833005748405846624393689126009	11.938094094614069007320722448640
8.857011284479396451274624268990	4.052435377506721891904817312025
6.902699920407604494698716735002	12.934707578462361965421223430894
7.578130595913466827084903343348	8.599515966092047491997618635651
6.907625104020974404761545883957	14.167607291085410281539225252345
5.710921952487750807847532996675	9.813569395876244882970240723807
18.311067264045618685486260801554	15.132872560238823211875569541007
10.373676728173462535664839379024	9.440389330185205096768186194822
13.490637504130772228450041438919	1.708666737013224690144852502272
9.843033988858747918015978939366	6.713942747500230900925544119673
7.392226228182149583290083683096	13.777542731312884427552489796653
12.282265119287739452147434349172	6.905318793869724913747631944716
2.361909611202444025934710225556	3.241978402103797840538845775882
19.712425471190933023990510264412	6.732373647441460384754918777617
4.992071089032640074378832650837	5.322690376465590844645703327842
12.857099810624937674674583831802	17.702964830046486355286106118001
9.314823595239174025550710211974	6.747172980799197361534424999263
14.037486850520899395178275881335	7.807851722872830357857765193330
9.877056590204013275524630444124	12.317809261395735731525746814441
15.919272055789321029806160368025	13.972066416768576857521111378446
10.602988821072608871531883778516	8.874987329307938210831707692705
9.493894524506474752456597343553	4.991361551809172958371618733509
1.801748230923175597695262695197	3.194354157452448106369047309272
12.205352633008901719335881352890	4.534879538992631964333668292966
9.567667313419155661335935292300	8.977285307095867139537404000293
11.079437221058725526745547540486	9.711829581299731728449842194095
4.332199377128058692676404461963	14.423310204057571581870433874428
6.298586869987834901962742151227	11.630629180463635918840736849234
6.281425574580062232143973233178	11.004520358719497963306821475271
13.152615394153029271251398313325	1.580198413036908888784637383651
12.472010775927021342113221180625	8.920284471558254324463632656261
6.080872686790872450046663288958	4.670472458067258969549584435299
13.248677531436884535764875181485	13.248945168736291577715746825561
12.872711206926117810667165031191	2.859909876649033400042299035704
12.342064506734310214142169570550	12.319381497220071253195783356205
10.316046060367156655956932809204	7.954780031565764630840931204148
