75
9.594932412491854023528503603302	6.466371166550077376200533763040
7.928592260924580692460494901752	11.348620042245599393027077894658
7.457478976804511106024619948585	12.875592668878002911014846176840
8.181344396965995358073087118100	8.393521988687384194349760946352
12.228698573690159889792994363233	15.127917247646408327454992104322
9.049814240879346272095062886365	6.978895126620503042147447558818
10.894279998780611151687480742112	14.878493578343704228927890653722
7.877907412924503915974128176458	15.158859316985161314050856162794
13.145701447825379304390480683651	9.359029968881779737444048805628
4.830097221427679166083635209361	14.132308037887128193688113242388
12.563056622626028513423079857603	18.699008160113365306642663199455
7.261227359803053893472224444849	12.379450765551847979395461152308
6.072191994870914655280103033874	9.017350642673033433993623475544
4.575904431757678914038933726260	14.079660715080137833865592256188
13.570095611348033770582333090715	10.611572076510944029337224492338
9.172263686220318845698784571141	10.553753126711082899191751494072
4.351164396307876103264788980596	8.070415734992996803498499502894
8.414350719991556815102740074508	3.483274721355303249481494276552
14.006614413246268213697476312518	15.145823963320395932896644808352
16.502030676408324438853014726192	2.708249675376598553100393473869
15.105835020063874907236822764389	14.934173473299564349758838943671
16.046067021049534417898030369543	9.090137063520939975092005624902
11.585701398374890658260483178310	12.999983676826285972083496744744
11.130740535586294726044798153453	8.659477480813325911412903224118
8.266771857654912736279584350996	5.820357519435536808316555834608
3.942465348958582360694435919868	8.639398171905774859169468982145
10.569820851010966578087391098961	1.989878959758900833776351646520
7.716804300389449977615186071489	9.157624561040073274398309877142
10.309047191619972849707664863672	9.411107303580445559987310844008
17.171879232290979899744343128987	13.133620694720814725542368250899
12.689570472892258479191696096677	11.460398598569121020318561932072
10.113144827110133405767555814236	6.115382976309170715012442087755
13.068545106948381118172619608231	8.471206255020904407615489617456
6.578454221545749547317427641246	14.818287647574100773795180430170
12.099157299978465118783788057044	12.032334959815097263913230563048
6.403384600213468225149426871212	10.996265452363999770568625535816
6.075857082817158527632273035124	6.248906417063086138341532205231
12.055913381495273029031523037702	16.917223942580342566088802414015
10.035517816855266559628034883644	8.515797369037231945299026847351
13.907514332955569713590193714481	9.016020603091215335211927595083
11.728074722326256917881437402684	8.733779976943884193474332278129
7.507488392512676078638378385222	10.068315990942107163164109806530
12.151258158467189929297092021443	7.877460826003456872967944946140
10.221313804646797507302835583687	14.685170941414451561968235182576
6.729904437845451781186056905426	3.285973586748815122859923576470
8.689833420589835100145137403160	8.472538408662909859003775636666
11.920222031089453551544465881307	12.867649690810818441377705312334
14.080470647249562432534730760381	16.614706453477765535353682935238
10.447661940441825834113842574880	8.502649506914018218139972304925
16.807882286585652309440774843097	9.064089391559246422502837958746
11.460492509760570101207122206688	10.550978935229354149782921012957
7.903661720961119740991307480726	11.686245534788502808964949508663
8.693174780182925331928345258348	12.525860059532508472557310597040
6.745323081017720490137890010374	11.468394829765525599896136554889
13.242130667072856908816902432591	11.026920294982694770169473486021
6.333606316155528048739142832346	5.558224770217621291124032723019
14.997203289099433121123183809686	5.576457111482443274041997938184
12.100489862037303367969798273407	8.956407996303893170875198848080
1.362901030476210806341441639233	8.142813553051828634465891809668
17.481538986821838932428363477811	14.100721911158608179448492592201
8.770102166173181501562794437632	12.080158249020154670461124624126
16.969853451467454164003356709145	16.166127797739342497607140103355
8.597927594041850696271467313636	6.619372105921391913341267354554
14.235371220828868743524253659416	13.455307166452094236319680931047
7.393342001633635973689706588630	7.124509353859823868049261363922
13.969790719992831284912426781375	12.203063907205759619500895496458
4.965901934325859023999782948522	6.939750015409640759855847136350
7.309688043559543046967519330792	12.654804391848447409074651659466
5.988523096405891088522821519291	7.987443400458902331706667609978
11.751187109932789809363384847529	10.225162000362386649499057966750
6.157307312616747907441094866954	10.299550140731172476193933107425
8.020234735487862920422230672557	5.001823758021421539865514205303
14.430361509442452216944730025716	11.451723140888839580497915449087
10.439963019077413974855517153628	14.994741630594651482510926143732
18.947636676275987355211327667348	8.679530077540343668829336820636
7.422136522113822465485100110527	10.511189796592196543656427820679
5.743639880131650166106282995315	3.752379360412394504464828060009
15.527481075031717594470137555618	9.967233135442322478070309443865
3.908659092887487140899338555755	9.717760520854362482623400865123
7.221274801168082291269456618465	7.521371208296752541855312301777
11.707385034847511917632800759748	6.923248098461879607157243299298
13.541080264501646368557885580231	6.733454111766794980553640925791
7.695078036592242654023721115664	8.358201019100929940464084211271
9.217666776182301902053950470872	11.105830652249380818830104544759
17.684031710199874964928312692791	8.813956094635148730276341666467
8.560160218572947954385199409444	10.076298909735912801011181727517
10.191888183857724214931295136921	10.562843077744767938952463737223
10.070900862734966096923017175868	7.372081974962723549538168299478
6.294664746882309813713618495967	3.185432294878513204139380832203
8.604504894325661012999262311496	8.112846522125904513700334064197
9.213499219132966544520968454890	11.550628763405676124875753885135
11.364920352626219468561430403497	12.950989056711803115717884793412
10.836397493246323620041948743165	5.708889702625411288750001403969
7.472840497240239798770744528156	12.718750461637899462630230118521
8.305680769992800804857324692421	7.560188045743750251403980655596
3.556476822149445382592602982186	7.104114065252900900304666720331
19.598205496431120309352991171181	4.466870453209998537147384922719
10.952902100744713820290598960128	6.127691696034029078532512357924
5.087610704431903663191860687220	8.993371623688126703655143501237
16.774418188742188817741407547146	7.046839441996371355969586147694
11.800456164228254607451162883081	8.683492756787568822574030491523
9.304229738675838135009144025389	12.112347887221169173699308885261
13.731568248827819900270696962252	12.724813072627750187848505447619
9.520657913040810882421283167787	13.050177867324011415917084377725
9.838645761321656024733783851843	7.789735508100054772739895270206
10.181593770414627542209018429276	12.610008857028667250688158674166
13.302667837888328961071238154545	5.956676796703619380934924265603
14.241593625741241879723020247184	12.560831982074935453397301898804
5.069482538235924984348912403220	10.184674284356720619371117209084
13.765399035521692638894819538109	8.686336655487734148550771351438
0.044505574749546639168329420500	17.296570145422343500740680610761
6.252938619726336355597595684230	16.192964346564878042045165784657
16.730694425542150582941758329980	6.086697040842391714932091417722
19.621532852948874392495781648904	2.602285937528265868934340687701
6.615367985047232224360413965769	10.536122273718071085113479057327
11.562138426924130740758300817106	14.695936875367941354397771647200
13.104870935845564616784031386487	16.007639911371349228375038364902
3.588983313997684554408351687016	5.273592351517051746156994340708
10.205606962697856943123042583466	6.527610786229132600055891089141
8.173016327738006125969150161836	5.347911593550258579909950640285
6.878594642528859992580692050979	1.444973078527977961016404151451
14.279054979423971616370181436650	7.049798998482458500802749767900
7.948285009218913899076142115518	9.484253412951488826365675777197
9.565370255731945547950090258382	8.542040272720125670957713737153
4.363981404158837840157048049150	7.512944501810391528806576388888
4.347015122902774031388162256917	11.928074394043097328221847419627
15.254160724261154769010317977518	12.657011134515753880691590893548
5.703764605421277167351945536211	5.716327659090408630504498432856
10.518248582370695487497869180515	7.070987661636541687926182930823
5.447552396363137816592825402040	4.336817837593955005104362498969
3.783990601351737481650161498692	7.084554860907205764419813931454
8.750503464508540218957932665944	7.121083819883814669537969166413
16.387955493477644353106370544992	10.560724657785623747940917382948
12.625578563557555256124942388851	9.397932693160772288365478743799
11.747398068437789220297418069094	5.618951268424155820468968158821
10.965640993641031286642828490585	11.744386240222977946245919156354
14.241306609857540266261821670923	15.868164182684786567278933944181
6.404225907920256588568008737639	13.115479418836775593604215828236
9.947600095725640301225212169811	5.665216656596483879582137888065
10.847975483503832450082882132847	13.970376785475995262686410569586
8.967697094610333152786552091129	7.282188601179746534342029917752
13.256221023787148283190617803484	12.324171684521608938212011707947
9.666430369274271683366350771394	12.529376981829578596716601168737
11.160468118672827841919570346363	10.566358511679908360747504048049
18.136225770937581813768701977096	15.661765097933695756182714831084
10.056353227289212881601088156458	10.889201039987900898609041178133
1.012892256251884504081317572854	7.857998328473214222356091340771
19.843253605889898949499183800071	5.036342732253226373018151207361
2.803569025274777359868494386319	1.806505736731899958158464869484
4.730580433921681482445364963496	8.490275843900183971868500520941
12.010725029072039760080770065542	10.245410784256202774145094736014
12.706948987116177818279538769275	12.601328825106332232053318875842
10.516691968825600866921377019025	8.514535407956401513729360885918
10.404368340997411479520451393910	11.061135720499304824215869302861
12.338472879122473813140459242277	6.168058391778877158628802135354
11.715065839011261417113018978853	8.929634752191876856386443250813
9.342626000856560253282623307314	9.085331383859678311409879825078
4.002399035077585764952345925849	8.564226487949184729586704634130
12.179580396070445402756377006881	5.352919918671671162258007825585
13.855459485895874394145721453242	4.896864996058705621351236914052
10.864121287876209009937156224623	7.941056319642011196435760211898
8.458000033140328000058616453316	1.683288606987435542805542354472
16.826505864178734839242679299787	16.544228326475209911450292565860
10.380936962376182464140583761036	6.411767263484637879855654318817
13.396116357427469978347289725207	1.903521582638234121986897662282
6.229999197806954214229335775599	5.371932574772066537605041958159
4.610490952298905931172612326918	7.840588096386188254882654291578
15.917913069355227762002868985292	9.732960265483040274148152093403
9.372197768727895450524556508753	15.605339671138965584873403713573
17.230838937636974605993600562215	8.951183906803723999701105640270
8.378864593777510805239217006601	10.067238340016341879845640505664
9.243179402428570057281831395812	6.120416787727489982273709756555
5.647342660141504211424035020173	12.845922831121299623191589489579
10.789038047661442476510273991153	11.882812201202437307756554218940
15.584363945073921087214330327697	17.242207448500025179782824125141
7.525322746287079311855450214352	11.038931793253075497318604902830
10.499138224545328412773415038828	10.388869550464837843151144625153
12.101225781968460992743530368898	7.073471921581393928590841824189
5.893236458415238132602098630741	10.774973563487032279795130307321
7.629311352039846561012836900773	7.888561688332086596631143038394
7.569066234849339380730270931963	9.628553997331071201415397808887
14.560212471072528472859630710445	11.257934235289349444997242244426
13.600419449296595075793447904289	5.510765999791572333776912273606
12.166268601143480410087249765638	3.998939883715483922799194260733
3.576134196246315788414449343691	13.464649742436414214807882672176
12.304806553914898969992464117240	10.747769341726923997271114785690
11.016981759338243307411175919697	6.622710610261022701195088302484
9.422077212751259978062989830505	11.128882423283441127637161116581
7.360260817311216285929731384385	11.139337430879603374478392652236
12.660472069031092345881006622221	7.576309179411166105921893176856
12.418711256618614413582690758631	15.070953917076931105611947714351
10.499354092137954452823578321841	14.497625116681501111770558054559
10.886298921472238987462333170697	12.673559520690401924980506009888
8.256002624547850388125880272128	10.456111273077866030689619947225
7.720006750277842222374147240771	11.903284026239719040063391730655
3.473353849156731953939925006125	12.692232002639315169290057383478
11.057401984200959432769195700530	9.002507654685574678410375781823
3.371178798122877573462119471515	19.541696418099370191612251801416
15.469323534780713202962942887098	15.913595682406121767371587338857
16.170124628133308419819513801485	19.154752718874924255487712798640
3.686186025671859489705184387276	5.253483940146359110201501607662
18.526632661544386593277522479184	7.668351949051054994299647660227
10.602015676285832412872878194321	4.741416458860935989605422946624
10.006133470334244606192442006432	12.443938735407733986448874929920
8.732024272660654062860885460395	9.532260823732338295144472795073
4.594101403145560702512284478871	7.135789783059978574897286307532
12.855708973409800677245584665798	9.802359868608922610633271688130
6.842261629870531436381497769617	13.405478905134412315192093956284
10.767041585551838878132002719212	10.650907378390094493170181522146
9.272477115462018915081898740027	5.431594069319825024422243586741
9.324397870893816886450622405391	17.135877702206961714637145632878
8.743804975035745385980590071995	6.620720012029498668937321781414
10.509329930726886814795761893038	11.559959966923475604971827124245
9.886986130641313152978000289295	11.202413677689449400531884748489
8.606358566022278111518062360119	13.991354131543300098883264581673
12.681075982403564594847011903767	6.750218231815056313394052267540
12.563259431436591739839059300721	7.649662927169968540397348988336
9.458097693351790624660679895896	9.197696666604814552670177363325
16.078228118397355217439326224849	12.667197318148396334436256438494
9.836548538270269759209440962877	15.710477604232810477924431324936
13.674969386434160156795769580640	13.722276343036142520759312901646
10.576458124853218123462283983827	15.508579528645704215250589186326
5.614320604214031895651260128943	12.878074841536657046958680439275
4.290964948469526696328557591187	13.338306796402299880810460308567
12.607028725994002371635360759683	11.720794123743036863061206531711
