75
16.216772302579027353885976481251	6.963838854930402000320555089274
4.229095915648271031272997788619	1.187663760115784672422023504623
17.520536958411483396957919467241	18.370929023806997548717845347710
2.402403643269519495362374073011	6.689474829922296805762016447261
3.507441390304877337769084988395	2.317969376517594604081295983633
17.997334860000606227004027459770	1.137545182907109264647260715719
19.609713269380137035113875754178	1.929017213947683551111822453095
17.269412983871713862527030869387	11.330122139783254553435654088389
7.358349756357467796874516352545	6.846847532503157474081945110811
15.147282864754174624977167695761	6.291465900085744245018304354744
13.146378332342836259272189636249	10.346521670321601860109694825951
9.699312903161409593622011016123	18.023243412983230626878139446490
11.092901172405191800862667150795	16.537232060973899194777914090082
14.511470682029788292766170343384	0.771144921179967024471579861711
15.462201050108383526549005182460	4.337405001820813232882301235804
18.062992937031431495142896892503	0.858483812176640270763527951203
6.661440689486375354988467734074	1.994658944695080204922987832106
9.511782341696875420211654272862	16.400448717395036624111526180059
5.963747193261282220078101090621	3.018697946220831873631595954066
6.605340713937984276071802014485	16.277602838412718710969784297049
2.807679155986937402644798567053	4.547248981550035651366670208517
1.377039289867478810691636681440	14.114200879792154097458478645422
7.904664870726736403128143138019	6.216799542866320749112674093340
14.372527806823038432071371062193	6.719550846805104171721723105293
14.555425464288360259956789377611	16.303987906286270259670345694758
4.353256869154769503893476212397	19.476373936919667784195553394966
3.247158958253335558907792801620	5.816818133134851187548974849051
3.595905816670832422232706448995	6.910113127126688681300947791897
9.601217756415111992396305140574	10.443517380042381503812976006884
17.072120845925439880375051870942	17.788958176317329673565836856142
4.402077215618128036567213712260	12.457880643715048663011657481547
2.229921145974311791349009581609	9.179397203641366687065783480648
6.446670760932362576056675607106	6.330014909072128048705963010434
9.651684834242020727401722979266	14.596552710585351420036204217467
1.383653175847789906782736579771	17.583466753748091093711991561577
14.696275492611221125116571784019	3.529987777781202762383827575832
18.783218181747407982129516312853	10.126244480467772035581219824962
19.996171562339306149169715354219	3.945189486014752944242900412064
10.698163967664026330339765991084	5.804960851198568860809245961718
6.083471147784931254420826007845	11.821307616679803231818368658423
18.434381337416667179240903351456	16.105277111583500726510465028696
14.478827970026518556778682977892	11.183475642034043318062686012127
18.445970073348952666947297984734	9.847228133817683470851989113726
17.476643566694363585156679619104	16.679632877532636570094837225042
4.276706936031731132175082166214	15.424509259318204712485567142721
0.243423138865175303635624004528	6.456590750961749947123280435335
4.591348893838995692817661620211	10.137259169746268838707692339085
14.737063233615710799995213164948	1.953527348954482434351120900828
10.298444038735368621928500942886	18.768240433887712015348370186985
4.572931019658909690406289882958	13.542822882228481518041007802822
11.857605415623151401405266369693	0.201273913121866598885389976203
9.516523917144454003391729202121	14.175407818820973560036691196728
0.879508640481811987399396457477	17.590429660474601547548445523717
10.401628332713460878267142106779	0.613220966514358423182784463279
4.488272238416803894267559371656	19.073513928546258711094196769409
11.646394661041107099208602448925	2.149451355376090777582476221141
5.750890045611230405597780190874	9.134072517209684605177244520746
0.419001385354609290345706540393	8.232310272275176643574923218694
9.789172708693962832171564514283	4.873557505624644292652192234527
11.772780005839731387595747946762	15.064802391843537421323162561748
4.716684482112709630996505438816	12.409998005599753412298014154658
12.792444859274832325013449008111	18.970806022576820026870336732827
15.565523345928875542654168384615	16.966905395800118583338189637288
9.808398168725503296627721283585	3.706971739587656688996730736108
19.916305859192700467019676580094	2.587115220773992252389916757238
9.429146387085307168263170751743	1.361861984842132056172658849391
18.877017147016388776137318927795	19.298498816968791658155168988742
14.387781240079471345438832940999	6.999856872603378299402265838580
5.087648022352486698594020708697	5.306066490740947827475793019403
2.545880508401494601855574728688	10.516179061534458583082596305758
2.836345514029550152201863966184	6.334613331069125052863455493934
12.534129519182098277951808995567	14.550872191814995915137842530385
0.485454092441224283049905352527	8.602319687534798475780917215161
13.042491896842779652843091753311	17.064919523170257065203259116970
9.506495644241647724470567482058	19.384117434353704823024600045756
