75
4.719407704831399819056514388649	3.061937936714456132136774613173
3.950382136921708475796322090901	10.566302541147011950783962674905
13.433797152217072934377029014286	9.406425646720819599977403413504
19.193912780584870603206582018174	4.805846400603332568834957783110
15.262804605095858789809426525608	17.403643570142971697123357444070
11.241322215094381675726253888570	9.124450039231062348221712454688
11.923688935584873860307197901420	8.576195403206858358657882490661
11.103877646467388728979130974039	8.338679042576032429678889457136
8.009394205882680140007323643658	13.906929362790595661181214381941
1.857024261359359051937190088211	3.330841454576416449384623774677
17.023969434300077807620255043730	15.421546936303760944042551273014
5.629074545887875480332240840653	7.545378653315204076079680817202
18.520530132569611225790140451863	16.361544503477226442100800340995
12.286925999592616776112663501408	4.429803576059154757160740700783
0.885039426305391785376741609070	8.625156936837964138931056368165
13.452542785149237403174993232824	16.569609810357029289207275724038
17.053780114845388027333683567122	0.655518025867267706274787997245
4.883140676737587781985894253012	6.781891769548060722172522218898
3.774644219187717197883102926426	16.059507567276757100671602529474
15.349315261698849965910085302312	10.336660807619415081148872559424
19.658529559917109708067073370330	2.881170821816845251106542491470
17.993034066553377670061308890581	2.329265083238323263969959953101
3.263634110282414013681773212738	13.924384005012376164245324616786
2.191393840833786299526764196344	11.316901908374216390029687318020
8.404670729453071587045087653678	14.569479310820296902306836273056
18.013504776177303057238532346673	15.397430293381106025663029868156
16.993797528423765896832264843397	0.658908970624647594149791984819
6.203909964884061878365173470229	10.308661733726648179754192824475
8.319066292595589828806623700075	4.625099059593768657805412658490
6.157481959200465482240360870492	18.908619407832112813139247009531
5.883617597427031498114047280978	7.078082203595714716470865823794
0.074195475000373711793599795783	16.901552545557489537486617336981
3.096814068031532585223430942278	4.082885510274520513007701083552
5.105290341840511558757498278283	17.692441136896853492999071022496
4.129028224926294399210746632889	15.950527217358798637292238709051
16.160986806458090825344697805122	18.540411375727916976074993726797
2.311226272006279280901708261808	4.345579446756627106651649228297
14.857965841614426238947999081574	3.920015085614780847578231259831
5.726590937468980513358474127017	3.334831602227252833614556948305
3.453933723100985897502823718241	9.631067092564114417996279371437
2.193661242259170585100491734920	6.433952369272444293812895921292
8.531878191977579461990899289958	0.490962330479551845030528056668
7.766663329489052358667322550900	1.882448721710339167856318454142
9.871570622923533377957028278615	16.514763771141925730034927255474
16.368443243635745432129624532536	1.608970310748010223989012956736
12.024555153490403824889654060826	16.691727639424730256223483593203
4.759450858692706454178278363543	15.238530228991981729791405086871
17.815286929001864280053268885240	16.122483028808883176452582119964
2.146020630310090382408816367388	0.181199990447697967255180628854
3.834482198436912625538752763532	5.409546818932464695706130441977
12.323659812319188944229608750902	7.685463504846367754907987546176
14.068140613229470403666709898971	7.061499210432171658169409056427
3.088508493092005924296472585411	6.253796869720702034101122990251
17.686484527782699416320610907860	19.170646884901294981773389736190
4.150254681347369967170379823074	15.769367740488826612477168964688
5.466974730797414139260581578128	17.742630868628150864196868496947
3.310912255925109182186361067579	13.319198373881137698049315076787
1.684225294263650418713496037526	19.477866479477391692398668965325
14.012666892810855756579258013517	16.836314788101706341194585547782
11.333386787260691264123124710750	9.536027278577204668863487313502
12.437647827887301943405873316806	10.574830233988961936120176687837
9.387687102903059965797183394898	15.189005029152855996699145180173
3.564019098785362604786541851354	3.423440963103170364689731286489
8.636853012994123446333105675876	6.414958320898920263175568834413
1.482490358260482032903837534832	16.889409848374686617944462341256
15.432056133886995041848422260955	10.878429996059695739063499786425
19.586490745287377990280219819397	1.452001330952106261662493125186
15.333386020557499662686495867092	5.327407832181936697679702774622
7.371978398871508630918469862081	4.385587704061350677875452674925
15.780757829237304079583736893255	2.884802040431320158120342966868
16.800333954705561012588077574037	13.231552964596676957853560452349
1.180464905382294649172081335564	16.219634632003067764571824227460
12.555114323259587649772583972663	18.099646391566828640407038619742
14.974446128172765213548700558022	11.222418548595495479958117357455
16.730943612383953222888521850109	5.561004766024442602656563394703
