75
12.260785736253611233337323938031	12.057406523855265234601574775297
18.124642618566454643769247923046	4.381165518203270714536756713642
7.970378802579180188558893860318	11.452791772274879988913198758382
12.078219486922199266132338379975	10.663141021509556338742186198942
7.988482430504904030499346845318	7.682036481687432249998437328031
13.021484950163198845984879881144	5.429191949597903743551796651445
2.268174748144295538310188931064	9.231263830942420867131659178995
6.888617894940933794600823603105	5.136795937694233593617809674470
14.776471458250025392544557689689	7.904791588619731967924053606112
6.502331617136828612046883790754	19.917752090717101509653730317950
13.998438387919184933139149507042	10.527765893471437763651010754984
7.345456029539202624789595574839	7.713895248423894734912664716830
17.151572329695834895346706616692	15.314731670323627810148536809720
4.301694768235962307301178952912	1.386244075740154624298838825780
16.282101995267485250451500178315	5.952796469467320328305959264981
11.876661985050390057949698530138	19.761693528870196701063832733780
10.348841717471414014539732306730	13.612266857775267681063269264996
10.801531140728881652535164903384	13.976152830477046151713693689089
10.175452995102912012725937529467	17.972621800253019586079972214065
16.945731110856939949371735565364	15.381148115573781254283858288545
8.385639590588851888242061249912	6.488552285821452159098043921404
10.782311382018994194709193834569	14.337948541520745493471622467041
11.585223632501305601749663765077	6.417826492329060883434976858553
14.427362081300271867689843929838	18.260248646785768755762546788901
1.268443666177665463123958033975	17.543159837034860260018831468187
15.931764592852793782640219433233	10.506535971229020276496157748625
0.583499222993058452857439988293	11.534542482088518511318397941068
8.304412395991016992979893984739	9.157795757177161988238367484882
12.978273597784768966789670230355	16.457103047452026345354170189239
1.571914838199335751056651133695	4.798810705354316752391241607256
8.031521815130714614383578009438	14.130349126437435458569780166727
1.999335272974052557515278749634	15.354342053869586948167125228792
6.106447432527394525436648109462	12.440695511024781438891295692883
1.872848875399153456555723096244	16.178627877494147213610631297342
14.157318221809589431359199807048	8.679312724028093839478970039636
10.745283356898028159776004031301	14.231132080086206670443971233908
19.020667855485932307146867970005	3.676805272951540803916259392281
10.901975271048776505722344154492	14.109598475427160835238282743376
16.560054562000694033940817462280	16.005889106832558610449268599041
6.482839676112352123027449124493	16.601054646231638400877272943035
10.600914231161560508098773425445	12.003263849915555283587309531868
16.801785577614001709889635094441	0.090249874488452119791759287182
6.489941792196027847694494994357	5.786921105356253036688940483145
17.460706828369659149302606238052	12.447565182351787882453209022060
4.405251372098383910724805900827	13.403246663043185904484744241927
15.064777413803092542821104871109	3.194500300917983537374311708845
12.144669587092224105617788154632	8.948339211045087893126037670299
13.736487725588840902446463587694	4.402152785323299788444728619652
13.840648933444999357789129135199	5.356119954994276177728806942469
9.607884100265410509678076778073	1.219330627332496863601818404277
12.992098746589396895956269872840	13.422562574765491305583964276593
12.236664739841051741109367867466	8.833470600198261024615931091830
5.967019487004391109508105728310	1.559192769822283830549736194371
14.981034748776018261651188367978	6.143033063835790841267225914635
4.331677667360204431190595641965	3.416910867693197850769593060249
2.901209714046396381803560871049	15.221236592681089305756358953658
15.006442426684115432067301298957	7.303812992942379622718362952583
10.800535475008176788946911983658	9.204879912700254962487633747514
8.540867527284309090873648528941	14.091947262519035177774640033022
9.517731606104915087485096591990	10.391811716036967183640626899432
18.963200913681315995518161798827	5.199301174702332772881163691636
5.091974479093195782297698315233	11.784420114405069313079366111197
19.133490763984760008042940171435	2.168110398732813415278997126734
9.274966019049154297704262717161	13.911813663139389163347914291080
1.341840494656577842391698141000	9.431715891363033676952909445390
1.262673838687665028857054494438	9.209256968942808541100930597167
15.999372312928048955882331938483	14.819319167822325056249610497616
13.277054451644810129096185846720	3.477301115841039624854147405131
7.917628661468814499357904423960	17.968513619847712448063248302788
16.679067050299710928129570675083	4.922294960756040893556928494945
10.499530375125450731843557150569	15.444393679926433193827506329399
12.417833797894726188815184286796	6.974893127052927077613730943995
13.717583399100975682927128218580	5.877568226622648772661250404781
4.393010232581737284363043727353	7.118387192648640393599634990096
15.180659687631214538328094931785	4.826998003230981382216668862384
9.134394985895834651046243379824	15.754467607035982368302029499318
17.342460013868102208789423457347	11.788780189466811165743820311036
4.018458676237243842876978305867	19.813579324129868552972766337916
9.053485562379549378420051652938	9.680983764849852235556681989692
19.943745688652761316461692331359	11.205817449929636353544992743991
15.199764995471847228714068478439	6.602827151762547863711461104685
7.662640451033359667576405627187	13.791990148099909418988318066113
3.893432962543434960878130368656	14.275696445448085469820398429874
15.386756538757591528110424405895	4.303201210401548237882707326207
15.103726491346915139502016245387	18.496089553268465266455677920021
11.227079662147250616044402704574	8.602550023949897095576488936786
4.049218322379847911918204772519	12.494270547231177914682120899670
9.694132862102351921862464223523	16.058971839902199008065508678555
13.868523626272093451916589401662	18.421311240440950030006206361577
12.644620854693839007154565479141	4.909832535864609326381469145417
13.307690970097118210446751618292	7.879077986105896158619543712121
6.001157380651069850330259214388	18.016721787242293117969893501140
16.488840277758708197097803349607	16.462396177436211530675791436806
17.557539225632325496917474083602	10.949323312499938509745334158652
18.048413118252533138274884549901	8.585606233139602139203816477675
10.363912913307112617644634156022	8.396010777817716430604377819691
17.940976138338516676640210789628	18.273413633827775726103936904110
7.467016103715197417045601468999	9.615413012050291641230614914093
10.233985710663215940030568162911	8.037635898030638159639238438103
6.547184037910073861610271706013	16.033159261472949452809189097025
6.586478852683614881868834345369	14.807028916287892528202974062879
6.098473501419129583211997669423	8.171943076422470753072957450058
11.294567182873853639080152788665	15.521851276135071984185742621776
3.097266490945082217933759238804	5.716807346372362097497443755856
15.708161868423690776808143709786	15.338378625936236687721248017624
10.936298331682962725608376786113	12.964808784250704931650943763088
12.659570880457756913983757840469	6.030338102788183718416803458240
2.335592833366710863174375845119	1.132241560092907883827706427837
18.363753408742702788458700524643	6.938752481800255722532710933592
12.646218662778212049602188926656	17.569989546223979459682595916092
14.448586235055712378994030586910	11.167923618952327657893874857109
17.147280623040785485500236973166	13.989011551658636633987953246105
17.235164042452431942820112453774	5.428109217671916120195874100318
16.757600567674348468472089734860	4.922449440070496784471743012546
12.512059174478279643949463206809	1.100728087384924114289219687635
10.921654164540285592011059634387	0.060529968413095325274753122358
12.017339926607307987183048680890	4.935912286489949174494995531859
3.617749690440011711700662999647	13.919214204983390459346992429346
2.229400394761166026569298992399	13.827294087863011284866843197960
12.188755552477344323847319174092	4.077944253860739109995847684331
18.451971785866586373003883636557	9.503269260798205664286797400564
18.211322178759807854930841131136	12.352554988430927807030457188375
4.683615723384166429354991123546	0.459875719105829583455147258064
5.719468126772909499777597375214	2.989569615330187613011503344751
3.639988203453570214662704529474	16.381450508871310489666939247400
