75
18.958796199246297220497581292875	19.786793311089500235766536206938
19.339301880563393609691047458909	12.137637865622631139217446616385
3.044376735161693048326014832128	3.291673077490079091234065344906
17.959472424053295469548174878582	17.876078602217607027569101774134
18.629095094650399033753274125047	8.091305454503073590899475675542
18.810624116859003152057994157076	12.349489149435783019725931808352
7.756806116266448114515696943272	6.255178919500921530527648428688
6.985256269431347142528920812765	14.406023421099485304353038372938
0.984251088926060058170719457848	14.814969912926098771777105866931
9.167977941230180505272073787637	12.526030564048726390069532499183
11.504233563172101995064622315113	9.953547723791169588025695702527
2.383195416640761621351884969044	15.738287265161776673494387068786
12.198132188270012221664728713222	0.640096680631718095710880334082
12.550538121963509041734141646884	12.410655349343258535554923582822
13.950268097142553003209286544006	15.381285762142683282149846490938
16.345769715430019886071022483520	3.351363381273391617298784694867
10.096167691154230183769868745003	9.398851903823089770639853668399
14.292521157090508410192342125811	9.735075614031009294535579101648
9.344308474579948509131099854130	15.053126580442700799267186084762
7.647105019221308808141657209489	2.511795726729768141183285479201
5.020240078791102789068645506632	16.734825953096635231531763565727
12.197844835368611526860149751883	19.473090347754201445695798611268
18.177322072790651930063177132979	10.086480825421133999952871818095
6.240915958996104961897799512371	18.121725279423241516951748053543
11.865625664395054172928212210536	3.354895161774785528052689187462
11.054408891168357342849049018696	8.537529871853298146788802114315
3.177445065931532752756538684480	15.655478830880568352768023032695
19.382946864008804510604022652842	10.680626188629943840169289615005
9.110696523250723544151696842164	13.073704304549938370882955496199
7.249103678902423908425589615945	19.509172888330027717529446817935
6.508285313205275812720174144488	5.284548578182919342793866235297
7.376540289799409677584662858862	16.866809257480387174155112006702
8.508065604024439565478132863063	8.556389567401858187167817959562
17.464776541074261473340811789967	5.977537089868265596237506542820
5.540060169503153275627482798882	0.803542395260244068921906546166
3.990069088997448609745788417058	15.235914485805682971886199084111
1.568932762000892155995757093478	14.226812168559320070926332846284
17.134612129681880077214373159222	1.253183665153222881016858991643
10.980228521047079581762773159426	3.805616394191061679919130256167
11.095722905245017031461429724004	7.817458997472624737667956651421
9.158559671305992466727730061393	7.537357612230848324941234750440
6.875492340134051971745066111907	2.719365248145297009330079163192
5.682837015302535377259118831716	3.743856640956792602992209140211
5.675037386694025798306029173546	15.009924486149161637627003074158
6.828882291809878601895889005391	5.739578047638924651607794658048
10.641268580970427493070928903762	8.226598827041945227733776846435
19.298727463743478693913857568987	14.391574761595810727499156200793
1.178244622413020081808099348564	7.635396289750064013901464932133
4.189479655557137860455441114027	6.524912106698621094835743861040
12.944151012986631954504446184728	7.369046415115025894237987813540
17.604718411845773573531914735213	14.218803522241270087533848709427
2.031233549233344426454550557537	16.595493713829636561740699107759
2.601438594633796341781817318406	1.090339746821625155348556290846
2.716406934975887033090202749008	7.809944608924435094365890108747
4.884996314391964133960755134467	14.663235742556402385616820538417
3.826581000715764346864489198197	5.511007414461580822262476431206
8.015037616901084405185429204721	10.575023113996760315558276488446
8.991736296422162766361907415558	8.114251821719854262937587918714
17.737177004735801943979822681285	7.034672214423848934927718801191
16.029174511652030332697904668748	10.587873804075220718345917703118
15.705574566457023877319443272427	11.331831191327626839893127907999
18.898197056050562991913466248661	10.210477182101403315073184785433
17.188483292234550958710315171629	2.589641701131028206361861521145
2.628037542517738245351210935041	12.441406337251414981892594369128
11.456420712573484266272316745017	6.031837590739933752104207087541
9.032261612379924642368678178173	7.304646067901025219271105015650
17.151593597017406267468686564825	4.547573422532712683619138260838
5.609418058020437136690361512592	5.249125338472704349612740770681
1.259730943898835997529772612324	13.316086046283759358743736811448
9.843781552773608112261172209401	11.634891544668672480611348873936
7.559406682460318549487965356093	10.407610418656821238414522667881
8.271448777292492948731705837417	9.876257955447648839708563173190
11.881284467973411977936848415993	5.161521881367407971197280858178
3.658532550996483667660186256398	13.904745870879274605158570921049
7.415322200753110770676812535385	9.626992581833023976400909305084
5.963622029857647888206884090323	0.215720392264546756422305406886
15.385166299096187714212646824308	7.816281144597944319230009568855
14.104083082039606367175110790413	10.309823721654350237031394499354
12.898246002212191640978744544555	19.437687620966141111011893372051
5.190309951072300975738471606746	13.473443326640918371595034841448
15.102553227565421067879469774198	18.834082861846695777785498648882
2.232953200955852146591951168375	3.889263769035708584453914227197
5.423710664670004177878581685945	8.517780280225741407207351585384
3.791304629628613476199916476617	3.677851571243459627424954305752
16.233929003835484650153375696391	11.693940924936507386178163869772
15.654860058112687326570267032366	19.565660376769109518590994412079
12.073050085714761792132776463404	10.327707133680132045583377475850
3.202319925455554994186968542635	17.918260332446685367813188349828
13.050686770147466475577857636381	10.949086230545981734962879272643
14.573677873256587034234144084621	10.203928870797776440326742886100
12.692032469853581133634179423098	13.032275571946414061130781192333
12.506715394212085001868217659649	13.563159808069041645239849458449
12.895196517691831061824814241845	19.364067478517270615157030988485
12.380896686599120570804188901093	9.522441371549499322668452805374
14.768171414569730259813695738558	10.985868969394338989786774618551
9.300079023816003598312818212435	15.728654463463213275531416002195
14.662555661609529167321852582972	10.167506550992728264759534795303
9.446864479860504815178501303308	2.919237199159591789054957189364
16.039656197086696209908041055314	14.120535095652224200080127047841
4.891765419173801809904489346081	15.541313376461655337834599777125
1.655635722261577180702829537040	14.864630198062762644894974073395
13.596243868005743138382968027145	12.209703638685644122574558423366
13.150273894781943084808517596684	2.811100719120292801278537808685
13.773515616474076850295205076691	2.819584007148755677718554579769
10.533152077709031502195102802943	8.678146049719538623890002781991
15.150733439353082587786047952250	19.142379802901999141795386094600
1.056355690421832083103481636499	2.172408956208462527115443663206
19.198026831158209404293302213773	18.699568482278607461921637877822
10.084435413918063417781922908034	7.419101446952727663131099689053
19.010312180950911908894340740517	10.145357912771542530094848189037
12.298163994575821433841156249400	6.677660751002550298949245188851
11.056496722462044957069338124711	14.717001855944760180250341363717
0.569707460663497755604112171568	3.430455955556602098965868208325
7.454529521696358074223098810762	13.876009706361367435079046117608
5.315776939401514411542848392855	10.073634632586463411030308634508
10.901882700811448501099221175537	15.762908735460056774968506942969
11.354108797919458595515607157722	8.598429720470386783404137531761
8.111555693995960325537453172728	3.079248759832796444868563412456
4.791513094148593054910634236876	18.361494411997881570641766302288
13.246136296550220734502545383293	4.545477118027127616528559883591
15.768499902390221478754028794356	12.669135391662516454402975796256
12.035163751881865934478810231667	12.787510593582849693916614342015
8.378999907550667813893596758135	14.497916670540575978520791977644
5.829730189577913002096920536133	9.778935280031488375129811174702
12.955923722097388406382378889248	13.138321462112642734609835315496
