75
12.595420495944019023681903490797	9.629245713887808477693397435360
9.818525443631557436674484051764	13.078923372179810158399959618691
13.008324184561901759593638416845	14.124442270124559328792201995384
2.611187112277939981197505403543	19.413504415294585925266801496036
1.590029274565617933845373954682	10.069517797648172674485067545902
0.417756105810921374299482522474	7.780175008162203198480710852891
1.732068456348669016620078764390	8.702956787999916343778750160709
9.957099335755728475305659230798	19.314241017316557957883560447954
8.558255478794389858876456855796	6.014687069763141380462911911309
18.850903078255527134388103149831	7.380381154529526810392781044357
10.840488194005597932800810667686	11.849897948279100035051669692621
0.451461229704925415262550814077	1.906194193950917936675182318140
7.951112592972254589085423504002	0.331948244315368290457968214469
19.177848588161484855163507745601	12.886347524882284076852556609083
17.999071309684619990321152727120	5.150746672296215855624268442625
11.886725463606991226583886600565	2.760026301997454467596071481239
9.185724250858061878943772171624	14.140055260539440951106371358037
11.187609941150881809335260186344	12.308765098650944480596081120893
0.644567285799557243564095188049	2.762147683727736335868030437268
11.636854704587564768303309392650	3.897845853511884506303886155365
8.293155866670076648006215691566	17.885669316268181461282438249327
8.131486326739981507216725731269	17.719654268730277379972903872840
14.909305764913918679326343408320	6.468223121754338222899605170824
10.539216573947539856703770055901	2.078939402733382735277700703591
13.971282830810547892497197608463	14.040273772776240335247166513000
17.053387912294081019126679166220	6.068020708861856071791862632381
7.577852141836661559182175551541	16.180593799357328776977738016285
6.222809166241054512624941708054	13.403909375538766823865444166586
10.257654864868635868901947105769	8.472462467278035092022037133574
3.905046326255839694852056709351	6.419298636738588470507238525897
9.869655004767176720292809477542	8.364059037805020579980919137597
0.951871302675104224988444912015	10.479094422217034576760852360167
15.616311693916623326572334917728	5.115965932338598420869857363869
10.910522587709078123907602275722	6.114135242080013910026536905207
12.201521506960796514817957358900	16.615623474012913618480524746701
0.726105669132014019950815963966	9.890215156710269184259232133627
12.161494241578489905464266485069	9.306797456729251294405003136490
3.700284085526349464601025829324	14.539174067461301476100743457209
11.995556221271909791425969160628	11.319296602447085575704477378167
10.209935457326066554628596350085	4.852997179428709451087797788205
12.733704301128531355402628832962	4.859025775049081730116995458957
18.452718555365308361615461762995	13.971196378589253228597044653725
8.103295169856679081021866295487	12.424977085171938995245000114664
18.399334493355752329080132767558	19.307847029783793857404816662893
5.760232218933127867899202101398	11.634960246004729000901534163859
7.731524616841086050555986730615	12.046202116679790350417533772998
15.069625272250297243203931429889	7.360451583512676698717314138776
12.340883721833922237465230864473	7.149321610049735653547031688504
7.545370545693600661252276040614	0.552607578849590552749759808648
15.454893284579576118176191812381	17.974075971982575339325194363482
4.536331285404636481928264402086	4.974525456541286416722869034857
14.077690168357859690217992465477	6.329088967791212105851172964321
10.716724837207109999326348770410	12.162091497091477521053093369119
10.753106487090501985903756576590	12.874839260014306674406725505833
5.227858016967452670087368460372	4.384023980013753707396517711459
12.921253593209716115097762667574	11.114757281964219970404883497395
17.955587301047049919588971533813	6.440871552712939873686082137283
17.951269815904971949294122168794	10.381816083034964393050358921755
6.511636799396748109813870541984	2.508468001903617849990268950933
12.541073833150599980967854207847	10.751050712398631858945918793324
4.500882773796368141461243794765	17.082124017883323574551468482241
3.033023916877588543883348393138	15.283689422951191261290659895167
10.898341318689023893284684163518	12.180368184179151569423993350938
11.530388097094638411022060608957	11.094074143711218027874565450475
4.526524403456969380954433290754	0.329529061079736562689390666492
7.631662932524162279435131495120	14.032342055056812313296177308075
12.250531834934408337289823975880	4.434232940028238978413810400525
9.101143036663755125914576638024	6.241462719138482384551025461406
16.854779259183871431559964548796	7.838932698227802475798853265587
10.497835253570750424501056841109	15.363819690978674614711962931324
7.159802388715409193764571682550	2.756869365162919027767429724918
4.489643272984578104001229803544	6.950659897453281388379764393903
14.455963300809754557008091069292	5.739251040272737469649655395187
6.135996316200103883886640687706	6.648578920505325839940269361250
13.317979282984452993332524783909	6.313501367789572604749537276803
12.601305415388623032413306646049	13.906211294927777188945583475288
18.065879199140997712902390048839	0.905127018058855981053056893870
5.718309306865546837173042149516	0.478978716231282630744203743234
6.592679835609890126590926229255	10.848216887976430911066927365027
18.781461736612826030068390537053	19.387540784159067897007844294421
18.191168987459938932715886039659	2.282002646633567444212076225085
9.259840626147685327396175125614	3.212153151157606689736212501884
14.679487577702175826743768993765	19.443143224389196177526173414662
14.300044436023373606303721317090	8.566845518377689927547180559486
10.741794786831068364563179784454	4.341419729624147016977531166049
18.945259757166663661109851091169	10.293871174075160723759836400859
15.275860715718447835342885809951	14.783730489533056129403121303767
3.812441475611404673173865376157	3.730092738860045553650479632779
4.459957954836190729963618650800	6.509852240812906032374485221226
15.597082621810471891876659356058	5.921001577132955162596772424877
5.217969263327711715305667894427	11.807622469848420010407608060632
5.019585842417624732547665189486	14.320798019305440718085264961701
16.285675774382902147863205755129	13.438389411957871288905153051019
2.027795741233492154975692756125	1.849711759416120759880186597002
0.143123222762742585700834752060	19.541448349354386238019287702627
18.405121807692690794056034064852	9.536349678130825680000270949677
16.980987989294234807857719715685	13.592769828515764984899760747794
12.382373909572354619967882172205	5.361597395476326077812245785026
7.016863144359644088865479716333	6.835780285030629954690084559843
6.860507368639588321457267738879	3.978201232888855187752596975770
12.366759394073024935778448707424	8.276085700214343532366001454648
7.912608657148755497701131389476	17.735918169227609553217916982248
10.648501847359119309999186953064	17.639220584576651873476293985732
16.935383308837533178348166984506	16.878349719717469668012199690565
11.467862774766546252180887677241	2.547866773672284423923883878160
12.875894529820309131196154339705	1.083450668236866976101850923442
13.099015215435240833130592363887	7.568786072876755532945480808849
3.523561322161916642414780653780	16.679009339121673605177420540713
11.639491832613554578301773290150	9.956267219242286969915767258499
5.943084133355552189925674611004	16.976156711012944100502863875590
3.866048621758250369850884453626	5.478468123020960867108897218714
1.535604771614258456935431240709	13.492250975274787450075564265717
11.097368551191172159064990410116	7.419363932378485237961740494939
2.205224593192085524862022793968	14.436219855543608758807749836706
9.683369587281662305144891433883	17.067653489235976138616024400108
7.515193858130586157528796320548	17.396993147336640817002262338065
7.242375334343614134979816299165	3.635220748080008501545989929582
5.032198975765835413653803698253	3.560060190903959309594029036816
9.064483375221998429083214432467	2.872701490662155965338797614095
18.536559609248964619609978399239	11.572643599496919009084194840398
10.217123721536781388863346364815	18.776206969155886383759934687987
11.732643818291206727622011385392	18.945750672620185639516421360895
15.251021787198231649540502985474	5.894580148214171977372188848676
12.347629425431465577389644749928	7.992751398571566134876320575131
6.559335636769472621665499900701	12.256749522095187643344615935348
